        0.02000000         1.55747042        -0.02018043         0.00012497         0.00000239
        0.06000000         1.55718523        -0.05023734         0.00012484         0.00000483
        0.10000000         1.55898847        -0.07763499         0.00012497         0.00000671
        0.14000000         1.56148939        -0.10377031         0.00012513         0.00000849
        0.18000000         1.56449370        -0.12899457         0.00012536         0.00001015
        0.22000000         1.56801511        -0.15329001         0.00012566         0.00001164
        0.26000000         1.57206350        -0.17661076         0.00012603         0.00001298
        0.30000000         1.57662446        -0.19893184         0.00012647         0.00001416
        0.34000000         1.58166725        -0.22024621         0.00012696         0.00001520
        0.38000000         1.58715259        -0.24055787         0.00012750         0.00001611
        0.42000000         1.59303751        -0.25987757         0.00012808         0.00001689
        0.46000000         1.59927807        -0.27822052         0.00012867         0.00001756
        0.50000000         1.60583078        -0.29560525         0.00012928         0.00001813
        0.54000000         1.61265348        -0.31205302         0.00012989         0.00001859
        0.58000000         1.61970586        -0.32758739         0.00013048         0.00001897
        0.62000000         1.62694976        -0.34223399         0.00013106         0.00001927
        0.66000000         1.63434938        -0.35602019         0.00013162         0.00001949
        0.70000000         1.64187143        -0.36897487         0.00013215         0.00001964
        0.74000000         1.64948519        -0.38112808         0.00013265         0.00001974
        0.78000000         1.65716253        -0.39251079         0.00013311         0.00001978
        0.82000000         1.66487789        -0.40315456         0.00013353         0.00001978
        0.86000000         1.67260825        -0.41309128         0.00013392         0.00001974
        0.90000000         1.68033301        -0.42235288         0.00013426         0.00001967
        0.94000000         1.68803392        -0.43097110         0.00013457         0.00001956
        0.98000000         1.69569490        -0.43897729         0.00013483         0.00001944
        1.02000000         1.70330195        -0.44640219         0.00013506         0.00001929
        1.06000000         1.71084297        -0.45327581         0.00013525         0.00001913
        1.10000000         1.71830760        -0.45962730         0.00013540         0.00001895
        1.14000000         1.72568711        -0.46548482         0.00013552         0.00001877
        1.18000000         1.73297419        -0.47087552         0.00013561         0.00001857
        1.22000000         1.74016286        -0.47582544         0.00013566         0.00001838
        1.26000000         1.74724829        -0.48035953         0.00013569         0.00001818
        1.30000000         1.75422670        -0.48450157         0.00013569         0.00001798
        1.34000000         1.76109523        -0.48827423         0.00013567         0.00001778
        1.38000000         1.76785181        -0.49169906         0.00013562         0.00001758
        1.42000000         1.77449508        -0.49479648         0.00013556         0.00001739
        1.46000000         1.78102429        -0.49758586         0.00013547         0.00001720
        1.50000000         1.78743924        -0.50008551         0.00013537         0.00001701
        1.54000000         1.79374013        -0.50231274         0.00013525         0.00001683
        1.58000000         1.79992759        -0.50428389         0.00013512         0.00001665
        1.62000000         1.80600255        -0.50601437         0.00013498         0.00001648
        1.66000000         1.81196621        -0.50751871         0.00013483         0.00001631
        1.70000000         1.81782001        -0.50881061         0.00013466         0.00001615
        1.74000000         1.82356554        -0.50990295         0.00013449         0.00001599
        1.78000000         1.82920456        -0.51080788         0.00013431         0.00001584
        1.82000000         1.83473895        -0.51153680         0.00013412         0.00001570
        1.86000000         1.84017066        -0.51210048         0.00013393         0.00001556
        1.90000000         1.84550170        -0.51250901         0.00013374         0.00001542
        1.94000000         1.85073416        -0.51277190         0.00013354         0.00001529
        1.98000000         1.85587011        -0.51289811         0.00013334         0.00001517
        2.02000000         1.86091166        -0.51289604         0.00013313         0.00001505
        2.06000000         1.86586093        -0.51277360         0.00013293         0.00001493
        2.10000000         1.87072000        -0.51253825         0.00013272         0.00001482
        2.14000000         1.87549096        -0.51219697         0.00013251         0.00001472
        2.18000000         1.88017587        -0.51175637         0.00013230         0.00001461
        2.22000000         1.88477674        -0.51122265         0.00013210         0.00001451
        2.26000000         1.88929557        -0.51060163         0.00013189         0.00001442
        2.30000000         1.89373431        -0.50989880         0.00013168         0.00001433
        2.34000000         1.89809486        -0.50911935         0.00013148         0.00001424
        2.38000000         1.90237910        -0.50826814         0.00013128         0.00001415
        2.42000000         1.90658885        -0.50734974         0.00013108         0.00001407
        2.46000000         1.91072588        -0.50636849         0.00013088         0.00001399
        2.50000000         1.91479192        -0.50532845         0.00013068         0.00001392
        2.54000000         1.91878866        -0.50423345         0.00013049         0.00001384
        2.58000000         1.92271773        -0.50308710         0.00013030         0.00001377
        2.62000000         1.92658074        -0.50189282         0.00013011         0.00001370
        2.66000000         1.93037922        -0.50065381         0.00012992         0.00001364
        2.70000000         1.93411467        -0.49937310         0.00012974         0.00001357
        2.74000000         1.93778856        -0.49805354         0.00012956         0.00001351
        2.78000000         1.94140231        -0.49669784         0.00012938         0.00001345
        2.82000000         1.94495728        -0.49530853         0.00012921         0.00001339
        2.86000000         1.94845481        -0.49388800         0.00012904         0.00001333
        2.90000000         1.95189621        -0.49243853         0.00012887         0.00001327
        2.94000000         1.95528272        -0.49096225         0.00012871         0.00001322
        2.98000000         1.95861556        -0.48946118         0.00012855         0.00001317
        3.02000000         1.96189593        -0.48793721         0.00012839         0.00001311
        3.06000000         1.96512497        -0.48639215         0.00012823         0.00001306
        3.10000000         1.96830379        -0.48482769         0.00012808         0.00001301
        3.14000000         1.97143348        -0.48324544         0.00012793         0.00001297
        3.18000000         1.97451510        -0.48164692         0.00012779         0.00001292
        3.22000000         1.97754966        -0.48003354         0.00012765         0.00001287
        3.26000000         1.98053816        -0.47840667         0.00012751         0.00001283
        3.30000000         1.98348156        -0.47676757         0.00012737         0.00001278
        3.34000000         1.98638081        -0.47511746         0.00012724         0.00001274
        3.38000000         1.98923681        -0.47345748         0.00012711         0.00001270
        3.42000000         1.99205045        -0.47178869         0.00012698         0.00001266
        3.46000000         1.99482259        -0.47011212         0.00012686         0.00001261
        3.50000000         1.99755408        -0.46842872         0.00012673         0.00001257
        3.54000000         2.00024572        -0.46673940         0.00012662         0.00001253
        3.58000000         2.00289832        -0.46504502         0.00012650         0.00001250
        3.62000000         2.00551263        -0.46334639         0.00012639         0.00001246
        3.66000000         2.00808943        -0.46164427         0.00012628         0.00001242
        3.70000000         2.01062944        -0.45993938         0.00012617         0.00001238
        3.74000000         2.01313336        -0.45823240         0.00012607         0.00001234
        3.78000000         2.01560191        -0.45652399         0.00012596         0.00001231
        3.82000000         2.01803575        -0.45481473         0.00012586         0.00001227
        3.86000000         2.02043555        -0.45310521         0.00012577         0.00001224
        3.90000000         2.02280195        -0.45139597         0.00012567         0.00001220
        3.94000000         2.02513558        -0.44968752         0.00012558         0.00001217
        3.98000000         2.02743704        -0.44798033         0.00012549         0.00001213
        4.02000000         2.02970695        -0.44627486         0.00012540         0.00001210
        4.06000000         2.03194587        -0.44457154         0.00012531         0.00001206
        4.10000000         2.03415438        -0.44287076         0.00012523         0.00001203
        4.14000000         2.03633303        -0.44117292         0.00012515         0.00001200
        4.18000000         2.03848236        -0.43947836         0.00012507         0.00001196
        4.22000000         2.04060291        -0.43778742         0.00012499         0.00001193
        4.26000000         2.04269518        -0.43610042         0.00012492         0.00001190
        4.30000000         2.04475968        -0.43441765         0.00012484         0.00001187
        4.34000000         2.04679691        -0.43273940         0.00012477         0.00001184
        4.38000000         2.04880734        -0.43106591         0.00012470         0.00001180
        4.42000000         2.05079145        -0.42939745         0.00012464         0.00001177
        4.46000000         2.05274970        -0.42773423         0.00012457         0.00001174
        4.50000000         2.05468252        -0.42607648         0.00012451         0.00001171
        4.54000000         2.05659037        -0.42442440         0.00012445         0.00001168
        4.58000000         2.05847367        -0.42277817         0.00012438         0.00001165
        4.62000000         2.06033284        -0.42113798         0.00012433         0.00001162
        4.66000000         2.06216829        -0.41950398         0.00012427         0.00001159
        4.70000000         2.06398043        -0.41787633         0.00012421         0.00001156
        4.74000000         2.06576964        -0.41625517         0.00012416         0.00001153
        4.78000000         2.06753630        -0.41464063         0.00012411         0.00001150
        4.82000000         2.06928080        -0.41303285         0.00012405         0.00001147
        4.86000000         2.07100351        -0.41143192         0.00012401         0.00001144
        4.90000000         2.07270478        -0.40983797         0.00012396         0.00001141
        4.94000000         2.07438496        -0.40825107         0.00012391         0.00001138
        4.98000000         2.07604440        -0.40667134         0.00012386         0.00001135
        5.02000000         2.07768344        -0.40509883         0.00012382         0.00001132
        5.06000000         2.07930240        -0.40353364         0.00012378         0.00001129
        5.10000000         2.08090162        -0.40197583         0.00012373         0.00001126
        5.14000000         2.08248141        -0.40042546         0.00012369         0.00001123
        5.18000000         2.08404208        -0.39888258         0.00012365         0.00001120
        5.22000000         2.08558393        -0.39734726         0.00012362         0.00001117
        5.26000000         2.08710726        -0.39581953         0.00012358         0.00001114
        5.30000000         2.08861237        -0.39429943         0.00012354         0.00001112
        5.34000000         2.09009953        -0.39278700         0.00012351         0.00001109
        5.38000000         2.09156904        -0.39128227         0.00012347         0.00001106
        5.42000000         2.09302116        -0.38978527         0.00012344         0.00001103
        5.46000000         2.09445617        -0.38829601         0.00012341         0.00001100
        5.50000000         2.09587433        -0.38681452         0.00012338         0.00001097
        5.54000000         2.09727590        -0.38534081         0.00012335         0.00001094
        5.58000000         2.09866113        -0.38387490         0.00012332         0.00001092
        5.62000000         2.10003027        -0.38241678         0.00012329         0.00001089
        5.66000000         2.10138356        -0.38096647         0.00012326         0.00001086
        5.70000000         2.10272126        -0.37952396         0.00012324         0.00001083
        5.74000000         2.10404358        -0.37808926         0.00012321         0.00001080
        5.78000000         2.10535076        -0.37666237         0.00012318         0.00001077
        5.82000000         2.10664303        -0.37524327         0.00012316         0.00001075
        5.86000000         2.10792060        -0.37383195         0.00012314         0.00001072
        5.90000000         2.10918371        -0.37242841         0.00012311         0.00001069
        5.94000000         2.11043255        -0.37103264         0.00012309         0.00001066
        5.98000000         2.11166734        -0.36964461         0.00012307         0.00001063
        6.02000000         2.11288829        -0.36826432         0.00012305         0.00001061
        6.06000000         2.11409559        -0.36689174         0.00012303         0.00001058
        6.10000000         2.11528945        -0.36552685         0.00012301         0.00001055
        6.14000000         2.11647006        -0.36416963         0.00012299         0.00001052
        6.18000000         2.11763761        -0.36282007         0.00012297         0.00001050
        6.22000000         2.11879228        -0.36147812         0.00012296         0.00001047
        6.26000000         2.11993427        -0.36014377         0.00012294         0.00001044
        6.30000000         2.12106375        -0.35881700         0.00012292         0.00001041
        6.34000000         2.12218090        -0.35749776         0.00012291         0.00001039
        6.38000000         2.12328589        -0.35618604         0.00012289         0.00001036
        6.42000000         2.12437890        -0.35488179         0.00012288         0.00001033
        6.46000000         2.12546010        -0.35358500         0.00012286         0.00001030
        6.50000000         2.12652964        -0.35229563         0.00012285         0.00001028
        6.54000000         2.12758770        -0.35101364         0.00012284         0.00001025
        6.58000000         2.12863443        -0.34973901         0.00012282         0.00001022
        6.62000000         2.12966998        -0.34847168         0.00012281         0.00001019
        6.66000000         2.13069452        -0.34721165         0.00012280         0.00001017
        6.70000000         2.13170819        -0.34595885         0.00012279         0.00001014
        6.74000000         2.13271114        -0.34471327         0.00012278         0.00001011
        6.78000000         2.13370353        -0.34347485         0.00012276         0.00001009
        6.82000000         2.13468548        -0.34224357         0.00012275         0.00001006
        6.86000000         2.13565714        -0.34101939         0.00012274         0.00001003
        6.90000000         2.13661866        -0.33980227         0.00012274         0.00001001
        6.94000000         2.13757017        -0.33859216         0.00012273         0.00000998
        6.98000000         2.13851180        -0.33738904         0.00012272         0.00000995
        7.02000000         2.13944369        -0.33619286         0.00012271         0.00000993
        7.06000000         2.14036595        -0.33500357         0.00012270         0.00000990
        7.10000000         2.14127874        -0.33382115         0.00012269         0.00000987
        7.14000000         2.14218215        -0.33264556         0.00012269         0.00000985
        7.18000000         2.14307633        -0.33147674         0.00012268         0.00000982
        7.22000000         2.14396140        -0.33031466         0.00012267         0.00000979
        7.26000000         2.14483746        -0.32915929         0.00012266         0.00000977
        7.30000000         2.14570465        -0.32801057         0.00012266         0.00000974
        7.34000000         2.14656306        -0.32686847         0.00012265         0.00000971
        7.38000000         2.14741283        -0.32573295         0.00012265         0.00000969
        7.42000000         2.14825406        -0.32460397         0.00012264         0.00000966
        7.46000000         2.14908686        -0.32348148         0.00012264         0.00000964
        7.50000000         2.14991133        -0.32236545         0.00012263         0.00000961
        7.54000000         2.15072759        -0.32125583         0.00012263         0.00000958
        7.58000000         2.15153575        -0.32015259         0.00012262         0.00000956
        7.62000000         2.15233589        -0.31905567         0.00012262         0.00000953
        7.66000000         2.15312813        -0.31796505         0.00012261         0.00000951
        7.70000000         2.15391256        -0.31688068         0.00012261         0.00000948
        7.74000000         2.15468929        -0.31580252         0.00012261         0.00000946
        7.78000000         2.15545841        -0.31473053         0.00012260         0.00000943
        7.82000000         2.15622001        -0.31366466         0.00012260         0.00000940
        7.86000000         2.15697419        -0.31260488         0.00012260         0.00000938
        7.90000000         2.15772105        -0.31155115         0.00012259         0.00000935
        7.94000000         2.15846066        -0.31050343         0.00012259         0.00000933
        7.98000000         2.15919313        -0.30946167         0.00012259         0.00000930
