-25.000000000000   0.002424557764
-24.980000000000   0.004286810934
-24.960000000000   0.004351101259
-24.940000000000   0.004406616524
-24.920000000000   0.004471275007
-24.900000000000   0.004353046882
-24.880000000000   0.004372265722
-24.860000000000   0.004465954530
-24.840000000000   0.004471252875
-24.820000000000   0.004382941751
-24.800000000000   0.004406716724
-24.780000000000   0.004424274719
-24.760000000000   0.004411365500
-24.740000000000   0.004499840499
-24.720000000000   0.004491132006
-24.700000000000   0.004377962390
-24.680000000000   0.004500379047
-24.660000000000   0.004502450265
-24.640000000000   0.004501446307
-24.620000000000   0.004511209236
-24.600000000000   0.004475469758
-24.580000000000   0.004492254974
-24.560000000000   0.004409067243
-24.540000000000   0.004393448836
-24.520000000000   0.004454965190
-24.500000000000   0.004433059432
-24.480000000000   0.004459294666
-24.460000000000   0.004425087292
-24.440000000000   0.004455200850
-24.420000000000   0.004438794451
-24.400000000000   0.004501217892
-24.380000000000   0.004559033641
-24.360000000000   0.004502571666
-24.340000000000   0.004652649936
-24.320000000000   0.004440348615
-24.300000000000   0.004419722732
-24.280000000000   0.004468534034
-24.260000000000   0.004462399119
-24.240000000000   0.004469258536
-24.220000000000   0.004398234652
-24.200000000000   0.004583141300
-24.180000000000   0.004540610114
-24.160000000000   0.004417641056
-24.140000000000   0.004491634786
-24.120000000000   0.004605004446
-24.100000000000   0.004609740423
-24.080000000000   0.004574564360
-24.060000000000   0.004585309812
-24.040000000000   0.004503575809
-24.020000000000   0.004553372830
-24.000000000000   0.004503463396
-23.980000000000   0.004535923927
-23.960000000000   0.004455368133
-23.940000000000   0.004573877275
-23.920000000000   0.004499222039
-23.900000000000   0.004565690050
-23.880000000000   0.004545308094
-23.860000000000   0.004602688383
-23.840000000000   0.004599552525
-23.820000000000   0.004515509059
-23.800000000000   0.004672960023
-23.780000000000   0.004547775697
-23.760000000000   0.004652891173
-23.740000000000   0.004578337215
-23.720000000000   0.004617744969
-23.700000000000   0.004531816272
-23.680000000000   0.004575822557
-23.660000000000   0.004602315069
-23.640000000000   0.004621923288
-23.620000000000   0.004661227885
-23.600000000000   0.004567354550
-23.580000000000   0.004577851384
-23.560000000000   0.004669824955
-23.540000000000   0.004568178256
-23.520000000000   0.004524777280
-23.500000000000   0.004643023024
-23.480000000000   0.004601913057
-23.460000000000   0.004595304839
-23.440000000000   0.004709881400
-23.420000000000   0.004727172152
-23.400000000000   0.004663179235
-23.380000000000   0.004533837280
-23.360000000000   0.004680852802
-23.340000000000   0.004663204856
-23.320000000000   0.004703984761
-23.300000000000   0.004632255916
-23.280000000000   0.004673300395
-23.260000000000   0.004669806629
-23.240000000000   0.004666359668
-23.220000000000   0.004603096611
-23.200000000000   0.004672513806
-23.180000000000   0.004682505212
-23.160000000000   0.004611501394
-23.140000000000   0.004699333932
-23.120000000000   0.004524815953
-23.100000000000   0.004679598841
-23.080000000000   0.004640562412
-23.060000000000   0.004637447778
-23.040000000000   0.004728418151
-23.020000000000   0.004768235881
-23.000000000000   0.004631965119
-22.980000000000   0.004834583210
-22.960000000000   0.004679114600
-22.940000000000   0.004627774162
-22.920000000000   0.004691829353
-22.900000000000   0.004652320429
-22.880000000000   0.004721830305
-22.860000000000   0.004776233510
-22.840000000000   0.004742835930
-22.820000000000   0.004802555496
-22.800000000000   0.004754049784
-22.780000000000   0.004793323425
-22.760000000000   0.004697132695
-22.740000000000   0.004819929922
-22.720000000000   0.004811792282
-22.700000000000   0.004745340502
-22.680000000000   0.004784824897
-22.660000000000   0.004876969252
-22.640000000000   0.004825330739
-22.620000000000   0.004651225391
-22.600000000000   0.004674281475
-22.580000000000   0.004830923231
-22.560000000000   0.004788229703
-22.540000000000   0.004837356366
-22.520000000000   0.004849501085
-22.500000000000   0.004791985944
-22.480000000000   0.004767110661
-22.460000000000   0.004790674359
-22.440000000000   0.004757666372
-22.420000000000   0.004859425139
-22.400000000000   0.004869028044
-22.380000000000   0.004853748271
-22.360000000000   0.004839684302
-22.340000000000   0.004808209166
-22.320000000000   0.004823153890
-22.300000000000   0.004865973706
-22.280000000000   0.004766011508
-22.260000000000   0.004864849850
-22.240000000000   0.004813132566
-22.220000000000   0.004797398986
-22.200000000000   0.004877937189
-22.180000000000   0.004742026221
-22.160000000000   0.004822427177
-22.140000000000   0.004979589568
-22.120000000000   0.004857414919
-22.100000000000   0.004783251725
-22.080000000000   0.004845045251
-22.060000000000   0.004853145693
-22.040000000000   0.004968783939
-22.020000000000   0.004885171825
-22.000000000000   0.004907458137
-21.980000000000   0.004984325824
-21.960000000000   0.004916822203
-21.940000000000   0.004854264920
-21.920000000000   0.004971935561
-21.900000000000   0.004854740741
-21.880000000000   0.004891349895
-21.860000000000   0.004899484900
-21.840000000000   0.004926392391
-21.820000000000   0.005031651616
-21.800000000000   0.004891367791
-21.780000000000   0.004861342343
-21.760000000000   0.004929471124
-21.740000000000   0.004896651966
-21.720000000000   0.004915970926
-21.700000000000   0.004907185201
-21.680000000000   0.004940179791
-21.660000000000   0.004975127492
-21.640000000000   0.004957893540
-21.620000000000   0.004944138841
-21.600000000000   0.004999857138
-21.580000000000   0.004961810646
-21.560000000000   0.004923879394
-21.540000000000   0.005047421240
-21.520000000000   0.005001369987
-21.500000000000   0.004955461008
-21.480000000000   0.004934837696
-21.460000000000   0.005077470191
-21.440000000000   0.005012157076
-21.420000000000   0.004977774658
-21.400000000000   0.004944591865
-21.380000000000   0.005033386466
-21.360000000000   0.005057061713
-21.340000000000   0.004946474849
-21.320000000000   0.005096526641
-21.300000000000   0.005030507070
-21.280000000000   0.005110497550
-21.260000000000   0.005106550193
-21.240000000000   0.005006382556
-21.220000000000   0.005008731164
-21.200000000000   0.005118650614
-21.180000000000   0.005101520993
-21.160000000000   0.005085889143
-21.140000000000   0.005038630948
-21.120000000000   0.005154136874
-21.100000000000   0.005187860620
-21.080000000000   0.004993708254
-21.060000000000   0.005020279159
-21.040000000000   0.005081849720
-21.020000000000   0.005041632624
-21.000000000000   0.005051930785
-20.980000000000   0.005126590981
-20.960000000000   0.005068647313
-20.940000000000   0.005117849392
-20.920000000000   0.005084403287
-20.900000000000   0.005128139857
-20.880000000000   0.005082958688
-20.860000000000   0.005154755771
-20.840000000000   0.005099444809
-20.820000000000   0.005151234711
-20.800000000000   0.005161171587
-20.780000000000   0.005154179740
-20.760000000000   0.005136439797
-20.740000000000   0.005144002947
-20.720000000000   0.005176889010
-20.700000000000   0.005219241543
-20.680000000000   0.005121071367
-20.660000000000   0.005114176127
-20.640000000000   0.005120771414
-20.620000000000   0.005221987854
-20.600000000000   0.005145072924
-20.580000000000   0.005272350044
-20.560000000000   0.005245124242
-20.540000000000   0.005233340149
-20.520000000000   0.005199995123
-20.500000000000   0.005218165548
-20.480000000000   0.005258225072
-20.460000000000   0.005257913972
-20.440000000000   0.005299441800
-20.420000000000   0.005260012711
-20.400000000000   0.005247157310
-20.380000000000   0.005300622793
-20.360000000000   0.005187546150
-20.340000000000   0.005227583195
-20.320000000000   0.005258262744
-20.300000000000   0.005280138613
-20.280000000000   0.005301608695
-20.260000000000   0.005197652912
-20.240000000000   0.005273724759
-20.220000000000   0.005350259631
-20.200000000000   0.005343694493
-20.180000000000   0.005259584955
-20.160000000000   0.005244497987
-20.140000000000   0.005264734369
-20.120000000000   0.005340496207
-20.100000000000   0.005359359917
-20.080000000000   0.005309845422
-20.060000000000   0.005342245221
-20.040000000000   0.005443049736
-20.020000000000   0.005243178425
-20.000000000000   0.005190810895
-19.980000000000   0.005371315600
-19.960000000000   0.005395460774
-19.940000000000   0.005212708874
-19.920000000000   0.005402032138
-19.900000000000   0.005357816235
-19.880000000000   0.005376055716
-19.860000000000   0.005318174669
-19.840000000000   0.005361546195
-19.820000000000   0.005486446956
-19.800000000000   0.005364093770
-19.780000000000   0.005397262383
-19.760000000000   0.005406380959
-19.740000000000   0.005491364954
-19.720000000000   0.005465292060
-19.700000000000   0.005497210488
-19.680000000000   0.005538332078
-19.660000000000   0.005487921920
-19.640000000000   0.005433898760
-19.620000000000   0.005440213682
-19.600000000000   0.005514557801
-19.580000000000   0.005436877541
-19.560000000000   0.005518711971
-19.540000000000   0.005467700400
-19.520000000000   0.005515044768
-19.500000000000   0.005502277698
-19.480000000000   0.005506675893
-19.460000000000   0.005456419566
-19.440000000000   0.005554315667
-19.420000000000   0.005590449106
-19.400000000000   0.005631322893
-19.380000000000   0.005565779052
-19.360000000000   0.005538597715
-19.340000000000   0.005606128343
-19.320000000000   0.005614160187
-19.300000000000   0.005591238201
-19.280000000000   0.005554743861
-19.260000000000   0.005582341249
-19.240000000000   0.005510463130
-19.220000000000   0.005481623258
-19.200000000000   0.005686561562
-19.180000000000   0.005708631880
-19.160000000000   0.005611230686
-19.140000000000   0.005615455201
-19.120000000000   0.005678533869
-19.100000000000   0.005633489834
-19.080000000000   0.005706868107
-19.060000000000   0.005640579416
-19.040000000000   0.005639233514
-19.020000000000   0.005609944554
-19.000000000000   0.005672743757
-18.980000000000   0.005722548468
-18.960000000000   0.005710765010
-18.940000000000   0.005627674129
-18.920000000000   0.005612087655
-18.900000000000   0.005671632155
-18.880000000000   0.005641347758
-18.860000000000   0.005736138934
-18.840000000000   0.005703202137
-18.820000000000   0.005718245678
-18.800000000000   0.005742060522
-18.780000000000   0.005692524932
-18.760000000000   0.005671185934
-18.740000000000   0.005784456696
-18.720000000000   0.005782091186
-18.700000000000   0.005845080389
-18.680000000000   0.005800344290
-18.660000000000   0.005818736031
-18.640000000000   0.005709811975
-18.620000000000   0.005810944521
-18.600000000000   0.005782952666
-18.580000000000   0.005815604803
-18.560000000000   0.005807853786
-18.540000000000   0.005871839905
-18.520000000000   0.005837641967
-18.500000000000   0.005884031434
-18.480000000000   0.005972132275
-18.460000000000   0.005935407126
-18.440000000000   0.005900988060
-18.420000000000   0.005884100376
-18.400000000000   0.005946344276
-18.380000000000   0.005852784469
-18.360000000000   0.005889950975
-18.340000000000   0.005834091932
-18.320000000000   0.006000284771
-18.300000000000   0.005888273682
-18.280000000000   0.005940802044
-18.260000000000   0.005872143484
-18.240000000000   0.005927630915
-18.220000000000   0.005926337111
-18.200000000000   0.005984856608
-18.180000000000   0.005987848443
-18.160000000000   0.006042312003
-18.140000000000   0.006026748721
-18.120000000000   0.006002512330
-18.100000000000   0.005930168854
-18.080000000000   0.006053050595
-18.060000000000   0.005975559663
-18.040000000000   0.005883507649
-18.020000000000   0.005948072994
-18.000000000000   0.006030829158
-17.980000000000   0.006058369174
-17.960000000000   0.006137072864
-17.940000000000   0.006040450386
-17.920000000000   0.006071586399
-17.900000000000   0.006146339099
-17.880000000000   0.006196085752
-17.860000000000   0.006093514917
-17.840000000000   0.006154275771
-17.820000000000   0.006219329139
-17.800000000000   0.006120346473
-17.780000000000   0.006165890460
-17.760000000000   0.006140472691
-17.740000000000   0.006141198830
-17.720000000000   0.006186963502
-17.700000000000   0.006188209942
-17.680000000000   0.006140783257
-17.660000000000   0.006094835425
-17.640000000000   0.006238520765
-17.620000000000   0.006075844780
-17.600000000000   0.006308713106
-17.580000000000   0.006257569455
-17.560000000000   0.006287243751
-17.540000000000   0.006311077415
-17.520000000000   0.006250845926
-17.500000000000   0.006258194955
-17.480000000000   0.006281676605
-17.460000000000   0.006317367722
-17.440000000000   0.006410560373
-17.420000000000   0.006325297791
-17.400000000000   0.006294194838
-17.380000000000   0.006443865893
-17.360000000000   0.006355358567
-17.340000000000   0.006422646609
-17.320000000000   0.006436022334
-17.300000000000   0.006231109179
-17.280000000000   0.006421144045
-17.260000000000   0.006478055249
-17.240000000000   0.006306242841
-17.220000000000   0.006537869824
-17.200000000000   0.006369244533
-17.180000000000   0.006420167590
-17.160000000000   0.006456635575
-17.140000000000   0.006470646510
-17.120000000000   0.006430960043
-17.100000000000   0.006494544334
-17.080000000000   0.006525717803
-17.060000000000   0.006453949428
-17.040000000000   0.006544177269
-17.020000000000   0.006513296143
-17.000000000000   0.006532027390
-16.980000000000   0.006664869673
-16.960000000000   0.006547970817
-16.940000000000   0.006623271099
-16.920000000000   0.006519270324
-16.900000000000   0.006529648514
-16.880000000000   0.006625940550
-16.860000000000   0.006577643547
-16.840000000000   0.006703827687
-16.820000000000   0.006569508071
-16.800000000000   0.006711934642
-16.780000000000   0.006682766010
-16.760000000000   0.006735659832
-16.740000000000   0.006742767524
-16.720000000000   0.006674183494
-16.700000000000   0.006772851334
-16.680000000000   0.006702088412
-16.660000000000   0.006736818183
-16.640000000000   0.006788112102
-16.620000000000   0.006817183657
-16.600000000000   0.006768183373
-16.580000000000   0.006796166868
-16.560000000000   0.006737994044
-16.540000000000   0.006837008919
-16.520000000000   0.006887964982
-16.500000000000   0.006879986617
-16.480000000000   0.006877093203
-16.460000000000   0.006925627241
-16.440000000000   0.006979562154
-16.420000000000   0.006992331840
-16.400000000000   0.006992279006
-16.380000000000   0.006813029708
-16.360000000000   0.006956369679
-16.340000000000   0.006989810773
-16.320000000000   0.006919558680
-16.300000000000   0.007041687653
-16.280000000000   0.006987098181
-16.260000000000   0.007063798886
-16.240000000000   0.007065418325
-16.220000000000   0.006896998085
-16.200000000000   0.007048777834
-16.180000000000   0.006990836517
-16.160000000000   0.007196039613
-16.140000000000   0.007017138133
-16.120000000000   0.007131458989
-16.100000000000   0.007040292136
-16.080000000000   0.007084950320
-16.060000000000   0.007068939320
-16.040000000000   0.007121087953
-16.020000000000   0.007189986991
-16.000000000000   0.007158184354
-15.980000000000   0.007126871249
-15.960000000000   0.007050813833
-15.940000000000   0.007132814907
-15.920000000000   0.007094791902
-15.900000000000   0.007264747645
-15.880000000000   0.007312247308
-15.860000000000   0.007321590485
-15.840000000000   0.007218693538
-15.820000000000   0.007315887394
-15.800000000000   0.007285540126
-15.780000000000   0.007323758281
-15.760000000000   0.007343616701
-15.740000000000   0.007369120622
-15.720000000000   0.007348020359
-15.700000000000   0.007326456954
-15.680000000000   0.007458238243
-15.660000000000   0.007497917262
-15.640000000000   0.007439261896
-15.620000000000   0.007276474875
-15.600000000000   0.007560014200
-15.580000000000   0.007370759866
-15.560000000000   0.007420235100
-15.540000000000   0.007500557471
-15.520000000000   0.007527308784
-15.500000000000   0.007487549168
-15.480000000000   0.007491214824
-15.460000000000   0.007501269156
-15.440000000000   0.007574211449
-15.420000000000   0.007564001437
-15.400000000000   0.007476263023
-15.380000000000   0.007609674695
-15.360000000000   0.007587489741
-15.340000000000   0.007705399951
-15.320000000000   0.007692852035
-15.300000000000   0.007764779745
-15.280000000000   0.007757726834
-15.260000000000   0.007644534891
-15.240000000000   0.007914565506
-15.220000000000   0.007825159934
-15.200000000000   0.007760573432
-15.180000000000   0.007803816574
-15.160000000000   0.007943151068
-15.140000000000   0.007851729600
-15.120000000000   0.007892914813
-15.100000000000   0.007901207174
-15.080000000000   0.007920089437
-15.060000000000   0.007835398241
-15.040000000000   0.007820043924
-15.020000000000   0.007946425312
-15.000000000000   0.008059473327
-14.980000000000   0.007985731956
-14.960000000000   0.007981468247
-14.940000000000   0.007972565645
-14.920000000000   0.008006664438
-14.900000000000   0.008184268653
-14.880000000000   0.008068594256
-14.860000000000   0.008221783985
-14.840000000000   0.008022585838
-14.820000000000   0.008019236730
-14.800000000000   0.008347067638
-14.780000000000   0.008246372112
-14.760000000000   0.008121679568
-14.740000000000   0.008198361644
-14.720000000000   0.008160490243
-14.700000000000   0.008282461340
-14.680000000000   0.008192337595
-14.660000000000   0.008247062169
-14.640000000000   0.008336190825
-14.620000000000   0.008333223731
-14.600000000000   0.008420425171
-14.580000000000   0.008303960637
-14.560000000000   0.008485913421
-14.540000000000   0.008492974894
-14.520000000000   0.008289283250
-14.500000000000   0.008484967665
-14.480000000000   0.008447385975
-14.460000000000   0.008343684408
-14.440000000000   0.008441349982
-14.420000000000   0.008514328926
-14.400000000000   0.008679555552
-14.380000000000   0.008507903664
-14.360000000000   0.008483976724
-14.340000000000   0.008692270175
-14.320000000000   0.008597084573
-14.300000000000   0.008563707049
-14.280000000000   0.008727048335
-14.260000000000   0.008839248660
-14.240000000000   0.008824139542
-14.220000000000   0.008897345753
-14.200000000000   0.008762506456
-14.180000000000   0.008691264725
-14.160000000000   0.008819944684
-14.140000000000   0.008908699023
-14.120000000000   0.008893021793
-14.100000000000   0.008913437162
-14.080000000000   0.008891350067
-14.060000000000   0.008996211285
-14.040000000000   0.009078921220
-14.020000000000   0.008993113359
-14.000000000000   0.009052878508
-13.980000000000   0.009118309486
-13.960000000000   0.009194391707
-13.940000000000   0.009056397900
-13.920000000000   0.009217997099
-13.900000000000   0.009064842030
-13.880000000000   0.009032332133
-13.860000000000   0.009382713976
-13.840000000000   0.009352137448
-13.820000000000   0.009317164480
-13.800000000000   0.009379911491
-13.780000000000   0.009232343753
-13.760000000000   0.009399738365
-13.740000000000   0.009302831021
-13.720000000000   0.009378412182
-13.700000000000   0.009237078553
-13.680000000000   0.009426656180
-13.660000000000   0.009451049056
-13.640000000000   0.009443623270
-13.620000000000   0.009634554488
-13.600000000000   0.009455671017
-13.580000000000   0.009512248447
-13.560000000000   0.009626824967
-13.540000000000   0.009566591319
-13.520000000000   0.009798878661
-13.500000000000   0.009639710146
-13.480000000000   0.009599609098
-13.460000000000   0.009878662415
-13.440000000000   0.009747039158
-13.420000000000   0.009877460784
-13.400000000000   0.009825769691
-13.380000000000   0.009904311866
-13.360000000000   0.009935817179
-13.340000000000   0.010059230116
-13.320000000000   0.009829658965
-13.300000000000   0.009987902412
-13.280000000000   0.010110713018
-13.260000000000   0.010128979031
-13.240000000000   0.010145564913
-13.220000000000   0.010079858795
-13.200000000000   0.010101314671
-13.180000000000   0.010172016243
-13.160000000000   0.010185786576
-13.140000000000   0.010240960191
-13.120000000000   0.010339330384
-13.100000000000   0.010502844435
-13.080000000000   0.010454961036
-13.060000000000   0.010447183199
-13.040000000000   0.010441502888
-13.020000000000   0.010516765468
-13.000000000000   0.010455586821
-12.980000000000   0.010525870597
-12.960000000000   0.010622094582
-12.940000000000   0.010751659107
-12.920000000000   0.010524029981
-12.900000000000   0.010687305328
-12.880000000000   0.010758755097
-12.860000000000   0.010753851356
-12.840000000000   0.010865721377
-12.820000000000   0.010771781510
-12.800000000000   0.010787059028
-12.780000000000   0.010707091769
-12.760000000000   0.010965601073
-12.740000000000   0.010821318503
-12.720000000000   0.010783360541
-12.700000000000   0.011133321830
-12.680000000000   0.011003566701
-12.660000000000   0.011023517245
-12.640000000000   0.011175591272
-12.620000000000   0.011181300470
-12.600000000000   0.011153333293
-12.580000000000   0.011162979237
-12.560000000000   0.011120389783
-12.540000000000   0.011250748679
-12.520000000000   0.011322482121
-12.500000000000   0.011319480806
-12.480000000000   0.011394098921
-12.460000000000   0.011539775334
-12.440000000000   0.011476004756
-12.420000000000   0.011479233352
-12.400000000000   0.011712912971
-12.380000000000   0.011618711792
-12.360000000000   0.011472219834
-12.340000000000   0.011760208093
-12.320000000000   0.011769931066
-12.300000000000   0.011670180195
-12.280000000000   0.011891950572
-12.260000000000   0.011841446496
-12.240000000000   0.012059141651
-12.220000000000   0.012001025291
-12.200000000000   0.012148926772
-12.180000000000   0.012087406003
-12.160000000000   0.012287493084
-12.140000000000   0.012161567163
-12.120000000000   0.012338361458
-12.100000000000   0.012410849871
-12.080000000000   0.012309136213
-12.060000000000   0.012214011221
-12.040000000000   0.012372031363
-12.020000000000   0.012616109997
-12.000000000000   0.012665679532
-11.980000000000   0.012651789506
-11.960000000000   0.012749740682
-11.940000000000   0.012789693436
-11.920000000000   0.012808999574
-11.900000000000   0.012730274554
-11.880000000000   0.012942058470
-11.860000000000   0.012892304647
-11.840000000000   0.013023182768
-11.820000000000   0.013222290305
-11.800000000000   0.013183284350
-11.780000000000   0.012860683527
-11.760000000000   0.013212361812
-11.740000000000   0.013275111510
-11.720000000000   0.013211380334
-11.700000000000   0.013286635219
-11.680000000000   0.013457376446
-11.660000000000   0.013345471473
-11.640000000000   0.013528334742
-11.620000000000   0.013622719789
-11.600000000000   0.013688478610
-11.580000000000   0.013690693329
-11.560000000000   0.013802584519
-11.540000000000   0.013779945136
-11.520000000000   0.013959817974
-11.500000000000   0.013968813593
-11.480000000000   0.013805296016
-11.460000000000   0.013950512126
-11.440000000000   0.013984387984
-11.420000000000   0.014134203327
-11.400000000000   0.014242387415
-11.380000000000   0.014319009285
-11.360000000000   0.014406419065
-11.340000000000   0.014509634390
-11.320000000000   0.014405224155
-11.300000000000   0.014619555077
-11.280000000000   0.014512237227
-11.260000000000   0.014687221759
-11.240000000000   0.014713868081
-11.220000000000   0.014821210642
-11.200000000000   0.014868494135
-11.180000000000   0.015198808907
-11.160000000000   0.014979992162
-11.140000000000   0.015047289178
-11.120000000000   0.015219297601
-11.100000000000   0.015056422923
-11.080000000000   0.014892301479
-11.060000000000   0.015634431101
-11.040000000000   0.015399487106
-11.020000000000   0.015320952645
-11.000000000000   0.015718017938
-10.980000000000   0.015587683780
-10.960000000000   0.015620613777
-10.940000000000   0.015711858878
-10.920000000000   0.015796037020
-10.900000000000   0.015843651213
-10.880000000000   0.016077499922
-10.860000000000   0.016050378285
-10.840000000000   0.016095809333
-10.820000000000   0.016227862838
-10.800000000000   0.016472897749
-10.780000000000   0.016294082182
-10.760000000000   0.016473654970
-10.740000000000   0.016382372122
-10.720000000000   0.016656072994
-10.700000000000   0.016802935429
-10.680000000000   0.016640432004
-10.660000000000   0.016880609788
-10.640000000000   0.016786287343
-10.620000000000   0.016981717725
-10.600000000000   0.017182739334
-10.580000000000   0.017194885624
-10.560000000000   0.017362269037
-10.540000000000   0.017347487719
-10.520000000000   0.017689774731
-10.500000000000   0.017365498912
-10.480000000000   0.017677898819
-10.460000000000   0.017531799258
-10.440000000000   0.017525789636
-10.420000000000   0.017977118509
-10.400000000000   0.017952991482
-10.380000000000   0.018216496733
-10.360000000000   0.018227577875
-10.340000000000   0.018275996844
-10.320000000000   0.018335159469
-10.300000000000   0.018294208465
-10.280000000000   0.018803494421
-10.260000000000   0.018735080861
-10.240000000000   0.018758614740
-10.220000000000   0.018846003059
-10.200000000000   0.018815113171
-10.180000000000   0.019080170943
-10.160000000000   0.019455344706
-10.140000000000   0.019167050921
-10.120000000000   0.019386396073
-10.100000000000   0.019451793418
-10.080000000000   0.019824128197
-10.060000000000   0.019969308222
-10.040000000000   0.019970056156
-10.020000000000   0.020030706088
-10.000000000000   0.020110769108
 -9.980000000000   0.020492279482
 -9.960000000000   0.020270362460
 -9.940000000000   0.020775950568
 -9.920000000000   0.020660584660
 -9.900000000000   0.020716429081
 -9.880000000000   0.020832002187
 -9.860000000000   0.020917872936
 -9.840000000000   0.020838100900
 -9.820000000000   0.020944050117
 -9.800000000000   0.021060757404
 -9.780000000000   0.021158646217
 -9.760000000000   0.021937335138
 -9.740000000000   0.021518298231
 -9.720000000000   0.021730756130
 -9.700000000000   0.022017750694
 -9.680000000000   0.022103493931
 -9.660000000000   0.022104226957
 -9.640000000000   0.022187061035
 -9.620000000000   0.022337040568
 -9.600000000000   0.022493551692
 -9.580000000000   0.022623135189
 -9.560000000000   0.022788562875
 -9.540000000000   0.023090858026
 -9.520000000000   0.023543164104
 -9.500000000000   0.022934870620
 -9.480000000000   0.023572332557
 -9.460000000000   0.023401675047
 -9.440000000000   0.023862210985
 -9.420000000000   0.023973703204
 -9.400000000000   0.023959140903
 -9.380000000000   0.024073415563
 -9.360000000000   0.024656957589
 -9.340000000000   0.024182733370
 -9.320000000000   0.024792729165
 -9.300000000000   0.024848056488
 -9.280000000000   0.025388099686
 -9.260000000000   0.025051445165
 -9.240000000000   0.025201150745
 -9.220000000000   0.025630574407
 -9.200000000000   0.025358979327
 -9.180000000000   0.025542359990
 -9.160000000000   0.025855647863
 -9.140000000000   0.026048036401
 -9.120000000000   0.026179146965
 -9.100000000000   0.026732155168
 -9.080000000000   0.026533485807
 -9.060000000000   0.026918176383
 -9.040000000000   0.027297255429
 -9.020000000000   0.027502982149
 -9.000000000000   0.027340277782
 -8.980000000000   0.027541436935
 -8.960000000000   0.027794286144
 -8.940000000000   0.027815210707
 -8.920000000000   0.027926160018
 -8.900000000000   0.028436289173
 -8.880000000000   0.028842243092
 -8.860000000000   0.028806077493
 -8.840000000000   0.028958305796
 -8.820000000000   0.029259140051
 -8.800000000000   0.029401722949
 -8.780000000000   0.029832088612
 -8.760000000000   0.029537894282
 -8.740000000000   0.029991884399
 -8.720000000000   0.030211269520
 -8.700000000000   0.030547506549
 -8.680000000000   0.030633909010
 -8.660000000000   0.030883829905
 -8.640000000000   0.031246024397
 -8.620000000000   0.031571304897
 -8.600000000000   0.031617645280
 -8.580000000000   0.031799772940
 -8.560000000000   0.032223758849
 -8.540000000000   0.031900668591
 -8.520000000000   0.032540942634
 -8.500000000000   0.032737998508
 -8.480000000000   0.032998258277
 -8.460000000000   0.033460299395
 -8.440000000000   0.033679160453
 -8.420000000000   0.034014581669
 -8.400000000000   0.034299870505
 -8.380000000000   0.034523903222
 -8.360000000000   0.034286625562
 -8.340000000000   0.035344679656
 -8.320000000000   0.034842756481
 -8.300000000000   0.035332855161
 -8.280000000000   0.035447049509
 -8.260000000000   0.035727851149
 -8.240000000000   0.036004153729
 -8.220000000000   0.036724835567
 -8.200000000000   0.036839223332
 -8.180000000000   0.036969746891
 -8.160000000000   0.037093800015
 -8.140000000000   0.037381204884
 -8.120000000000   0.037925473326
 -8.100000000000   0.037966279588
 -8.080000000000   0.038733513938
 -8.060000000000   0.038852162858
 -8.040000000000   0.039341897920
 -8.020000000000   0.039011897275
 -8.000000000000   0.039943087241
 -7.980000000000   0.039484748395
 -7.960000000000   0.040256214501
 -7.940000000000   0.040867723940
 -7.920000000000   0.040976285648
 -7.900000000000   0.041050497712
 -7.880000000000   0.042046309326
 -7.860000000000   0.042270194579
 -7.840000000000   0.042291247505
 -7.820000000000   0.042670856743
 -7.800000000000   0.042835204546
 -7.780000000000   0.043520346317
 -7.760000000000   0.043611584456
 -7.740000000000   0.044649440638
 -7.720000000000   0.044500973789
 -7.700000000000   0.045492049474
 -7.680000000000   0.045287647738
 -7.660000000000   0.045640395336
 -7.640000000000   0.045852431798
 -7.620000000000   0.046553418471
 -7.600000000000   0.047280422493
 -7.580000000000   0.047605930334
 -7.560000000000   0.047514848105
 -7.540000000000   0.048673029563
 -7.520000000000   0.048443007173
 -7.500000000000   0.049295238099
 -7.480000000000   0.049063298235
 -7.460000000000   0.049840504156
 -7.440000000000   0.050181324423
 -7.420000000000   0.050993514377
 -7.400000000000   0.051440734670
 -7.380000000000   0.051685414467
 -7.360000000000   0.051905050320
 -7.340000000000   0.052505605802
 -7.320000000000   0.053044508879
 -7.300000000000   0.052814283546
 -7.280000000000   0.053453207919
 -7.260000000000   0.054467023684
 -7.240000000000   0.054730299935
 -7.220000000000   0.055107900573
 -7.200000000000   0.055686699400
 -7.180000000000   0.055928604492
 -7.160000000000   0.056540493490
 -7.140000000000   0.057486320217
 -7.120000000000   0.057576927498
 -7.100000000000   0.058217856675
 -7.080000000000   0.058600611845
 -7.060000000000   0.059556327249
 -7.040000000000   0.059363872819
 -7.020000000000   0.060722662276
 -7.000000000000   0.061256418300
 -6.980000000000   0.061348010177
 -6.960000000000   0.061673173134
 -6.940000000000   0.062190403226
 -6.920000000000   0.063841639471
 -6.900000000000   0.063854878259
 -6.880000000000   0.064928334614
 -6.860000000000   0.064568623898
 -6.840000000000   0.064997076802
 -6.820000000000   0.065717643632
 -6.800000000000   0.066295148452
 -6.780000000000   0.066805236684
 -6.760000000000   0.068025688380
 -6.740000000000   0.068799733789
 -6.720000000000   0.068972717006
 -6.700000000000   0.069031769606
 -6.680000000000   0.069680757432
 -6.660000000000   0.070958037504
 -6.640000000000   0.071238311722
 -6.620000000000   0.071486668134
 -6.600000000000   0.072729214245
 -6.580000000000   0.073310953669
 -6.560000000000   0.074491819839
 -6.540000000000   0.074314039310
 -6.520000000000   0.075093573880
 -6.500000000000   0.075320789154
 -6.480000000000   0.075761223242
 -6.460000000000   0.077068886663
 -6.440000000000   0.077618343975
 -6.420000000000   0.077619161730
 -6.400000000000   0.078290156343
 -6.380000000000   0.079566671262
 -6.360000000000   0.078926408974
 -6.340000000000   0.081176142055
 -6.320000000000   0.081620302210
 -6.300000000000   0.082319719179
 -6.280000000000   0.083243852303
 -6.260000000000   0.083770654546
 -6.240000000000   0.084422846098
 -6.220000000000   0.084223378704
 -6.200000000000   0.084925635009
 -6.180000000000   0.086071727806
 -6.160000000000   0.087096568966
 -6.140000000000   0.087554326632
 -6.120000000000   0.087072731550
 -6.100000000000   0.087933285446
 -6.080000000000   0.089114486123
 -6.060000000000   0.089501294557
 -6.040000000000   0.090972304479
 -6.020000000000   0.090693940706
 -6.000000000000   0.091644928650
 -5.980000000000   0.091904015250
 -5.960000000000   0.092400807583
 -5.940000000000   0.093051054103
 -5.920000000000   0.093089211729
 -5.900000000000   0.094531748308
 -5.880000000000   0.095721177007
 -5.860000000000   0.095821203325
 -5.840000000000   0.096002658032
 -5.820000000000   0.096348157029
 -5.800000000000   0.096839503291
 -5.780000000000   0.097156822295
 -5.760000000000   0.097766240452
 -5.740000000000   0.099265299069
 -5.720000000000   0.099986879597
 -5.700000000000   0.100081644223
 -5.680000000000   0.100745327783
 -5.660000000000   0.100682251319
 -5.640000000000   0.101575673785
 -5.620000000000   0.102431301884
 -5.600000000000   0.101204882072
 -5.580000000000   0.102434579213
 -5.560000000000   0.102651792496
 -5.540000000000   0.103947136748
 -5.520000000000   0.103201095060
 -5.500000000000   0.104196420445
 -5.480000000000   0.104246116115
 -5.460000000000   0.104197640704
 -5.440000000000   0.105352323521
 -5.420000000000   0.105431794537
 -5.400000000000   0.105351450355
 -5.380000000000   0.105312655070
 -5.360000000000   0.105365198198
 -5.340000000000   0.106115666231
 -5.320000000000   0.105850949324
 -5.300000000000   0.106074355317
 -5.280000000000   0.106293534322
 -5.260000000000   0.105749279835
 -5.240000000000   0.106244972272
 -5.220000000000   0.106912068820
 -5.200000000000   0.106085638878
 -5.180000000000   0.106449936475
 -5.160000000000   0.106082287461
 -5.140000000000   0.105262533379
 -5.120000000000   0.106356395337
 -5.100000000000   0.105795295587
 -5.080000000000   0.105949980642
 -5.060000000000   0.105295932442
 -5.040000000000   0.103764547351
 -5.020000000000   0.104247836124
 -5.000000000000   0.105309319948
 -4.980000000000   0.104036923136
 -4.960000000000   0.102832632170
 -4.940000000000   0.102241128705
 -4.920000000000   0.102913454815
 -4.900000000000   0.100766357660
 -4.880000000000   0.101708140007
 -4.860000000000   0.100473238802
 -4.840000000000   0.101221883218
 -4.820000000000   0.100078001580
 -4.800000000000   0.099047146902
 -4.780000000000   0.098424588505
 -4.760000000000   0.096394993725
 -4.740000000000   0.095908328099
 -4.720000000000   0.095581984952
 -4.700000000000   0.095609615522
 -4.680000000000   0.093725508603
 -4.660000000000   0.093040915136
 -4.640000000000   0.092384258932
 -4.620000000000   0.090779756149
 -4.600000000000   0.089733698192
 -4.580000000000   0.089948458334
 -4.560000000000   0.088048939815
 -4.540000000000   0.087017442068
 -4.520000000000   0.086349687604
 -4.500000000000   0.085347322400
 -4.480000000000   0.083565730625
 -4.460000000000   0.082831543044
 -4.440000000000   0.081529241397
 -4.420000000000   0.080777642752
 -4.400000000000   0.080026956321
 -4.380000000000   0.077905288571
 -4.360000000000   0.076429597471
 -4.340000000000   0.075933679990
 -4.320000000000   0.073610695652
 -4.300000000000   0.072749192360
 -4.280000000000   0.071395254622
 -4.260000000000   0.069846643807
 -4.240000000000   0.069515993781
 -4.220000000000   0.067306613799
 -4.200000000000   0.066717567657
 -4.180000000000   0.065736673571
 -4.160000000000   0.063801616243
 -4.140000000000   0.063217356137
 -4.120000000000   0.061686932950
 -4.100000000000   0.060562190087
 -4.080000000000   0.058524431526
 -4.060000000000   0.057380321452
 -4.040000000000   0.056667578989
 -4.020000000000   0.054518090945
 -4.000000000000   0.053355178175
 -3.980000000000   0.052421113757
 -3.960000000000   0.051403540500
 -3.940000000000   0.049663115132
 -3.920000000000   0.048495572531
 -3.900000000000   0.047252970044
 -3.880000000000   0.046490778853
 -3.860000000000   0.044838581353
 -3.840000000000   0.043391930739
 -3.820000000000   0.042382485249
 -3.800000000000   0.041730287226
 -3.780000000000   0.040373244105
 -3.760000000000   0.038608878641
 -3.740000000000   0.038183975328
 -3.720000000000   0.036368403040
 -3.700000000000   0.036076497169
 -3.680000000000   0.034405959611
 -3.660000000000   0.033648670397
 -3.640000000000   0.032636546940
 -3.620000000000   0.031605329101
 -3.600000000000   0.030405900905
 -3.580000000000   0.029439275648
 -3.560000000000   0.028482198840
 -3.540000000000   0.027033334807
 -3.520000000000   0.026693903139
 -3.500000000000   0.025711486673
 -3.480000000000   0.024789454277
 -3.460000000000   0.023586304265
 -3.440000000000   0.023332379582
 -3.420000000000   0.022174736594
 -3.400000000000   0.021327901863
 -3.380000000000   0.020758013700
 -3.360000000000   0.019854715137
 -3.340000000000   0.019408790390
 -3.320000000000   0.018287478661
 -3.300000000000   0.017725215838
 -3.280000000000   0.017168584038
 -3.260000000000   0.016279804134
 -3.240000000000   0.015716851478
 -3.220000000000   0.015273857184
 -3.200000000000   0.014577150836
 -3.180000000000   0.013893559152
 -3.160000000000   0.013516295923
 -3.140000000000   0.012829591960
 -3.120000000000   0.012320434229
 -3.100000000000   0.011870925871
 -3.080000000000   0.011363365434
 -3.060000000000   0.010872242465
 -3.040000000000   0.010376099019
 -3.020000000000   0.010033650930
 -3.000000000000   0.009507978336
 -2.980000000000   0.009303041322
 -2.960000000000   0.008745983937
 -2.940000000000   0.008283304022
 -2.920000000000   0.007976338929
 -2.900000000000   0.007525561738
 -2.880000000000   0.007445669583
 -2.860000000000   0.006975870697
 -2.840000000000   0.006732235698
 -2.820000000000   0.006206791233
 -2.800000000000   0.006127744152
 -2.780000000000   0.005809192586
 -2.760000000000   0.005584067879
 -2.740000000000   0.005327819906
 -2.720000000000   0.004993517229
 -2.700000000000   0.004681001850
 -2.680000000000   0.004564464572
 -2.660000000000   0.004447989330
 -2.640000000000   0.004070571669
 -2.620000000000   0.003874045806
 -2.600000000000   0.003729338996
 -2.580000000000   0.003599593248
 -2.560000000000   0.003480749065
 -2.540000000000   0.003192801179
 -2.520000000000   0.003018544964
 -2.500000000000   0.003020860954
 -2.480000000000   0.002809736862
 -2.460000000000   0.002609061171
 -2.440000000000   0.002480818486
 -2.420000000000   0.002419161195
 -2.400000000000   0.002302959233
 -2.380000000000   0.002191472197
 -2.360000000000   0.002028985138
 -2.340000000000   0.001991418891
 -2.320000000000   0.001857406496
 -2.300000000000   0.001765387166
 -2.280000000000   0.001656444087
 -2.260000000000   0.001600993143
 -2.240000000000   0.001455835066
 -2.220000000000   0.001401012966
 -2.200000000000   0.001352894860
 -2.180000000000   0.001292882774
 -2.160000000000   0.001234532440
 -2.140000000000   0.001146301361
 -2.120000000000   0.001118007712
 -2.100000000000   0.001034013783
 -2.080000000000   0.001023739268
 -2.060000000000   0.000929105219
 -2.040000000000   0.000890605824
 -2.020000000000   0.000843420313
 -2.000000000000   0.000821407579
 -1.980000000000   0.000737715192
 -1.960000000000   0.000719649690
 -1.940000000000   0.000695256994
 -1.920000000000   0.000663930989
 -1.900000000000   0.000606426914
 -1.880000000000   0.000585191197
 -1.860000000000   0.000551699406
 -1.840000000000   0.000530400021
 -1.820000000000   0.000487260398
 -1.800000000000   0.000471584778
 -1.780000000000   0.000442665521
 -1.760000000000   0.000427117630
 -1.740000000000   0.000407276447
 -1.720000000000   0.000382994191
 -1.700000000000   0.000367822380
 -1.680000000000   0.000351583816
 -1.660000000000   0.000322333058
 -1.640000000000   0.000307109444
 -1.620000000000   0.000299896216
 -1.600000000000   0.000291945075
 -1.580000000000   0.000273929933
 -1.560000000000   0.000261890970
 -1.540000000000   0.000245612336
 -1.520000000000   0.000231506686
 -1.500000000000   0.000221563202
 -1.480000000000   0.000215713614
 -1.460000000000   0.000212684123
 -1.440000000000   0.000192588508
 -1.420000000000   0.000183998661
 -1.400000000000   0.000181802038
 -1.380000000000   0.000166441053
 -1.360000000000   0.000162501421
 -1.340000000000   0.000154526292
 -1.320000000000   0.000143119573
 -1.300000000000   0.000143156966
 -1.280000000000   0.000140693883
 -1.260000000000   0.000130187148
 -1.240000000000   0.000126488144
 -1.220000000000   0.000118228122
 -1.200000000000   0.000116814546
 -1.180000000000   0.000112900912
 -1.160000000000   0.000113429814
 -1.140000000000   0.000109544159
 -1.120000000000   0.000102626182
 -1.100000000000   0.000103712640
 -1.080000000000   0.000097001957
 -1.060000000000   0.000092807916
 -1.040000000000   0.000090634126
 -1.020000000000   0.000087186972
 -1.000000000000   0.000087504245
 -0.980000000000   0.000085969865
 -0.960000000000   0.000085167162
 -0.940000000000   0.000083045377
 -0.920000000000   0.000078479717
 -0.900000000000   0.000076018887
 -0.880000000000   0.000076859443
 -0.860000000000   0.000074494030
 -0.840000000000   0.000074547669
 -0.820000000000   0.000074607518
 -0.800000000000   0.000072359240
 -0.780000000000   0.000072945839
 -0.760000000000   0.000071327732
 -0.740000000000   0.000071059860
 -0.720000000000   0.000070248836
 -0.700000000000   0.000070705453
 -0.680000000000   0.000069024478
 -0.660000000000   0.000071032149
 -0.640000000000   0.000070735967
 -0.620000000000   0.000071314529
 -0.600000000000   0.000072299534
 -0.580000000000   0.000071134938
 -0.560000000000   0.000071797843
 -0.540000000000   0.000072968970
 -0.520000000000   0.000073335207
 -0.500000000000   0.000074884075
 -0.480000000000   0.000075347540
 -0.460000000000   0.000076793928
 -0.440000000000   0.000077965286
 -0.420000000000   0.000078587222
 -0.400000000000   0.000079981182
 -0.380000000000   0.000083560862
 -0.360000000000   0.000084290871
 -0.340000000000   0.000086269948
 -0.320000000000   0.000088842341
 -0.300000000000   0.000092096337
 -0.280000000000   0.000096313962
 -0.260000000000   0.000099381748
 -0.240000000000   0.000104938896
 -0.220000000000   0.000110614587
 -0.200000000000   0.000120106617
 -0.180000000000   0.000133561672
 -0.160000000000   0.000159953298
 -0.140000000000   0.000215744861
 -0.120000000000   0.000368462081
 -0.100000000000   0.000711729295
 -0.080000000000   0.001203085726
 -0.060000000000   0.001177954228
 -0.040000000000   0.000591742815
 -0.020000000000   0.000261621288
  0.000000000000   0.000185277495
  0.020000000000   0.000171949811
  0.040000000000   0.000175464218
  0.060000000000   0.000186270465
  0.080000000000   0.000202337280
  0.100000000000   0.000228227689
  0.120000000000   0.000269088691
  0.140000000000   0.000346602467
  0.160000000000   0.000489859038
  0.180000000000   0.000796653101
  0.200000000000   0.001400816727
  0.220000000000   0.002587331306
  0.240000000000   0.004339818439
  0.260000000000   0.007358554690
  0.280000000000   0.012246582653
  0.300000000000   0.020217387734
  0.320000000000   0.031519625349
  0.340000000000   0.045257754351
  0.360000000000   0.060376761303
  0.380000000000   0.073842997314
  0.400000000000   0.087159589197
  0.420000000000   0.095850640906
  0.440000000000   0.102502998523
  0.460000000000   0.105248951154
  0.480000000000   0.107116382805
  0.500000000000   0.105368842047
  0.520000000000   0.105125443619
  0.540000000000   0.104792199469
  0.560000000000   0.105764266134
  0.580000000000   0.104175184237
  0.600000000000   0.105727674389
  0.620000000000   0.106581357249
  0.640000000000   0.108672961945
  0.660000000000   0.111919438589
  0.680000000000   0.114938465035
  0.700000000000   0.119151256028
  0.720000000000   0.125547465945
  0.740000000000   0.130249628055
  0.760000000000   0.137273815386
  0.780000000000   0.145215377052
  0.800000000000   0.153736658854
  0.820000000000   0.163548233086
  0.840000000000   0.177027090117
  0.860000000000   0.192535438198
  0.880000000000   0.205903611524
  0.900000000000   0.225080583631
  0.920000000000   0.242515316147
  0.940000000000   0.266530760409
  0.960000000000   0.289323932864
  0.980000000000   0.315740065945
  1.000000000000   0.341474418413
  1.020000000000   0.369426838476
  1.040000000000   0.398710660432
  1.060000000000   0.430949073584
  1.080000000000   0.459089082749
  1.100000000000   0.489977347374
  1.120000000000   0.521771854859
  1.140000000000   0.549472448652
  1.160000000000   0.576131622749
  1.180000000000   0.599669780822
  1.200000000000   0.619934300917
  1.220000000000   0.637305214535
  1.240000000000   0.643816302494
  1.260000000000   0.650959670604
  1.280000000000   0.651543989624
  1.300000000000   0.642759405409
  1.320000000000   0.631437189612
  1.340000000000   0.614766452130
  1.360000000000   0.588663305658
  1.380000000000   0.561150916758
  1.400000000000   0.530420996443
  1.420000000000   0.497240909038
  1.440000000000   0.464183389393
  1.460000000000   0.430850273087
  1.480000000000   0.392558595648
  1.500000000000   0.359696126216
  1.520000000000   0.329406155447
  1.540000000000   0.299653098141
  1.560000000000   0.270534993787
  1.580000000000   0.243036541844
  1.600000000000   0.220417670231
  1.620000000000   0.197853621777
  1.640000000000   0.179773171247
  1.660000000000   0.161382361208
  1.680000000000   0.145731432311
  1.700000000000   0.131175764279
  1.720000000000   0.118983042526
  1.740000000000   0.107928044735
  1.760000000000   0.097619851862
  1.780000000000   0.088604157490
  1.800000000000   0.080410917911
  1.820000000000   0.073195830410
  1.840000000000   0.067161586903
  1.860000000000   0.061225577798
  1.880000000000   0.056523705121
  1.900000000000   0.051760674518
  1.920000000000   0.047937734244
  1.940000000000   0.043620714625
  1.960000000000   0.040304023733
  1.980000000000   0.037674927888
  2.000000000000   0.035241430473
  2.020000000000   0.032487217696
  2.040000000000   0.030272186689
  2.060000000000   0.028666946994
  2.080000000000   0.026357367114
  2.100000000000   0.025142880768
  2.120000000000   0.023944822428
  2.140000000000   0.021873248036
  2.160000000000   0.021213742439
  2.180000000000   0.019578448147
  2.200000000000   0.018829116892
  2.220000000000   0.017733529373
  2.240000000000   0.017027775214
  2.260000000000   0.016300772645
  2.280000000000   0.015699104940
  2.300000000000   0.014912459228
  2.320000000000   0.014236462541
  2.340000000000   0.013550061605
  2.360000000000   0.012972268331
  2.380000000000   0.012330052852
  2.400000000000   0.011831338563
  2.420000000000   0.011517556627
  2.440000000000   0.010942165926
  2.460000000000   0.010746597406
  2.480000000000   0.010380215678
  2.500000000000   0.010207766564
  2.520000000000   0.009436271849
  2.540000000000   0.009510926721
  2.560000000000   0.009278488325
  2.580000000000   0.008842697097
  2.600000000000   0.008430017434
  2.620000000000   0.008260447679
  2.640000000000   0.008160313769
  2.660000000000   0.008111035405
  2.680000000000   0.007942503881
  2.700000000000   0.007618799986
  2.720000000000   0.007314508366
  2.740000000000   0.007314811323
  2.760000000000   0.007205247090
  2.780000000000   0.006905663351
  2.800000000000   0.006822660975
  2.820000000000   0.006828542804
  2.840000000000   0.006579662030
  2.860000000000   0.006628958574
  2.880000000000   0.006311363015
  2.900000000000   0.006295711776
  2.920000000000   0.006150742727
  2.940000000000   0.006117695676
  2.960000000000   0.005931938082
  2.980000000000   0.005827808352
  3.000000000000   0.005808155108
  3.020000000000   0.005691815508
  3.040000000000   0.005766637454
  3.060000000000   0.005547402579
  3.080000000000   0.005492141134
  3.100000000000   0.005376718755
  3.120000000000   0.005263217475
  3.140000000000   0.005471545671
  3.160000000000   0.005335523606
  3.180000000000   0.005236062621
  3.200000000000   0.005154567501
  3.220000000000   0.005266919568
  3.240000000000   0.005284424080
  3.260000000000   0.005056571421
  3.280000000000   0.005042296042
  3.300000000000   0.005039531188
  3.320000000000   0.004822291677
  3.340000000000   0.004868184234
  3.360000000000   0.004857649388
  3.380000000000   0.004874301351
  3.400000000000   0.004783299244
  3.420000000000   0.004832304077
  3.440000000000   0.004903671743
  3.460000000000   0.004780119961
  3.480000000000   0.004658329698
  3.500000000000   0.004666528775
  3.520000000000   0.004701513675
  3.540000000000   0.004640855284
  3.560000000000   0.004681805631
  3.580000000000   0.004584519302
  3.600000000000   0.004601027518
  3.620000000000   0.004599542755
  3.640000000000   0.004628732792
  3.660000000000   0.004633385082
  3.680000000000   0.004625505622
  3.700000000000   0.004457085114
  3.720000000000   0.004439490887
  3.740000000000   0.004405965073
  3.760000000000   0.004427771742
  3.780000000000   0.004432642350
  3.800000000000   0.004518268732
  3.820000000000   0.004461971207
  3.840000000000   0.004401158197
  3.860000000000   0.004471322623
  3.880000000000   0.004315678903
  3.900000000000   0.004371048926
  3.920000000000   0.004409406673
  3.940000000000   0.004296998189
  3.960000000000   0.004257265220
  3.980000000000   0.004289184101
  4.000000000000   0.004256177329
  4.020000000000   0.004242405528
  4.040000000000   0.004275139857
  4.060000000000   0.004270784279
  4.080000000000   0.004344999385
  4.100000000000   0.004126297736
  4.120000000000   0.004251537352
  4.140000000000   0.004157129766
  4.160000000000   0.004236314933
  4.180000000000   0.004262932659
  4.200000000000   0.004099825385
  4.220000000000   0.004228911647
  4.240000000000   0.004218322298
  4.260000000000   0.004158217567
  4.280000000000   0.004231091915
  4.300000000000   0.004130260609
  4.320000000000   0.004176552824
  4.340000000000   0.004302974374
  4.360000000000   0.004220784585
  4.380000000000   0.004173818515
  4.400000000000   0.004156652817
  4.420000000000   0.004177443403
  4.440000000000   0.004158437181
  4.460000000000   0.004168582143
  4.480000000000   0.004273724444
  4.500000000000   0.004101136562
  4.520000000000   0.004168997878
  4.540000000000   0.004123535291
  4.560000000000   0.004149855371
  4.580000000000   0.004005197400
  4.600000000000   0.004149265592
  4.620000000000   0.004032068028
  4.640000000000   0.004017816325
  4.660000000000   0.004158073106
  4.680000000000   0.004094482139
  4.700000000000   0.003994512251
  4.720000000000   0.004000456460
  4.740000000000   0.004020032054
  4.760000000000   0.004017550560
  4.780000000000   0.003954307039
  4.800000000000   0.004092721080
  4.820000000000   0.004065206235
  4.840000000000   0.003916410539
  4.860000000000   0.003963324091
  4.880000000000   0.004049688438
  4.900000000000   0.004048133077
  4.920000000000   0.003949270442
  4.940000000000   0.003985560155
  4.960000000000   0.003929180092
  4.980000000000   0.003977672394
  5.000000000000   0.003978050625
  5.020000000000   0.004031506847
  5.040000000000   0.003934075227
  5.060000000000   0.003937987604
  5.080000000000   0.003995079711
  5.100000000000   0.003892037348
  5.120000000000   0.004020209181
  5.140000000000   0.003923602767
  5.160000000000   0.003914159584
  5.180000000000   0.003928198768
  5.200000000000   0.003855201904
  5.220000000000   0.003906362761
  5.240000000000   0.003903944935
  5.260000000000   0.003872359622
  5.280000000000   0.003776890311
  5.300000000000   0.003894580528
  5.320000000000   0.003797549354
  5.340000000000   0.003907248743
  5.360000000000   0.003951327677
  5.380000000000   0.003945148406
  5.400000000000   0.003851679869
  5.420000000000   0.003826855290
  5.440000000000   0.003836595875
  5.460000000000   0.003874395754
  5.480000000000   0.003840168647
  5.500000000000   0.003779987500
  5.520000000000   0.003894521615
  5.540000000000   0.003795076646
  5.560000000000   0.003789072922
  5.580000000000   0.003813390997
  5.600000000000   0.003673104077
  5.620000000000   0.003700475255
  5.640000000000   0.003790135062
  5.660000000000   0.003784612065
  5.680000000000   0.003756012982
  5.700000000000   0.003759796515
  5.720000000000   0.003811035778
  5.740000000000   0.003790974018
  5.760000000000   0.003627530433
  5.780000000000   0.003765591036
  5.800000000000   0.003874601365
  5.820000000000   0.003642866341
  5.840000000000   0.003680902537
  5.860000000000   0.003665005706
  5.880000000000   0.003622362004
  5.900000000000   0.003625553700
  5.920000000000   0.003618097139
  5.940000000000   0.003643839299
  5.960000000000   0.003681846643
  5.980000000000   0.003511194371
  6.000000000000   0.003592828343
  6.020000000000   0.003609371804
  6.040000000000   0.003704362841
  6.060000000000   0.003564207520
  6.080000000000   0.003575725104
  6.100000000000   0.003614214725
  6.120000000000   0.003493539662
  6.140000000000   0.003655078914
  6.160000000000   0.003540797809
  6.180000000000   0.003685648064
  6.200000000000   0.003481659896
  6.220000000000   0.003545328018
  6.240000000000   0.003578408872
  6.260000000000   0.003618073826
  6.280000000000   0.003514677570
  6.300000000000   0.003539013956
  6.320000000000   0.003506549206
  6.340000000000   0.003492612020
  6.360000000000   0.003573341675
  6.380000000000   0.003538986699
  6.400000000000   0.003430677156
  6.420000000000   0.003534911671
  6.440000000000   0.003495922470
  6.460000000000   0.003415278820
  6.480000000000   0.003401780352
  6.500000000000   0.003429721421
  6.520000000000   0.003463119173
  6.540000000000   0.003531137532
  6.560000000000   0.003483989458
  6.580000000000   0.003491999302
  6.600000000000   0.003564992306
  6.620000000000   0.003416601521
  6.640000000000   0.003403516311
  6.660000000000   0.003460835878
  6.680000000000   0.003370420802
  6.700000000000   0.003505094486
  6.720000000000   0.003399724117
  6.740000000000   0.003399084770
  6.760000000000   0.003427976583
  6.780000000000   0.003419596236
  6.800000000000   0.003434717388
  6.820000000000   0.003319586609
  6.840000000000   0.003407823681
  6.860000000000   0.003369863124
  6.880000000000   0.003386443111
  6.900000000000   0.003304074553
  6.920000000000   0.003393744330
  6.940000000000   0.003360159296
  6.960000000000   0.003375894700
  6.980000000000   0.003367893049
  7.000000000000   0.003356911078
  7.020000000000   0.003342267139
  7.040000000000   0.003302818660
  7.060000000000   0.003350980811
  7.080000000000   0.003322027205
  7.100000000000   0.003380500097
  7.120000000000   0.003261299174
  7.140000000000   0.003290350095
  7.160000000000   0.003305502948
  7.180000000000   0.003273889097
  7.200000000000   0.003238722253
  7.220000000000   0.003245920119
  7.240000000000   0.003287933728
  7.260000000000   0.003260090275
  7.280000000000   0.003294735008
  7.300000000000   0.003358017471
  7.320000000000   0.003213875121
  7.340000000000   0.003210374173
  7.360000000000   0.003260496042
  7.380000000000   0.003260829925
  7.400000000000   0.003241017165
  7.420000000000   0.003223570619
  7.440000000000   0.003236987274
  7.460000000000   0.003325960646
  7.480000000000   0.003282634905
  7.500000000000   0.003250207292
  7.520000000000   0.003282147623
  7.540000000000   0.003231213517
  7.560000000000   0.003208763969
  7.580000000000   0.003171169945
  7.600000000000   0.003263456457
  7.620000000000   0.003179861203
  7.640000000000   0.003259077642
  7.660000000000   0.003190033463
  7.680000000000   0.003231514343
  7.700000000000   0.003159480647
  7.720000000000   0.003162258732
  7.740000000000   0.003224752134
  7.760000000000   0.003122336275
  7.780000000000   0.003189682723
  7.800000000000   0.003186245961
  7.820000000000   0.003134982798
  7.840000000000   0.003162265358
  7.860000000000   0.003199577835
  7.880000000000   0.003196705814
  7.900000000000   0.003143895021
  7.920000000000   0.003229801219
  7.940000000000   0.003121451423
  7.960000000000   0.003062608904
  7.980000000000   0.003121000450
  8.000000000000   0.003144419273
  8.020000000000   0.003152574793
  8.040000000000   0.003081025758
  8.060000000000   0.003190608673
  8.080000000000   0.003140227440
  8.100000000000   0.003155920013
  8.120000000000   0.003095828865
  8.140000000000   0.003166403063
  8.160000000000   0.003201732983
  8.180000000000   0.003155094617
  8.200000000000   0.003144415577
  8.220000000000   0.003075798996
  8.240000000000   0.003125800690
  8.260000000000   0.003101018347
  8.280000000000   0.003125061889
  8.300000000000   0.003043722364
  8.320000000000   0.003100621125
  8.340000000000   0.003116769234
  8.360000000000   0.003154895410
  8.380000000000   0.003117932084
  8.400000000000   0.003075968360
  8.420000000000   0.003141603955
  8.440000000000   0.003041837208
  8.460000000000   0.003061214112
  8.480000000000   0.003042098785
  8.500000000000   0.003030977812
  8.520000000000   0.003073070466
  8.540000000000   0.003068307806
  8.560000000000   0.003082342932
  8.580000000000   0.003005067491
  8.600000000000   0.003119524985
  8.620000000000   0.002994436051
  8.640000000000   0.003073966391
  8.660000000000   0.003013311484
  8.680000000000   0.003064846877
  8.700000000000   0.003011734532
  8.720000000000   0.003082554751
  8.740000000000   0.002943418424
  8.760000000000   0.002998294289
  8.780000000000   0.003064582163
  8.800000000000   0.003014253037
  8.820000000000   0.002991878970
  8.840000000000   0.003054300844
  8.860000000000   0.003038098636
  8.880000000000   0.003076920836
  8.900000000000   0.003014109793
  8.920000000000   0.003075156928
  8.940000000000   0.003081622958
  8.960000000000   0.003039842493
  8.980000000000   0.003025232669
  9.000000000000   0.003019312880
  9.020000000000   0.003034427079
  9.040000000000   0.003022344867
  9.060000000000   0.002997271659
  9.080000000000   0.002960304645
  9.100000000000   0.002879650736
  9.120000000000   0.003024720046
  9.140000000000   0.002960670949
  9.160000000000   0.002966000623
  9.180000000000   0.002956917763
  9.200000000000   0.003013315633
  9.220000000000   0.003022507532
  9.240000000000   0.002970243248
  9.260000000000   0.002950659422
  9.280000000000   0.003022178243
  9.300000000000   0.002932380197
  9.320000000000   0.002999373373
  9.340000000000   0.003004990429
  9.360000000000   0.002980872270
  9.380000000000   0.002968714616
  9.400000000000   0.002984185518
  9.420000000000   0.002977008667
  9.440000000000   0.003005432775
  9.460000000000   0.002990310703
  9.480000000000   0.002938934024
  9.500000000000   0.002943680258
  9.520000000000   0.003001288296
  9.540000000000   0.002988559170
  9.560000000000   0.002945619881
  9.580000000000   0.002958946575
  9.600000000000   0.002999337056
  9.620000000000   0.002985654907
  9.640000000000   0.002954366246
  9.660000000000   0.002924538178
  9.680000000000   0.002915201599
  9.700000000000   0.002984240072
  9.720000000000   0.002942526024
  9.740000000000   0.002913286259
  9.760000000000   0.002967618151
  9.780000000000   0.002973451135
  9.800000000000   0.002987309783
  9.820000000000   0.002898282155
  9.840000000000   0.002993047969
  9.860000000000   0.002963436713
  9.880000000000   0.002982962986
  9.900000000000   0.002864324235
  9.920000000000   0.002894630316
  9.940000000000   0.002949658416
  9.960000000000   0.002991692500
  9.980000000000   0.002934893943
 10.000000000000   0.002915162870
 10.020000000000   0.002936246322
 10.040000000000   0.002888069514
 10.060000000000   0.002976986209
 10.080000000000   0.002937836853
 10.100000000000   0.002936511173
 10.120000000000   0.002988142528
 10.140000000000   0.002847918439
 10.160000000000   0.002934344173
 10.180000000000   0.002902811398
 10.200000000000   0.002946876583
 10.220000000000   0.002901665159
 10.240000000000   0.002894725131
 10.260000000000   0.002949044790
 10.280000000000   0.002926437223
 10.300000000000   0.002977830522
 10.320000000000   0.002970258184
 10.340000000000   0.002888546597
 10.360000000000   0.002915402637
 10.380000000000   0.002893376011
 10.400000000000   0.002920251152
 10.420000000000   0.002892902037
 10.440000000000   0.002866160431
 10.460000000000   0.002934286667
 10.480000000000   0.002910809982
 10.500000000000   0.002937127135
 10.520000000000   0.002995237003
 10.540000000000   0.002911264220
 10.560000000000   0.002965148399
 10.580000000000   0.002933137902
 10.600000000000   0.002912932315
 10.620000000000   0.002900619940
 10.640000000000   0.002906758692
 10.660000000000   0.002965539529
 10.680000000000   0.002956571641
 10.700000000000   0.002864392872
 10.720000000000   0.002868943640
 10.740000000000   0.002978553300
 10.760000000000   0.002944391522
 10.780000000000   0.002942194746
 10.800000000000   0.002855440588
 10.820000000000   0.002932572817
 10.840000000000   0.002887249322
 10.860000000000   0.002932299661
 10.880000000000   0.002917687035
 10.900000000000   0.002874052770
 10.920000000000   0.002854553254
 10.940000000000   0.002895712924
 10.960000000000   0.002920675569
 10.980000000000   0.002942248122
 11.000000000000   0.002885135670
 11.020000000000   0.002942161977
 11.040000000000   0.002824131805
 11.060000000000   0.002843585072
 11.080000000000   0.003024374693
 11.100000000000   0.002899783761
 11.120000000000   0.002950910400
 11.140000000000   0.002921289568
 11.160000000000   0.002903876802
 11.180000000000   0.002941211588
 11.200000000000   0.002987557293
 11.220000000000   0.002910184277
 11.240000000000   0.002886673994
 11.260000000000   0.002886309773
 11.280000000000   0.002879363230
 11.300000000000   0.002885711120
 11.320000000000   0.002918674219
 11.340000000000   0.002957845896
 11.360000000000   0.002976227307
 11.380000000000   0.002982569090
 11.400000000000   0.002919869476
 11.420000000000   0.002864122708
 11.440000000000   0.002949363612
 11.460000000000   0.002903060265
 11.480000000000   0.002866150263
 11.500000000000   0.002894928458
 11.520000000000   0.002880703461
 11.540000000000   0.002921359618
 11.560000000000   0.002873406245
 11.580000000000   0.002910418094
 11.600000000000   0.003021383678
 11.620000000000   0.002846724660
 11.640000000000   0.002884130797
 11.660000000000   0.002860428386
 11.680000000000   0.002891877429
 11.700000000000   0.002919105859
 11.720000000000   0.002873688692
 11.740000000000   0.002914149554
 11.760000000000   0.002845208655
 11.780000000000   0.002924881259
 11.800000000000   0.002826975944
 11.820000000000   0.003007420746
 11.840000000000   0.002885392901
 11.860000000000   0.002900478927
 11.880000000000   0.002943923721
 11.900000000000   0.002975122903
 11.920000000000   0.002908601534
 11.940000000000   0.002862786174
 11.960000000000   0.002895622789
 11.980000000000   0.002955662813
 12.000000000000   0.002919305645
 12.020000000000   0.002896244087
 12.040000000000   0.002944160674
 12.060000000000   0.002908194589
 12.080000000000   0.002941732755
 12.100000000000   0.002898571604
 12.120000000000   0.002962972965
 12.140000000000   0.002914034135
 12.160000000000   0.002961593684
 12.180000000000   0.002872125856
 12.200000000000   0.002915977202
 12.220000000000   0.002965122200
 12.240000000000   0.002950636707
 12.260000000000   0.002951631917
 12.280000000000   0.002941636919
 12.300000000000   0.002909809115
 12.320000000000   0.002987089894
 12.340000000000   0.002922183182
 12.360000000000   0.002925274299
 12.380000000000   0.002913076657
 12.400000000000   0.002946193372
 12.420000000000   0.002979665262
 12.440000000000   0.002925462882
 12.460000000000   0.002976361772
 12.480000000000   0.002910399484
 12.500000000000   0.002884671204
 12.520000000000   0.002928622861
 12.540000000000   0.002874576820
 12.560000000000   0.002940756537
 12.580000000000   0.002885575032
 12.600000000000   0.002908569494
 12.620000000000   0.002911515454
 12.640000000000   0.002929997461
 12.660000000000   0.002892875884
 12.680000000000   0.002900541810
 12.700000000000   0.002969923319
 12.720000000000   0.002982002921
 12.740000000000   0.002955887728
 12.760000000000   0.002928726756
 12.780000000000   0.002872087717
 12.800000000000   0.002897893357
 12.820000000000   0.002891334264
 12.840000000000   0.002938726398
 12.860000000000   0.002894557993
 12.880000000000   0.002942858258
 12.900000000000   0.002924311483
 12.920000000000   0.002986684324
 12.940000000000   0.002967044748
 12.960000000000   0.002888095652
 12.980000000000   0.002922674047
 13.000000000000   0.002962655845
 13.020000000000   0.002934746752
 13.040000000000   0.002932093358
 13.060000000000   0.002954388532
 13.080000000000   0.002947201336
 13.100000000000   0.002877255673
 13.120000000000   0.002944994134
 13.140000000000   0.003001716052
 13.160000000000   0.002976129143
 13.180000000000   0.002910656853
 13.200000000000   0.002966108463
 13.220000000000   0.002971933863
 13.240000000000   0.002878441889
 13.260000000000   0.003064818565
 13.280000000000   0.002951774207
 13.300000000000   0.002918400634
 13.320000000000   0.002890977115
 13.340000000000   0.002994152320
 13.360000000000   0.002925557522
 13.380000000000   0.002981783848
 13.400000000000   0.003019502683
 13.420000000000   0.002968241359
 13.440000000000   0.002977848502
 13.460000000000   0.002998521746
 13.480000000000   0.002970424944
 13.500000000000   0.003000171660
 13.520000000000   0.002953815238
 13.540000000000   0.002956320633
 13.560000000000   0.002952533416
 13.580000000000   0.002920530007
 13.600000000000   0.002979445443
 13.620000000000   0.002887993061
 13.640000000000   0.002989858666
 13.660000000000   0.002978196289
 13.680000000000   0.003004825971
 13.700000000000   0.002907440518
 13.720000000000   0.003017922721
 13.740000000000   0.002975814121
 13.760000000000   0.002979861216
 13.780000000000   0.002972933469
 13.800000000000   0.002954592611
 13.820000000000   0.002938650747
 13.840000000000   0.002898780183
 13.860000000000   0.002983043928
 13.880000000000   0.002949394789
 13.900000000000   0.002958855855
 13.920000000000   0.002946261387
 13.940000000000   0.002963820259
 13.960000000000   0.002967710412
 13.980000000000   0.002974045768
 14.000000000000   0.002939116551
 14.020000000000   0.002994403121
 14.040000000000   0.002968810958
 14.060000000000   0.002994828111
 14.080000000000   0.003049465604
 14.100000000000   0.002918590810
 14.120000000000   0.002982691435
 14.140000000000   0.002934132344
 14.160000000000   0.003024854150
 14.180000000000   0.003008215932
 14.200000000000   0.002995839209
 14.220000000000   0.002985238056
 14.240000000000   0.003023813390
 14.260000000000   0.002976538707
 14.280000000000   0.002972934748
 14.300000000000   0.002995256229
 14.320000000000   0.002988893743
 14.340000000000   0.002994014966
 14.360000000000   0.003029048703
 14.380000000000   0.003014570311
 14.400000000000   0.002993013935
 14.420000000000   0.002945806043
 14.440000000000   0.002935717211
 14.460000000000   0.003002536718
 14.480000000000   0.003020297010
 14.500000000000   0.003024572493
 14.520000000000   0.003021018278
 14.540000000000   0.003011181408
 14.560000000000   0.002947696825
 14.580000000000   0.003031844567
 14.600000000000   0.002982328452
 14.620000000000   0.002986502341
 14.640000000000   0.003124197190
 14.660000000000   0.002950033595
 14.680000000000   0.002965811945
 14.700000000000   0.003027530886
 14.720000000000   0.002944501887
 14.740000000000   0.003059742051
 14.760000000000   0.002972808685
 14.780000000000   0.002970091889
 14.800000000000   0.003022037411
 14.820000000000   0.003013268022
 14.840000000000   0.003049026432
 14.860000000000   0.003081479983
 14.880000000000   0.003014474455
 14.900000000000   0.003011911304
 14.920000000000   0.002955769220
 14.940000000000   0.003028074071
 14.960000000000   0.002994493193
 14.980000000000   0.002918375550
 15.000000000000   0.001702656647
