 -6.000000000000   0.056013301158
 -5.990000000000   0.055940193394
 -5.980000000000   0.055862975624
 -5.970000000000   0.055780692233
 -5.960000000000   0.055692506773
 -5.950000000000   0.055597811155
 -5.940000000000   0.055496343025
 -5.930000000000   0.055388284178
 -5.920000000000   0.055274293018
 -5.910000000000   0.055155428520
 -5.900000000000   0.055032963598
 -5.890000000000   0.054908140930
 -5.880000000000   0.054781956487
 -5.870000000000   0.054655043495
 -5.860000000000   0.054527683586
 -5.850000000000   0.054399921908
 -5.840000000000   0.054271730077
 -5.830000000000   0.054143148331
 -5.820000000000   0.054014343525
 -5.810000000000   0.053885545421
 -5.800000000000   0.053756872216
 -5.790000000000   0.053628113493
 -5.780000000000   0.053498573396
 -5.770000000000   0.053367062589
 -5.760000000000   0.053232069101
 -5.750000000000   0.053092068162
 -5.740000000000   0.052945881982
 -5.730000000000   0.052792983853
 -5.720000000000   0.052633654582
 -5.710000000000   0.052468940591
 -5.700000000000   0.052300426654
 -5.690000000000   0.052129901015
 -5.680000000000   0.051959022397
 -5.670000000000   0.051789077623
 -5.660000000000   0.051620862607
 -5.650000000000   0.051454669149
 -5.640000000000   0.051290341776
 -5.630000000000   0.051127377804
 -5.620000000000   0.050965058382
 -5.610000000000   0.050802602540
 -5.600000000000   0.050639327056
 -5.590000000000   0.050474780313
 -5.580000000000   0.050308813475
 -5.570000000000   0.050141569802
 -5.560000000000   0.049973407691
 -5.550000000000   0.049804800577
 -5.540000000000   0.049636254195
 -5.530000000000   0.049468252846
 -5.520000000000   0.049301220056
 -5.510000000000   0.049135478356
 -5.500000000000   0.048971211519
 -5.490000000000   0.048808447737
 -5.480000000000   0.048647079436
 -5.470000000000   0.048486916666
 -5.460000000000   0.048327747955
 -5.450000000000   0.048169372136
 -5.440000000000   0.048011579815
 -5.430000000000   0.047854097117
 -5.420000000000   0.047696530430
 -5.410000000000   0.047538347865
 -5.400000000000   0.047378906976
 -5.390000000000   0.047217514480
 -5.380000000000   0.047053501171
 -5.370000000000   0.046886307301
 -5.360000000000   0.046715576333
 -5.350000000000   0.046541236136
 -5.340000000000   0.046363526847
 -5.330000000000   0.046182945777
 -5.320000000000   0.046000124376
 -5.310000000000   0.045815694606
 -5.300000000000   0.045630206263
 -5.290000000000   0.045444121760
 -5.280000000000   0.045257867821
 -5.270000000000   0.045071893126
 -5.260000000000   0.044886681671
 -5.250000000000   0.044702700240
 -5.240000000000   0.044520296208
 -5.230000000000   0.044339587065
 -5.220000000000   0.044160386896
 -5.210000000000   0.043982202834
 -5.200000000000   0.043804313860
 -5.190000000000   0.043625919750
 -5.180000000000   0.043446325735
 -5.170000000000   0.043265116173
 -5.160000000000   0.043082272725
 -5.150000000000   0.042898208541
 -5.140000000000   0.042713713681
 -5.130000000000   0.042529828603
 -5.120000000000   0.042347675773
 -5.110000000000   0.042168283473
 -5.100000000000   0.041992429693
 -5.090000000000   0.041820519310
 -5.080000000000   0.041652496554
 -5.070000000000   0.041487800321
 -5.060000000000   0.041325385356
 -5.050000000000   0.041163834099
 -5.040000000000   0.041001558714
 -5.030000000000   0.040837053480
 -5.020000000000   0.040669131504
 -5.010000000000   0.040497084898
 -5.000000000000   0.040320739760
 -4.990000000000   0.040140413890
 -4.980000000000   0.039956806327
 -4.970000000000   0.039770851317
 -4.960000000000   0.039583565330
 -4.950000000000   0.039395911181
 -4.940000000000   0.039208697198
 -4.930000000000   0.039022518316
 -4.920000000000   0.038837731434
 -4.910000000000   0.038654447772
 -4.900000000000   0.038472529871
 -4.890000000000   0.038291599569
 -4.880000000000   0.038111081548
 -4.870000000000   0.037930306416
 -4.860000000000   0.037748671611
 -4.850000000000   0.037565821819
 -4.840000000000   0.037381787341
 -4.830000000000   0.037197025052
 -4.820000000000   0.037012340050
 -4.810000000000   0.036828709831
 -4.800000000000   0.036647066977
 -4.790000000000   0.036468106278
 -4.780000000000   0.036292164172
 -4.770000000000   0.036119183813
 -4.760000000000   0.035948750221
 -4.750000000000   0.035780170759
 -4.740000000000   0.035612581255
 -4.730000000000   0.035445064462
 -4.720000000000   0.035276770100
 -4.710000000000   0.035107026799
 -4.700000000000   0.034935437271
 -4.690000000000   0.034761947728
 -4.680000000000   0.034586879209
 -4.670000000000   0.034410903396
 -4.660000000000   0.034234945852
 -4.650000000000   0.034060014711
 -4.640000000000   0.033886984539
 -4.630000000000   0.033716399411
 -4.620000000000   0.033548368947
 -4.610000000000   0.033382597173
 -4.600000000000   0.033218521532
 -4.590000000000   0.033055491244
 -4.580000000000   0.032892912899
 -4.570000000000   0.032730329255
 -4.560000000000   0.032567440349
 -4.550000000000   0.032404096273
 -4.540000000000   0.032240284635
 -4.530000000000   0.032076117426
 -4.520000000000   0.031911809035
 -4.510000000000   0.031747638838
 -4.500000000000   0.031583905410
 -4.490000000000   0.031420891135
 -4.480000000000   0.031258851996
 -4.470000000000   0.031098028584
 -4.460000000000   0.030938657534
 -4.450000000000   0.030780963461
 -4.440000000000   0.030625129325
 -4.430000000000   0.030471261553
 -4.420000000000   0.030319370013
 -4.410000000000   0.030169372630
 -4.400000000000   0.030021122314
 -4.390000000000   0.029874447601
 -4.380000000000   0.029729196509
 -4.370000000000   0.029585272167
 -4.360000000000   0.029442648969
 -4.350000000000   0.029301361768
 -4.340000000000   0.029161469820
 -4.330000000000   0.029023010847
 -4.320000000000   0.028885969785
 -4.310000000000   0.028750280077
 -4.300000000000   0.028615853088
 -4.290000000000   0.028482610753
 -4.280000000000   0.028350495928
 -4.270000000000   0.028219452870
 -4.260000000000   0.028089390581
 -4.250000000000   0.027960151329
 -4.240000000000   0.027831504836
 -4.230000000000   0.027703178698
 -4.220000000000   0.027574920217
 -4.210000000000   0.027446569571
 -4.200000000000   0.027318118351
 -4.190000000000   0.027189734843
 -4.180000000000   0.027061750963
 -4.170000000000   0.026934614303
 -4.160000000000   0.026808810150
 -4.150000000000   0.026684760975
 -4.140000000000   0.026562721043
 -4.130000000000   0.026442695080
 -4.120000000000   0.026324410072
 -4.110000000000   0.026207354441
 -4.100000000000   0.026090876614
 -4.090000000000   0.025974316525
 -4.080000000000   0.025857136284
 -4.070000000000   0.025739021337
 -4.060000000000   0.025619935709
 -4.050000000000   0.025500126353
 -4.040000000000   0.025380079241
 -4.030000000000   0.025260436124
 -4.020000000000   0.025141887975
 -4.010000000000   0.025025066898
 -4.000000000000   0.024910459849
 -3.990000000000   0.024798362549
 -3.980000000000   0.024688879739
 -3.970000000000   0.024581961289
 -3.960000000000   0.024477450988
 -3.950000000000   0.024375125028
 -3.940000000000   0.024274711487
 -3.930000000000   0.024175900714
 -3.920000000000   0.024078364887
 -3.910000000000   0.023981796002
 -3.900000000000   0.023885952181
 -3.890000000000   0.023790688831
 -3.880000000000   0.023695956305
 -3.870000000000   0.023601766052
 -3.860000000000   0.023508145686
 -3.850000000000   0.023415104731
 -3.840000000000   0.023322618085
 -3.830000000000   0.023230618381
 -3.820000000000   0.023138985946
 -3.810000000000   0.023047537345
 -3.800000000000   0.022956027423
 -3.790000000000   0.022864180503
 -3.780000000000   0.022771751282
 -3.770000000000   0.022678596282
 -3.760000000000   0.022584726672
 -3.750000000000   0.022490319397
 -3.740000000000   0.022395682662
 -3.730000000000   0.022301192205
 -3.720000000000   0.022207223280
 -3.710000000000   0.022114096824
 -3.700000000000   0.022022048124
 -3.690000000000   0.021931223500
 -3.680000000000   0.021841709720
 -3.670000000000   0.021753589025
 -3.660000000000   0.021666992147
 -3.650000000000   0.021582113327
 -3.640000000000   0.021499169583
 -3.630000000000   0.021418321262
 -3.620000000000   0.021339595558
 -3.610000000000   0.021262850699
 -3.600000000000   0.021187792043
 -3.590000000000   0.021114025623
 -3.580000000000   0.021041126603
 -3.570000000000   0.020968706763
 -3.560000000000   0.020896473962
 -3.550000000000   0.020824279627
 -3.540000000000   0.020752148784
 -3.530000000000   0.020680285669
 -3.520000000000   0.020609050133
 -3.510000000000   0.020538906375
 -3.500000000000   0.020470353903
 -3.490000000000   0.020403856973
 -3.480000000000   0.020339789394
 -3.470000000000   0.020278405202
 -3.460000000000   0.020219835389
 -3.450000000000   0.020164101595
 -3.440000000000   0.020111132898
 -3.430000000000   0.020060772953
 -3.420000000000   0.020012771908
 -3.410000000000   0.019966768761
 -3.400000000000   0.019922279863
 -3.390000000000   0.019878711853
 -3.380000000000   0.019835410335
 -3.370000000000   0.019791741999
 -3.360000000000   0.019747192890
 -3.350000000000   0.019701454792
 -3.340000000000   0.019654471059
 -3.330000000000   0.019606424792
 -3.320000000000   0.019557671607
 -3.310000000000   0.019508637726
 -3.300000000000   0.019459714695
 -3.290000000000   0.019411181782
 -3.280000000000   0.019363176896
 -3.270000000000   0.019315720596
 -3.260000000000   0.019268781815
 -3.250000000000   0.019222363708
 -3.240000000000   0.019176584503
 -3.230000000000   0.019131728805
 -3.220000000000   0.019088248594
 -3.210000000000   0.019046703686
 -3.200000000000   0.019007650989
 -3.190000000000   0.018971514607
 -3.180000000000   0.018938481361
 -3.170000000000   0.018908458671
 -3.160000000000   0.018881107437
 -3.150000000000   0.018855935710
 -3.140000000000   0.018832422817
 -3.130000000000   0.018810141373
 -3.120000000000   0.018788850175
 -3.110000000000   0.018768538096
 -3.100000000000   0.018749407537
 -3.090000000000   0.018731799713
 -3.080000000000   0.018716082765
 -3.070000000000   0.018702538651
 -3.060000000000   0.018691284659
 -3.050000000000   0.018682248853
 -3.040000000000   0.018675197108
 -3.030000000000   0.018669796166
 -3.020000000000   0.018665694776
 -3.010000000000   0.018662605029
 -3.000000000000   0.018660362447
 -2.990000000000   0.018658942115
 -2.980000000000   0.018658420560
 -2.970000000000   0.018658898894
 -2.960000000000   0.018660425238
 -2.950000000000   0.018662954566
 -2.940000000000   0.018666359700
 -2.930000000000   0.018670476593
 -2.920000000000   0.018675153339
 -2.910000000000   0.018680282309
 -2.900000000000   0.018685814792
 -2.890000000000   0.018691769044
 -2.880000000000   0.018698239524
 -2.870000000000   0.018705405026
 -2.860000000000   0.018713526218
 -2.850000000000   0.018722922890
 -2.840000000000   0.018733927688
 -2.830000000000   0.018746823913
 -2.820000000000   0.018761785758
 -2.810000000000   0.018778843596
 -2.800000000000   0.018797889771
 -2.790000000000   0.018818722816
 -2.780000000000   0.018841109711
 -2.770000000000   0.018864838010
 -2.760000000000   0.018889736948
 -2.750000000000   0.018915663775
 -2.740000000000   0.018942469149
 -2.730000000000   0.018969964741
 -2.720000000000   0.018997913525
 -2.710000000000   0.019026051661
 -2.700000000000   0.019054138689
 -2.690000000000   0.019082025263
 -2.680000000000   0.019109723795
 -2.670000000000   0.019137463924
 -2.660000000000   0.019165712077
 -2.650000000000   0.019195137029
 -2.640000000000   0.019226515799
 -2.630000000000   0.019260597275
 -2.620000000000   0.019297965617
 -2.610000000000   0.019338953942
 -2.600000000000   0.019383639211
 -2.590000000000   0.019431909559
 -2.580000000000   0.019483561825
 -2.570000000000   0.019538382548
 -2.560000000000   0.019596190492
 -2.550000000000   0.019656849516
 -2.540000000000   0.019720272810
 -2.530000000000   0.019786429083
 -2.520000000000   0.019855344620
 -2.510000000000   0.019927089583
 -2.500000000000   0.020001746029
 -2.490000000000   0.020079368810
 -2.480000000000   0.020159957187
 -2.470000000000   0.020243450788
 -2.460000000000   0.020329752711
 -2.450000000000   0.020418771649
 -2.440000000000   0.020510466504
 -2.430000000000   0.020604873299
 -2.420000000000   0.020702099192
 -2.410000000000   0.020802282908
 -2.400000000000   0.020905537206
 -2.390000000000   0.021011896991
 -2.380000000000   0.021121293078
 -2.370000000000   0.021233560901
 -2.360000000000   0.021348481367
 -2.350000000000   0.021465841655
 -2.340000000000   0.021585499115
 -2.330000000000   0.021707431686
 -2.320000000000   0.021831762239
 -2.310000000000   0.021958750857
 -2.300000000000   0.022088757256
 -2.290000000000   0.022222183639
 -2.280000000000   0.022359415008
 -2.270000000000   0.022500777290
 -2.260000000000   0.022646529299
 -2.250000000000   0.022796889973
 -2.240000000000   0.022952083510
 -2.230000000000   0.023112374233
 -2.220000000000   0.023278068342
 -2.210000000000   0.023449477203
 -2.200000000000   0.023626854880
 -2.190000000000   0.023810331668
 -2.180000000000   0.023999864290
 -2.170000000000   0.024195216995
 -2.160000000000   0.024395979461
 -2.150000000000   0.024601617491
 -2.140000000000   0.024811543669
 -2.130000000000   0.025025192749
 -2.120000000000   0.025242092148
 -2.110000000000   0.025461924160
 -2.100000000000   0.025684575161
 -2.090000000000   0.025910159672
 -2.080000000000   0.026139005302
 -2.070000000000   0.026371595682
 -2.060000000000   0.026608486097
 -2.050000000000   0.026850217744
 -2.040000000000   0.027097254555
 -2.030000000000   0.027349954919
 -2.020000000000   0.027608577126
 -2.010000000000   0.027873308358
 -2.000000000000   0.028144304098
 -1.990000000000   0.028421727372
 -1.980000000000   0.028705782402
 -1.970000000000   0.028996740174
 -1.960000000000   0.029294950156
 -1.950000000000   0.029600827189
 -1.940000000000   0.029914805445
 -1.930000000000   0.030237266615
 -1.920000000000   0.030568468834
 -1.910000000000   0.030908511209
 -1.900000000000   0.031257356345
 -1.890000000000   0.031614905114
 -1.880000000000   0.031981092418
 -1.870000000000   0.032355967535
 -1.860000000000   0.032739737782
 -1.850000000000   0.033132772974
 -1.840000000000   0.033535575920
 -1.830000000000   0.033948723996
 -1.820000000000   0.034372790619
 -1.810000000000   0.034808265360
 -1.800000000000   0.035255495933
 -1.790000000000   0.035714666150
 -1.780000000000   0.036185806757
 -1.770000000000   0.036668824778
 -1.760000000000   0.037163539425
 -1.750000000000   0.037669723768
 -1.740000000000   0.038187158979
 -1.730000000000   0.038715703826
 -1.720000000000   0.039255367161
 -1.710000000000   0.039806353340
 -1.700000000000   0.040369044316
 -1.690000000000   0.040943903545
 -1.680000000000   0.041531333184
 -1.670000000000   0.042131554177
 -1.660000000000   0.042744572266
 -1.650000000000   0.043370243533
 -1.640000000000   0.044008400077
 -1.630000000000   0.044658975377
 -1.620000000000   0.045322083387
 -1.610000000000   0.045998035124
 -1.600000000000   0.046687299152
 -1.590000000000   0.047390420646
 -1.580000000000   0.048107916630
 -1.570000000000   0.048840171270
 -1.560000000000   0.049587361042
 -1.550000000000   0.050349435339
 -1.540000000000   0.051126160499
 -1.530000000000   0.051917208921
 -1.520000000000   0.052722251199
 -1.510000000000   0.053541004411
 -1.500000000000   0.054373213964
 -1.490000000000   0.055218588050
 -1.480000000000   0.056076734753
 -1.470000000000   0.056947152159
 -1.460000000000   0.057829294214
 -1.450000000000   0.058722696912
 -1.440000000000   0.059627117564
 -1.430000000000   0.060542626324
 -1.420000000000   0.061469600909
 -1.410000000000   0.062408611721
 -1.400000000000   0.063360231423
 -1.390000000000   0.064324836587
 -1.380000000000   0.065302469931
 -1.370000000000   0.066292801213
 -1.360000000000   0.067295184690
 -1.350000000000   0.068308783323
 -1.340000000000   0.069332718819
 -1.330000000000   0.070366203874
 -1.320000000000   0.071408616761
 -1.310000000000   0.072459494860
 -1.300000000000   0.073518451730
 -1.290000000000   0.074585049079
 -1.280000000000   0.075658670096
 -1.270000000000   0.076738442483
 -1.260000000000   0.077823244882
 -1.250000000000   0.078911791882
 -1.240000000000   0.080002737924
 -1.230000000000   0.081094706335
 -1.220000000000   0.082186179540
 -1.210000000000   0.083275281143
 -1.200000000000   0.084359578291
 -1.190000000000   0.085436054474
 -1.180000000000   0.086501323187
 -1.170000000000   0.087552022743
 -1.160000000000   0.088585237326
 -1.150000000000   0.089598786319
 -1.140000000000   0.090591305740
 -1.130000000000   0.091562150881
 -1.120000000000   0.092511211696
 -1.110000000000   0.093438728230
 -1.100000000000   0.094345147303
 -1.090000000000   0.095231016186
 -1.080000000000   0.096096891800
 -1.070000000000   0.096943255939
 -1.060000000000   0.097770450604
 -1.050000000000   0.098578662730
 -1.040000000000   0.099367981852
 -1.030000000000   0.100138526438
 -1.020000000000   0.100890597383
 -1.010000000000   0.101624794139
 -1.000000000000   0.102342040136
 -0.990000000000   0.103043507035
 -0.980000000000   0.103730472465
 -0.970000000000   0.104404158872
 -0.960000000000   0.105065577306
 -0.950000000000   0.105715372995
 -0.940000000000   0.106353677144
 -0.930000000000   0.106980007762
 -0.920000000000   0.107593286810
 -0.910000000000   0.108192016518
 -0.900000000000   0.108774597305
 -0.890000000000   0.109339715338
 -0.880000000000   0.109886704977
 -0.870000000000   0.110415798426
 -0.860000000000   0.110928204317
 -0.850000000000   0.111426003661
 -0.840000000000   0.111911899349
 -0.830000000000   0.112388884853
 -0.820000000000   0.112859911553
 -0.810000000000   0.113327645470
 -0.800000000000   0.113794399940
 -0.790000000000   0.114262277714
 -0.780000000000   0.114733457497
 -0.770000000000   0.115210479396
 -0.760000000000   0.115696388881
 -0.750000000000   0.116194687294
 -0.740000000000   0.116709136472
 -0.730000000000   0.117243510918
 -0.720000000000   0.117801385618
 -0.710000000000   0.118386030314
 -0.700000000000   0.119000458360
 -0.690000000000   0.119647623532
 -0.680000000000   0.120330675523
 -0.670000000000   0.121053131834
 -0.660000000000   0.121818850336
 -0.650000000000   0.122631778356
 -0.640000000000   0.123495551754
 -0.630000000000   0.124413073964
 -0.620000000000   0.125386208034
 -0.610000000000   0.126415673751
 -0.600000000000   0.127501172602
 -0.590000000000   0.128641680349
 -0.580000000000   0.129835773422
 -0.570000000000   0.131081834315
 -0.560000000000   0.132378052493
 -0.550000000000   0.133722276307
 -0.540000000000   0.135111878958
 -0.530000000000   0.136543787564
 -0.520000000000   0.138014698030
 -0.510000000000   0.139521357349
 -0.500000000000   0.141060736894
 -0.490000000000   0.142629973960
 -0.480000000000   0.144226084602
 -0.470000000000   0.145845576948
 -0.460000000000   0.147484152683
 -0.450000000000   0.149136641973
 -0.440000000000   0.150797196881
 -0.430000000000   0.152459640704
 -0.420000000000   0.154117807597
 -0.410000000000   0.155765736130
 -0.400000000000   0.157397677060
 -0.390000000000   0.159007986881
 -0.380000000000   0.160591053402
 -0.370000000000   0.162141398043
 -0.360000000000   0.163654007504
 -0.350000000000   0.165124805851
 -0.340000000000   0.166551084111
 -0.330000000000   0.167931739651
 -0.320000000000   0.169267320487
 -0.310000000000   0.170559998391
 -0.300000000000   0.171813597579
 -0.290000000000   0.173033688395
 -0.280000000000   0.174227628745
 -0.270000000000   0.175404400144
 -0.260000000000   0.176574146822
 -0.250000000000   0.177747430020
 -0.240000000000   0.178934305457
 -0.230000000000   0.180143388277
 -0.220000000000   0.181381061168
 -0.210000000000   0.182650904940
 -0.200000000000   0.183953325094
 -0.190000000000   0.185285268095
 -0.180000000000   0.186639903034
 -0.170000000000   0.188006193682
 -0.160000000000   0.189368385448
 -0.150000000000   0.190705545695
 -0.140000000000   0.191991374241
 -0.130000000000   0.193194495335
 -0.120000000000   0.194279336902
 -0.110000000000   0.195207537438
 -0.100000000000   0.195939677325
 -0.090000000000   0.196437082085
 -0.080000000000   0.196663507334
 -0.070000000000   0.196586654805
 -0.060000000000   0.196179636068
 -0.050000000000   0.195422632623
 -0.040000000000   0.194304999879
 -0.030000000000   0.192827838076
 -0.020000000000   0.191006638148
 -0.010000000000   0.188873214300
  0.000000000000   0.186476024985
  0.010000000000   0.183878282361
  0.020000000000   0.181153843085
  0.030000000000   0.178381502250
  0.040000000000   0.175638735534
  0.050000000000   0.172996025185
  0.060000000000   0.170512668869
  0.070000000000   0.168234524546
  0.080000000000   0.166193663070
  0.090000000000   0.164409527579
  0.100000000000   0.162891002102
  0.110000000000   0.161638777572
  0.120000000000   0.160647539509
  0.130000000000   0.159907719810
  0.140000000000   0.159406765260
  0.150000000000   0.159130003334
  0.160000000000   0.159061209107
  0.170000000000   0.159182935558
  0.180000000000   0.159476638732
  0.190000000000   0.159922657497
  0.200000000000   0.160500169521
  0.210000000000   0.161187269871
  0.220000000000   0.161961275235
  0.230000000000   0.162799279209
  0.240000000000   0.163678910285
  0.250000000000   0.164579171916
  0.260000000000   0.165481169740
  0.270000000000   0.166368500261
  0.280000000000   0.167227159470
  0.290000000000   0.168045038567
  0.300000000000   0.168811297112
  0.310000000000   0.169515973807
  0.320000000000   0.170150039775
  0.330000000000   0.170705829987
  0.340000000000   0.171177603281
  0.350000000000   0.171561977948
  0.360000000000   0.171858100463
  0.370000000000   0.172067514573
  0.380000000000   0.172193770821
  0.390000000000   0.172241875032
  0.400000000000   0.172217705921
  0.410000000000   0.172127492443
  0.420000000000   0.171977344093
  0.430000000000   0.171772765177
  0.440000000000   0.171518131793
  0.450000000000   0.171216234058
  0.460000000000   0.170868070887
  0.470000000000   0.170473044929
  0.480000000000   0.170029561932
  0.490000000000   0.169535892850
  0.500000000000   0.168991091351
  0.510000000000   0.168395771745
  0.520000000000   0.167752593217
  0.530000000000   0.167066348482
  0.540000000000   0.166343638638
  0.550000000000   0.165592227584
  0.560000000000   0.164820260027
  0.570000000000   0.164035546560
  0.580000000000   0.163245060331
  0.590000000000   0.162454689543
  0.600000000000   0.161669202800
  0.610000000000   0.160892347519
  0.620000000000   0.160127011378
  0.630000000000   0.159375395272
  0.640000000000   0.158639149241
  0.650000000000   0.157919429776
  0.660000000000   0.157216878343
  0.670000000000   0.156531586701
  0.680000000000   0.155863154019
  0.690000000000   0.155210910481
  0.700000000000   0.154574287023
  0.710000000000   0.153953206911
  0.720000000000   0.153348330157
  0.730000000000   0.152761026236
  0.740000000000   0.152193056589
  0.750000000000   0.151646056434
  0.760000000000   0.151120970001
  0.770000000000   0.150617600825
  0.780000000000   0.150134393699
  0.790000000000   0.149668481378
  0.800000000000   0.149215939607
  0.810000000000   0.148772143355
  0.820000000000   0.148332130543
  0.830000000000   0.147890937880
  0.840000000000   0.147443923935
  0.850000000000   0.146987092426
  0.860000000000   0.146517378099
  0.870000000000   0.146032812707
  0.880000000000   0.145532501064
  0.890000000000   0.145016402545
  0.900000000000   0.144484983494
  0.910000000000   0.143938844741
  0.920000000000   0.143378432127
  0.930000000000   0.142803910796
  0.940000000000   0.142215226583
  0.950000000000   0.141612305263
  0.960000000000   0.140995286392
  0.970000000000   0.140364679939
  0.980000000000   0.139721374129
  0.990000000000   0.139066495588
  1.000000000000   0.138401195869
  1.010000000000   0.137726469080
  1.020000000000   0.137043069374
  1.030000000000   0.136351523963
  1.040000000000   0.135652193697
  1.050000000000   0.134945349575
  1.060000000000   0.134231269772
  1.070000000000   0.133510364377
  1.080000000000   0.132783303465
  1.090000000000   0.132051097057
  1.100000000000   0.131315076363
  1.110000000000   0.130576751093
  1.120000000000   0.129837560446
  1.130000000000   0.129098588205
  1.140000000000   0.128360352341
  1.150000000000   0.127622773109
  1.160000000000   0.126885354926
  1.170000000000   0.126147512756
  1.180000000000   0.125408894395
  1.190000000000   0.124669552068
  1.200000000000   0.123929905940
  1.210000000000   0.123190560645
  1.220000000000   0.122452100297
  1.230000000000   0.121714959334
  1.240000000000   0.120979390849
  1.250000000000   0.120245508345
  1.260000000000   0.119513384363
  1.270000000000   0.118783201891
  1.280000000000   0.118055428154
  1.290000000000   0.117330938194
  1.300000000000   0.116611017080
  1.310000000000   0.115897230464
  1.320000000000   0.115191222689
  1.330000000000   0.114494522323
  1.340000000000   0.113808405444
  1.350000000000   0.113133825922
  1.360000000000   0.112471392839
  1.370000000000   0.111821358238
  1.380000000000   0.111183580713
  1.390000000000   0.110557464428
  1.400000000000   0.109941924484
  1.410000000000   0.109335453992
  1.420000000000   0.108736333336
  1.430000000000   0.108142943932
  1.440000000000   0.107554081652
  1.450000000000   0.106969155466
  1.460000000000   0.106388206802
  1.470000000000   0.105811759616
  1.480000000000   0.105240569247
  1.490000000000   0.104675355774
  1.500000000000   0.104116587205
  1.510000000000   0.103564346227
  1.520000000000   0.103018298377
  1.530000000000   0.102477776986
  1.540000000000   0.101941984622
  1.550000000000   0.101410269672
  1.560000000000   0.100882393526
  1.570000000000   0.100358693534
  1.580000000000   0.099840079850
  1.590000000000   0.099327861437
  1.600000000000   0.098823452806
  1.610000000000   0.098328054143
  1.620000000000   0.097842412205
  1.630000000000   0.097366742982
  1.640000000000   0.096900828973
  1.650000000000   0.096444228337
  1.660000000000   0.095996498503
  1.670000000000   0.095557358410
  1.680000000000   0.095126762805
  1.690000000000   0.094704901691
  1.700000000000   0.094292152133
  1.710000000000   0.093889003232
  1.720000000000   0.093495962402
  1.730000000000   0.093113446783
  1.740000000000   0.092741673658
  1.750000000000   0.092380580684
  1.760000000000   0.092029814266
  1.770000000000   0.091688807289
  1.780000000000   0.091356927418
  1.790000000000   0.091033638733
  1.800000000000   0.090718610828
  1.810000000000   0.090411736090
  1.820000000000   0.090113057855
  1.830000000000   0.089822644927
  1.840000000000   0.089540459491
  1.850000000000   0.089266259777
  1.860000000000   0.088999565085
  1.870000000000   0.088739689885
  1.880000000000   0.088485825134
  1.890000000000   0.088237123270
  1.900000000000   0.087992751340
  1.910000000000   0.087751913787
  1.920000000000   0.087513880270
  1.930000000000   0.087278050948
  1.940000000000   0.087044053207
  1.950000000000   0.086811825792
  1.960000000000   0.086581643389
  1.970000000000   0.086354066496
  1.980000000000   0.086129838086
  1.990000000000   0.085909763455
  2.000000000000   0.085694601397
  2.010000000000   0.085484979241
  2.020000000000   0.085281335104
  2.030000000000   0.085083889247
  2.040000000000   0.084892645639
  2.050000000000   0.084707421197
  2.060000000000   0.084527898111
  2.070000000000   0.084353697612
  2.080000000000   0.084184475668
  2.090000000000   0.084020032851
  2.100000000000   0.083860411688
  2.110000000000   0.083705938014
  2.120000000000   0.083557168589
  2.130000000000   0.083414743528
  2.140000000000   0.083279189380
  2.150000000000   0.083150743200
  2.160000000000   0.083029252966
  2.170000000000   0.082914171640
  2.180000000000   0.082804633461
  2.190000000000   0.082699598231
  2.200000000000   0.082598053809
  2.210000000000   0.082499245493
  2.220000000000   0.082402852126
  2.230000000000   0.082309002855
  2.240000000000   0.082218081065
  2.250000000000   0.082130383405
  2.260000000000   0.082045806665
  2.270000000000   0.081963735221
  2.280000000000   0.081883187542
  2.290000000000   0.081803129334
  2.300000000000   0.081722771963
  2.310000000000   0.081641696154
  2.320000000000   0.081559748129
  2.330000000000   0.081476778766
  2.340000000000   0.081392367218
  2.350000000000   0.081305659738
  2.360000000000   0.081215383396
  2.370000000000   0.081120012744
  2.380000000000   0.081018018022
  2.390000000000   0.080908119019
  2.400000000000   0.080789493897
  2.410000000000   0.080661920661
  2.420000000000   0.080525841929
  2.430000000000   0.080382341668
  2.440000000000   0.080233021883
  2.450000000000   0.080079781929
  2.460000000000   0.079924529228
  2.470000000000   0.079768871480
  2.480000000000   0.079613847616
  2.490000000000   0.079459751563
  2.500000000000   0.079306092268
  2.510000000000   0.079151710589
  2.520000000000   0.078995038171
  2.530000000000   0.078834448532
  2.540000000000   0.078668631850
  2.550000000000   0.078496922713
  2.560000000000   0.078319511426
  2.570000000000   0.078137471192
  2.580000000000   0.077952555981
  2.590000000000   0.077766787969
  2.600000000000   0.077581941488
  2.610000000000   0.077399087995
  2.620000000000   0.077218350246
  2.630000000000   0.077038928524
  2.640000000000   0.076859353121
  2.650000000000   0.076677838961
  2.660000000000   0.076492602676
  2.670000000000   0.076302048198
  2.680000000000   0.076104806019
  2.690000000000   0.075899686034
  2.700000000000   0.075685639282
  2.710000000000   0.075461801661
  2.720000000000   0.075227627106
  2.730000000000   0.074983053126
  2.740000000000   0.074728620627
  2.750000000000   0.074465499927
  2.760000000000   0.074195423898
  2.770000000000   0.073920557476
  2.780000000000   0.073643327933
  2.790000000000   0.073366222899
  2.800000000000   0.073091558690
  2.810000000000   0.072821236052
  2.820000000000   0.072556522307
  2.830000000000   0.072297912802
  2.840000000000   0.072045116889
  2.850000000000   0.071797180545
  2.860000000000   0.071552714575
  2.870000000000   0.071310169643
  2.880000000000   0.071068097105
  2.890000000000   0.070825346388
  2.900000000000   0.070581164013
  2.910000000000   0.070335178878
  2.920000000000   0.070087287659
  2.930000000000   0.069837484928
  2.940000000000   0.069585697931
  2.950000000000   0.069331676653
  2.960000000000   0.069074962628
  2.970000000000   0.068814931637
  2.980000000000   0.068550887198
  2.990000000000   0.068282173928
  3.000000000000   0.068008279111
  3.010000000000   0.067728898485
  3.020000000000   0.067443959422
  3.030000000000   0.067153614345
  3.040000000000   0.066858226155
  3.050000000000   0.066558356897
  3.060000000000   0.066254746093
  3.070000000000   0.065948246080
  3.080000000000   0.065639690460
  3.090000000000   0.065329711532
  3.100000000000   0.065018568907
  3.110000000000   0.064706067990
  3.120000000000   0.064391615690
  3.130000000000   0.064074398402
  3.140000000000   0.063753613224
  3.150000000000   0.063428666768
  3.160000000000   0.063099279082
  3.170000000000   0.062765476005
  3.180000000000   0.062427500055
  3.190000000000   0.062085696955
  3.200000000000   0.061740427904
  3.210000000000   0.061392023308
  3.220000000000   0.061040762894
  3.230000000000   0.060686867067
  3.240000000000   0.060330504004
  3.250000000000   0.059971819356
  3.260000000000   0.059610970447
  3.270000000000   0.059248129021
  3.280000000000   0.058883437892
  3.290000000000   0.058516951054
  3.300000000000   0.058148609057
  3.310000000000   0.057778280189
  3.320000000000   0.057405853567
  3.330000000000   0.057031338632
  3.340000000000   0.056654924839
  3.350000000000   0.056276978521
  3.360000000000   0.055897984295
  3.370000000000   0.055518461541
  3.380000000000   0.055138891995
  3.390000000000   0.054759681221
  3.400000000000   0.054381156873
  3.410000000000   0.054003595032
  3.420000000000   0.053627264200
  3.430000000000   0.053252476186
  3.440000000000   0.052879627658
  3.450000000000   0.052509209864
  3.460000000000   0.052141769100
  3.470000000000   0.051777821888
  3.480000000000   0.051417753789
  3.490000000000   0.051061739541
  3.500000000000   0.050709711954
  3.510000000000   0.050361390938
  3.520000000000   0.050016369403
  3.530000000000   0.049674232541
  3.540000000000   0.049334662853
  3.550000000000   0.048997478357
  3.560000000000   0.048662585109
  3.570000000000   0.048329881059
  3.580000000000   0.047999183570
  3.590000000000   0.047670237528
  3.600000000000   0.047342803037
  3.610000000000   0.047016762268
  3.620000000000   0.046692168589
  3.630000000000   0.046369200148
  3.640000000000   0.046048043640
  3.650000000000   0.045728774700
  3.660000000000   0.045411295384
  3.670000000000   0.045095350135
  3.680000000000   0.044780602125
  3.690000000000   0.044466735152
  3.700000000000   0.044153549922
  3.710000000000   0.043841029784
  3.720000000000   0.043529353014
  3.730000000000   0.043218839231
  3.740000000000   0.042909845464
  3.750000000000   0.042602654755
  3.760000000000   0.042297399833
  3.770000000000   0.041994036169
  3.780000000000   0.041692351834
  3.790000000000   0.041391997688
  3.800000000000   0.041092532697
  3.810000000000   0.040793486136
  3.820000000000   0.040494434428
  3.830000000000   0.040195081176
  3.840000000000   0.039895321052
  3.850000000000   0.039595266272
  3.860000000000   0.039295220989
  3.870000000000   0.038995602679
  3.880000000000   0.038696826916
  3.890000000000   0.038399188145
  3.900000000000   0.038102775574
  3.910000000000   0.037807450925
  3.920000000000   0.037512887937
  3.930000000000   0.037218650960
  3.940000000000   0.036924286721
  3.950000000000   0.036629415330
  3.960000000000   0.036333819098
  3.970000000000   0.036037528575
  3.980000000000   0.035740892811
  3.990000000000   0.035444605237
  4.000000000000   0.035149654581
