 -6.000000000000   0.059631490797
 -5.990000000000   0.059665493278
 -5.980000000000   0.059698297441
 -5.970000000000   0.059731039071
 -5.960000000000   0.059764680841
 -5.950000000000   0.059799850308
 -5.940000000000   0.059836759600
 -5.930000000000   0.059875212752
 -5.920000000000   0.059914686170
 -5.910000000000   0.059954459401
 -5.900000000000   0.059993768124
 -5.890000000000   0.060031940590
 -5.880000000000   0.060068471470
 -5.870000000000   0.060103001015
 -5.860000000000   0.060135207120
 -5.850000000000   0.060164665129
 -5.840000000000   0.060190755933
 -5.830000000000   0.060212688449
 -5.820000000000   0.060229650233
 -5.810000000000   0.060241033908
 -5.800000000000   0.060246644485
 -5.790000000000   0.060246801717
 -5.780000000000   0.060242305389
 -5.770000000000   0.060234290412
 -5.760000000000   0.060224027080
 -5.750000000000   0.060212717066
 -5.740000000000   0.060201317981
 -5.730000000000   0.060190415649
 -5.720000000000   0.060180157633
 -5.710000000000   0.060170259559
 -5.700000000000   0.060160089657
 -5.690000000000   0.060148819940
 -5.680000000000   0.060135608484
 -5.670000000000   0.060119762723
 -5.660000000000   0.060100842888
 -5.650000000000   0.060078693338
 -5.640000000000   0.060053417482
 -5.630000000000   0.060025322466
 -5.620000000000   0.059994852621
 -5.610000000000   0.059962516913
 -5.600000000000   0.059928806644
 -5.590000000000   0.059894101114
 -5.580000000000   0.059858570965
 -5.570000000000   0.059822104501
 -5.560000000000   0.059784288418
 -5.550000000000   0.059744461886
 -5.540000000000   0.059701836820
 -5.530000000000   0.059655652978
 -5.520000000000   0.059605324967
 -5.510000000000   0.059550541252
 -5.500000000000   0.059491292567
 -5.490000000000   0.059427835916
 -5.480000000000   0.059360626401
 -5.470000000000   0.059290252908
 -5.460000000000   0.059217391013
 -5.450000000000   0.059142757192
 -5.440000000000   0.059067038548
 -5.430000000000   0.058990789009
 -5.420000000000   0.058914310071
 -5.410000000000   0.058837551589
 -5.400000000000   0.058760070233
 -5.390000000000   0.058681072883
 -5.380000000000   0.058599549690
 -5.370000000000   0.058514469539
 -5.360000000000   0.058424983690
 -5.350000000000   0.058330579239
 -5.340000000000   0.058231146908
 -5.330000000000   0.058126963044
 -5.320000000000   0.058018612142
 -5.310000000000   0.057906881376
 -5.300000000000   0.057792646869
 -5.290000000000   0.057676759023
 -5.280000000000   0.057559934263
 -5.270000000000   0.057442671811
 -5.260000000000   0.057325220878
 -5.250000000000   0.057207611877
 -5.240000000000   0.057089738480
 -5.230000000000   0.056971456020
 -5.220000000000   0.056852661269
 -5.210000000000   0.056733332932
 -5.200000000000   0.056613525983
 -5.190000000000   0.056493322591
 -5.180000000000   0.056372754096
 -5.170000000000   0.056251720430
 -5.160000000000   0.056129934612
 -5.150000000000   0.056006907740
 -5.140000000000   0.055881977098
 -5.130000000000   0.055754379313
 -5.120000000000   0.055623375573
 -5.110000000000   0.055488425838
 -5.100000000000   0.055349375744
 -5.090000000000   0.055206585607
 -5.080000000000   0.055060929648
 -5.070000000000   0.054913638821
 -5.060000000000   0.054766030416
 -5.050000000000   0.054619220032
 -5.040000000000   0.054473913794
 -5.030000000000   0.054330331395
 -5.020000000000   0.054188247683
 -5.010000000000   0.054047104360
 -5.000000000000   0.053906147835
 -4.990000000000   0.053764569479
 -4.980000000000   0.053621629238
 -4.970000000000   0.053476735464
 -4.960000000000   0.053329460256
 -4.950000000000   0.053179498108
 -4.940000000000   0.053026600670
 -4.930000000000   0.052870522145
 -4.920000000000   0.052710997409
 -4.910000000000   0.052547763322
 -4.900000000000   0.052380621761
 -4.890000000000   0.052209526119
 -4.880000000000   0.052034659430
 -4.870000000000   0.051856473236
 -4.860000000000   0.051675671192
 -4.850000000000   0.051493140267
 -4.840000000000   0.051309846730
 -4.830000000000   0.051126722718
 -4.820000000000   0.050944572651
 -4.810000000000   0.050764024309
 -4.800000000000   0.050585531426
 -4.790000000000   0.050409406033
 -4.780000000000   0.050235839632
 -4.770000000000   0.050064885381
 -4.760000000000   0.049896414521
 -4.750000000000   0.049730094186
 -4.740000000000   0.049565428300
 -4.730000000000   0.049401862090
 -4.720000000000   0.049238906976
 -4.710000000000   0.049076227208
 -4.700000000000   0.048913649832
 -4.690000000000   0.048751101152
 -4.680000000000   0.048588511476
 -4.670000000000   0.048425743668
 -4.660000000000   0.048262582903
 -4.650000000000   0.048098788721
 -4.640000000000   0.047934178738
 -4.630000000000   0.047768699740
 -4.620000000000   0.047602447269
 -4.610000000000   0.047435614695
 -4.600000000000   0.047268380815
 -4.590000000000   0.047100771306
 -4.580000000000   0.046932543788
 -4.570000000000   0.046763144395
 -4.560000000000   0.046591765472
 -4.550000000000   0.046417500675
 -4.540000000000   0.046239552681
 -4.530000000000   0.046057420056
 -4.520000000000   0.045870996701
 -4.510000000000   0.045680561578
 -4.500000000000   0.045486689781
 -4.490000000000   0.045290142109
 -4.480000000000   0.045091774693
 -4.470000000000   0.044892471010
 -4.460000000000   0.044693070307
 -4.450000000000   0.044494272909
 -4.440000000000   0.044296536285
 -4.430000000000   0.044100003599
 -4.420000000000   0.043904503316
 -4.410000000000   0.043709629293
 -4.400000000000   0.043514879714
 -4.390000000000   0.043319815568
 -4.380000000000   0.043124193906
 -4.370000000000   0.042928034454
 -4.360000000000   0.042731595115
 -4.350000000000   0.042535265604
 -4.340000000000   0.042339426053
 -4.330000000000   0.042144334035
 -4.320000000000   0.041950084507
 -4.310000000000   0.041756644541
 -4.300000000000   0.041563925857
 -4.290000000000   0.041371845914
 -4.280000000000   0.041180348492
 -4.270000000000   0.040989392762
 -4.260000000000   0.040798946487
 -4.250000000000   0.040609011900
 -4.240000000000   0.040419679380
 -4.230000000000   0.040231175215
 -4.220000000000   0.040043868752
 -4.210000000000   0.039858227793
 -4.200000000000   0.039674738322
 -4.190000000000   0.039493819301
 -4.180000000000   0.039315762678
 -4.170000000000   0.039140717339
 -4.160000000000   0.038968717704
 -4.150000000000   0.038799739008
 -4.140000000000   0.038633751304
 -4.130000000000   0.038470748056
 -4.120000000000   0.038310739342
 -4.110000000000   0.038153716197
 -4.100000000000   0.037999604566
 -4.090000000000   0.037848230569
 -4.080000000000   0.037699311383
 -4.070000000000   0.037552470215
 -4.060000000000   0.037407258827
 -4.050000000000   0.037263169450
 -4.040000000000   0.037119632809
 -4.030000000000   0.036976017069
 -4.020000000000   0.036831646553
 -4.010000000000   0.036685846070
 -4.000000000000   0.036538000295
 -3.990000000000   0.036387610006
 -3.980000000000   0.036234328310
 -3.970000000000   0.036077965417
 -3.960000000000   0.035918461235
 -3.950000000000   0.035755841628
 -3.940000000000   0.035590187469
 -3.930000000000   0.035421642804
 -3.920000000000   0.035250467544
 -3.910000000000   0.035077112370
 -3.900000000000   0.034902274696
 -3.890000000000   0.034726896132
 -3.880000000000   0.034552086581
 -3.870000000000   0.034378996064
 -3.860000000000   0.034208681256
 -3.850000000000   0.034042013390
 -3.840000000000   0.033879649193
 -3.830000000000   0.033722052343
 -3.820000000000   0.033569529634
 -3.810000000000   0.033422248232
 -3.800000000000   0.033280226568
 -3.790000000000   0.033143320540
 -3.780000000000   0.033011233593
 -3.770000000000   0.032883558739
 -3.760000000000   0.032759831728
 -3.750000000000   0.032639563320
 -3.740000000000   0.032522235877
 -3.730000000000   0.032407282485
 -3.720000000000   0.032294087580
 -3.710000000000   0.032182036455
 -3.700000000000   0.032070604225
 -3.690000000000   0.031959442360
 -3.680000000000   0.031848419337
 -3.670000000000   0.031737601438
 -3.660000000000   0.031627194598
 -3.650000000000   0.031517481602
 -3.640000000000   0.031408775267
 -3.630000000000   0.031301383961
 -3.620000000000   0.031195571416
 -3.610000000000   0.031091498169
 -3.600000000000   0.030989152802
 -3.590000000000   0.030888301864
 -3.580000000000   0.030788490537
 -3.570000000000   0.030689106816
 -3.560000000000   0.030589493620
 -3.550000000000   0.030489074855
 -3.540000000000   0.030387460786
 -3.530000000000   0.030284509248
 -3.520000000000   0.030180331965
 -3.510000000000   0.030075245464
 -3.500000000000   0.029969677072
 -3.490000000000   0.029864049322
 -3.480000000000   0.029758673604
 -3.470000000000   0.029653681419
 -3.460000000000   0.029549013044
 -3.450000000000   0.029444471915
 -3.440000000000   0.029339835191
 -3.430000000000   0.029234988451
 -3.420000000000   0.029130038671
 -3.410000000000   0.029025366854
 -3.400000000000   0.028921605852
 -3.390000000000   0.028819553655
 -3.380000000000   0.028720046303
 -3.370000000000   0.028623819291
 -3.360000000000   0.028531386718
 -3.350000000000   0.028442962641
 -3.340000000000   0.028358437259
 -3.330000000000   0.028277407079
 -3.320000000000   0.028199250607
 -3.310000000000   0.028123237230
 -3.300000000000   0.028048649146
 -3.290000000000   0.027974887047
 -3.280000000000   0.027901533399
 -3.270000000000   0.027828366829
 -3.260000000000   0.027755342551
 -3.250000000000   0.027682560105
 -3.240000000000   0.027610230208
 -3.230000000000   0.027538640307
 -3.220000000000   0.027468114349
 -3.210000000000   0.027398967238
 -3.200000000000   0.027331461399
 -3.190000000000   0.027265774269
 -3.180000000000   0.027201979759
 -3.170000000000   0.027140039241
 -3.160000000000   0.027079796583
 -3.150000000000   0.027020981014
 -3.140000000000   0.026963233676
 -3.130000000000   0.026906174690
 -3.120000000000   0.026849510039
 -3.110000000000   0.026793151026
 -3.100000000000   0.026737302340
 -3.090000000000   0.026682479804
 -3.080000000000   0.026629443305
 -3.070000000000   0.026579061711
 -3.060000000000   0.026532150606
 -3.050000000000   0.026489329677
 -3.040000000000   0.026450933161
 -3.030000000000   0.026416983488
 -3.020000000000   0.026387218958
 -3.010000000000   0.026361157369
 -3.000000000000   0.026338175737
 -2.990000000000   0.026317587228
 -2.980000000000   0.026298701070
 -2.970000000000   0.026280861185
 -2.960000000000   0.026263470535
 -2.950000000000   0.026246013936
 -2.940000000000   0.026228089681
 -2.930000000000   0.026209452612
 -2.920000000000   0.026190061612
 -2.910000000000   0.026170114223
 -2.900000000000   0.026150044420
 -2.890000000000   0.026130465923
 -2.880000000000   0.026112067611
 -2.870000000000   0.026095497616
 -2.860000000000   0.026081283648
 -2.850000000000   0.026069813941
 -2.840000000000   0.026061360322
 -2.830000000000   0.026056098533
 -2.820000000000   0.026054095344
 -2.810000000000   0.026055272883
 -2.800000000000   0.026059388489
 -2.790000000000   0.026066059585
 -2.780000000000   0.026074831891
 -2.770000000000   0.026085266737
 -2.760000000000   0.026097022167
 -2.750000000000   0.026109911640
 -2.740000000000   0.026123931471
 -2.730000000000   0.026139254549
 -2.720000000000   0.026156196123
 -2.710000000000   0.026175163487
 -2.700000000000   0.026196601529
 -2.690000000000   0.026220943250
 -2.680000000000   0.026248571763
 -2.670000000000   0.026279797464
 -2.660000000000   0.026314849343
 -2.650000000000   0.026353875646
 -2.640000000000   0.026396950486
 -2.630000000000   0.026444088414
 -2.620000000000   0.026495270714
 -2.610000000000   0.026550480183
 -2.600000000000   0.026609731345
 -2.590000000000   0.026673081733
 -2.580000000000   0.026740620769
 -2.570000000000   0.026812446865
 -2.560000000000   0.026888647821
 -2.550000000000   0.026969291483
 -2.540000000000   0.027054421855
 -2.530000000000   0.027144050460
 -2.520000000000   0.027238135678
 -2.510000000000   0.027336551379
 -2.500000000000   0.027439057656
 -2.490000000000   0.027545295983
 -2.480000000000   0.027654829350
 -2.470000000000   0.027767229823
 -2.460000000000   0.027882188816
 -2.450000000000   0.027999605674
 -2.440000000000   0.028119612642
 -2.430000000000   0.028242522160
 -2.420000000000   0.028368722577
 -2.410000000000   0.028498575635
 -2.400000000000   0.028632364496
 -2.390000000000   0.028770308114
 -2.380000000000   0.028912618604
 -2.370000000000   0.029059555887
 -2.360000000000   0.029211439198
 -2.350000000000   0.029368603345
 -2.340000000000   0.029531321716
 -2.330000000000   0.029699736991
 -2.320000000000   0.029873833901
 -2.310000000000   0.030053462481
 -2.300000000000   0.030238392614
 -2.290000000000   0.030428367213
 -2.280000000000   0.030623128275
 -2.270000000000   0.030822411738
 -2.260000000000   0.031025929752
 -2.250000000000   0.031233367978
 -2.240000000000   0.031444415172
 -2.230000000000   0.031658820079
 -2.220000000000   0.031876451710
 -2.210000000000   0.032097335965
 -2.200000000000   0.032321655912
 -2.190000000000   0.032549724444
 -2.180000000000   0.032781950470
 -2.170000000000   0.033018814670
 -2.160000000000   0.033260854454
 -2.150000000000   0.033508645299
 -2.140000000000   0.033762767931
 -2.130000000000   0.034023764847
 -2.120000000000   0.034292101565
 -2.110000000000   0.034568146267
 -2.100000000000   0.034852169886
 -2.090000000000   0.035144359752
 -2.080000000000   0.035444839586
 -2.070000000000   0.035753691695
 -2.060000000000   0.036070979841
 -2.050000000000   0.036396775534
 -2.040000000000   0.036731194186
 -2.030000000000   0.037074441568
 -2.020000000000   0.037426853065
 -2.010000000000   0.037788892878
 -2.000000000000   0.038161088420
 -1.990000000000   0.038543910115
 -1.980000000000   0.038937645643
 -1.970000000000   0.039342328321
 -1.960000000000   0.039757751493
 -1.950000000000   0.040183555370
 -1.940000000000   0.040619341580
 -1.930000000000   0.041064768729
 -1.920000000000   0.041519601424
 -1.910000000000   0.041983710205
 -1.900000000000   0.042457041012
 -1.890000000000   0.042939584057
 -1.880000000000   0.043431369118
 -1.870000000000   0.043932498718
 -1.860000000000   0.044443209757
 -1.850000000000   0.044963935747
 -1.840000000000   0.045495334146
 -1.830000000000   0.046038255259
 -1.820000000000   0.046593660099
 -1.810000000000   0.047162526579
 -1.800000000000   0.047745791580
 -1.790000000000   0.048344353072
 -1.780000000000   0.048959119454
 -1.770000000000   0.049591068338
 -1.760000000000   0.050241273974
 -1.750000000000   0.050910874728
 -1.740000000000   0.051600971276
 -1.730000000000   0.052312470533
 -1.720000000000   0.053045916476
 -1.710000000000   0.053801366028
 -1.700000000000   0.054578362761
 -1.690000000000   0.055376030980
 -1.680000000000   0.056193270718
 -1.670000000000   0.057029002015
 -1.660000000000   0.057882397424
 -1.650000000000   0.058753052150
 -1.640000000000   0.059641060810
 -1.630000000000   0.060546990386
 -1.620000000000   0.061471757204
 -1.610000000000   0.062416432675
 -1.600000000000   0.063382019354
 -1.590000000000   0.064369250293
 -1.580000000000   0.065378461313
 -1.570000000000   0.066409563703
 -1.560000000000   0.067462110712
 -1.550000000000   0.068535418202
 -1.540000000000   0.069628682783
 -1.530000000000   0.070741050952
 -1.520000000000   0.071871628829
 -1.510000000000   0.073019462353
 -1.500000000000   0.074183533011
 -1.490000000000   0.075362795147
 -1.480000000000   0.076556247120
 -1.470000000000   0.077763005434
 -1.460000000000   0.078982346128
 -1.450000000000   0.080213685350
 -1.440000000000   0.081456488582
 -1.430000000000   0.082710126913
 -1.420000000000   0.083973730091
 -1.410000000000   0.085246098994
 -1.400000000000   0.086525719375
 -1.390000000000   0.087810872266
 -1.380000000000   0.089099793180
 -1.370000000000   0.090390819884
 -1.360000000000   0.091682489356
 -1.350000000000   0.092973575297
 -1.340000000000   0.094263075097
 -1.330000000000   0.095550155072
 -1.320000000000   0.096834056309
 -1.310000000000   0.098113963177
 -1.300000000000   0.099388847798
 -1.290000000000   0.100657321263
 -1.280000000000   0.101917533867
 -1.270000000000   0.103167161792
 -1.260000000000   0.104403496620
 -1.250000000000   0.105623624205
 -1.240000000000   0.106824648978
 -1.230000000000   0.108003898944
 -1.220000000000   0.109159050252
 -1.210000000000   0.110288143036
 -1.200000000000   0.111389503426
 -1.190000000000   0.112461612185
 -1.180000000000   0.113502961854
 -1.170000000000   0.114511938940
 -1.160000000000   0.115486766039
 -1.150000000000   0.116425526565
 -1.140000000000   0.117326256473
 -1.130000000000   0.118187042577
 -1.120000000000   0.119006059886
 -1.110000000000   0.119781525370
 -1.100000000000   0.120511602549
 -1.090000000000   0.121194312448
 -1.080000000000   0.121827490994
 -1.070000000000   0.122408814074
 -1.060000000000   0.122935904882
 -1.050000000000   0.123406528589
 -1.040000000000   0.123818851351
 -1.030000000000   0.124171702021
 -1.020000000000   0.124464752528
 -1.010000000000   0.124698552432
 -1.000000000000   0.124874414000
 -0.990000000000   0.124994209799
 -0.980000000000   0.125060171847
 -0.970000000000   0.125074759787
 -0.960000000000   0.125040619530
 -0.950000000000   0.124960612367
 -0.940000000000   0.124837871407
 -0.930000000000   0.124675838542
 -0.920000000000   0.124478246823
 -0.910000000000   0.124249037810
 -0.900000000000   0.123992236943
 -0.890000000000   0.123711835926
 -0.880000000000   0.123411726731
 -0.870000000000   0.123095694168
 -0.860000000000   0.122767430736
 -0.850000000000   0.122430523854
 -0.840000000000   0.122088393920
 -0.830000000000   0.121744211460
 -0.820000000000   0.121400853383
 -0.810000000000   0.121060943629
 -0.800000000000   0.120726971814
 -0.790000000000   0.120401434190
 -0.780000000000   0.120086928372
 -0.770000000000   0.119786161592
 -0.760000000000   0.119501883122
 -0.750000000000   0.119236796010
 -0.740000000000   0.118993512603
 -0.730000000000   0.118774580136
 -0.720000000000   0.118582541603
 -0.710000000000   0.118419966451
 -0.700000000000   0.118289419719
 -0.690000000000   0.118193411471
 -0.680000000000   0.118134411052
 -0.670000000000   0.118114974980
 -0.660000000000   0.118137942602
 -0.650000000000   0.118206573988
 -0.640000000000   0.118324513500
 -0.630000000000   0.118495570976
 -0.620000000000   0.118723439742
 -0.610000000000   0.119011502691
 -0.600000000000   0.119362781742
 -0.590000000000   0.119779954796
 -0.580000000000   0.120265323846
 -0.570000000000   0.120820699682
 -0.560000000000   0.121447285363
 -0.550000000000   0.122145681270
 -0.540000000000   0.122916070739
 -0.530000000000   0.123758543877
 -0.520000000000   0.124673458131
 -0.510000000000   0.125661734603
 -0.500000000000   0.126725013190
 -0.490000000000   0.127865611831
 -0.480000000000   0.129086265279
 -0.470000000000   0.130389670441
 -0.460000000000   0.131777925829
 -0.450000000000   0.133251993448
 -0.440000000000   0.134811313871
 -0.430000000000   0.136453668404
 -0.420000000000   0.138175318732
 -0.410000000000   0.139971385626
 -0.400000000000   0.141836377312
 -0.390000000000   0.143764761356
 -0.380000000000   0.145751499637
 -0.370000000000   0.147792524326
 -0.360000000000   0.149885180548
 -0.350000000000   0.152028648773
 -0.340000000000   0.154224292375
 -0.330000000000   0.156475818373
 -0.320000000000   0.158789149127
 -0.310000000000   0.161171981117
 -0.300000000000   0.163633116638
 -0.290000000000   0.166181745351
 -0.280000000000   0.168826878083
 -0.270000000000   0.171577075412
 -0.260000000000   0.174440495418
 -0.250000000000   0.177425163945
 -0.240000000000   0.180539292842
 -0.230000000000   0.183791458935
 -0.220000000000   0.187190506115
 -0.210000000000   0.190745110899
 -0.200000000000   0.194463003487
 -0.190000000000   0.198349834757
 -0.180000000000   0.202407653535
 -0.170000000000   0.206632960423
 -0.160000000000   0.211014357968
 -0.150000000000   0.215529906423
 -0.140000000000   0.220144395843
 -0.130000000000   0.224806856066
 -0.120000000000   0.229448743071
 -0.110000000000   0.233983317307
 -0.100000000000   0.238306695864
 -0.090000000000   0.242300898462
 -0.080000000000   0.245838979969
 -0.070000000000   0.248792119337
 -0.060000000000   0.251038314762
 -0.050000000000   0.252472064719
 -0.040000000000   0.253014084079
 -0.030000000000   0.252619808653
 -0.020000000000   0.251285338870
 -0.010000000000   0.249049672312
  0.000000000000   0.245992569533
  0.010000000000   0.242228110936
  0.020000000000   0.237894815863
  0.030000000000   0.233143896547
  0.040000000000   0.228127526923
  0.050000000000   0.222988767270
  0.060000000000   0.217854142439
  0.070000000000   0.212829160222
  0.080000000000   0.207996542949
  0.090000000000   0.203416680127
  0.100000000000   0.199129705402
  0.110000000000   0.195158580736
  0.120000000000   0.191512623958
  0.130000000000   0.188191041193
  0.140000000000   0.185186173806
  0.150000000000   0.182486273893
  0.160000000000   0.180077664522
  0.170000000000   0.177946159268
  0.180000000000   0.176077668727
  0.190000000000   0.174458055431
  0.200000000000   0.173072502796
  0.210000000000   0.171904835077
  0.220000000000   0.170937221087
  0.230000000000   0.170150472412
  0.240000000000   0.169524830754
  0.250000000000   0.169040917558
  0.260000000000   0.168680493145
  0.270000000000   0.168426808300
  0.280000000000   0.168264525303
  0.290000000000   0.168179345998
  0.300000000000   0.168157562210
  0.310000000000   0.168185722449
  0.320000000000   0.168250505575
  0.330000000000   0.168338767904
  0.340000000000   0.168437661742
  0.350000000000   0.168534743438
  0.360000000000   0.168618062417
  0.370000000000   0.168676278514
  0.380000000000   0.168698843463
  0.390000000000   0.168676213372
  0.400000000000   0.168599995551
  0.410000000000   0.168462940617
  0.420000000000   0.168258779527
  0.430000000000   0.167982015246
  0.440000000000   0.167627824344
  0.450000000000   0.167192163106
  0.460000000000   0.166672050155
  0.470000000000   0.166065907362
  0.480000000000   0.165373833408
  0.490000000000   0.164597725419
  0.500000000000   0.163741199368
  0.510000000000   0.162809288072
  0.520000000000   0.161807946320
  0.530000000000   0.160743458492
  0.540000000000   0.159621876784
  0.550000000000   0.158448593370
  0.560000000000   0.157228097172
  0.570000000000   0.155963923754
  0.580000000000   0.154658778685
  0.590000000000   0.153314790820
  0.600000000000   0.151933839226
  0.610000000000   0.150517904458
  0.620000000000   0.149069408159
  0.630000000000   0.147591503995
  0.640000000000   0.146088269186
  0.650000000000   0.144564746934
  0.660000000000   0.143026832896
  0.670000000000   0.141481067768
  0.680000000000   0.139934428313
  0.690000000000   0.138394154095
  0.700000000000   0.136867551028
  0.710000000000   0.135361677486
  0.720000000000   0.133882889074
  0.730000000000   0.132436330291
  0.740000000000   0.131025516778
  0.750000000000   0.129652118928
  0.760000000000   0.128315985533
  0.770000000000   0.127015393440
  0.780000000000   0.125747484660
  0.790000000000   0.124508827648
  0.800000000000   0.123296002523
  0.810000000000   0.122106088382
  0.820000000000   0.120936956210
  0.830000000000   0.119787337474
  0.840000000000   0.118656711040
  0.850000000000   0.117545101054
  0.860000000000   0.116452892108
  0.870000000000   0.115380735403
  0.880000000000   0.114329547893
  0.890000000000   0.113300536444
  0.900000000000   0.112295160101
  0.910000000000   0.111314983778
  0.920000000000   0.110361440607
  0.930000000000   0.109435568542
  0.940000000000   0.108537803053
  0.950000000000   0.107667892566
  0.960000000000   0.106824967391
  0.970000000000   0.106007752122
  0.980000000000   0.105214877281
  0.990000000000   0.104445221414
  1.000000000000   0.103698203952
  1.010000000000   0.102973958168
  1.020000000000   0.102273341335
  1.030000000000   0.101597775755
  1.040000000000   0.100948951777
  1.050000000000   0.100328460361
  1.060000000000   0.099737450068
  1.070000000000   0.099176403226
  1.080000000000   0.098645085387
  1.090000000000   0.098142655567
  1.100000000000   0.097667868771
  1.110000000000   0.097219286409
  1.120000000000   0.096795434117
  1.130000000000   0.096394887599
  1.140000000000   0.096016301395
  1.150000000000   0.095658411606
  1.160000000000   0.095320043108
  1.170000000000   0.095000141550
  1.180000000000   0.094697835280
  1.190000000000   0.094412514793
  1.200000000000   0.094143903456
  1.210000000000   0.093892092563
  1.220000000000   0.093657528494
  1.230000000000   0.093440958175
  1.240000000000   0.093243347365
  1.250000000000   0.093065783079
  1.260000000000   0.092909364609
  1.270000000000   0.092775084973
  1.280000000000   0.092663710506
  1.290000000000   0.092575679468
  1.300000000000   0.092511049592
  1.310000000000   0.092469514816
  1.320000000000   0.092450481766
  1.330000000000   0.092453165484
  1.340000000000   0.092476656235
  1.350000000000   0.092519935356
  1.360000000000   0.092581861825
  1.370000000000   0.092661178389
  1.380000000000   0.092756573236
  1.390000000000   0.092866792113
  1.400000000000   0.092990763246
  1.410000000000   0.093127694034
  1.420000000000   0.093277109257
  1.430000000000   0.093438806656
  1.440000000000   0.093612719197
  1.450000000000   0.093798714406
  1.460000000000   0.093996410095
  1.470000000000   0.094205095406
  1.480000000000   0.094423799782
  1.490000000000   0.094651482662
  1.500000000000   0.094887264006
  1.510000000000   0.095130599498
  1.520000000000   0.095381329122
  1.530000000000   0.095639585721
  1.540000000000   0.095905610126
  1.550000000000   0.096179544325
  1.560000000000   0.096461259264
  1.570000000000   0.096750251697
  1.580000000000   0.097045639663
  1.590000000000   0.097346281699
  1.600000000000   0.097651009386
  1.610000000000   0.097958901628
  1.620000000000   0.098269490906
  1.630000000000   0.098582819148
  1.640000000000   0.098899341780
  1.650000000000   0.099219751635
  1.660000000000   0.099544806062
  1.670000000000   0.099875196684
  1.680000000000   0.100211454188
  1.690000000000   0.100553868403
  1.700000000000   0.100902416049
  1.710000000000   0.101256696329
  1.720000000000   0.101615876135
  1.730000000000   0.101978661468
  1.740000000000   0.102343336903
  1.750000000000   0.102707913573
  1.760000000000   0.103070375421
  1.770000000000   0.103428946919
  1.780000000000   0.103782284538
  1.790000000000   0.104129542466
  1.800000000000   0.104470340470
  1.810000000000   0.104804704096
  1.820000000000   0.105133022961
  1.830000000000   0.105456007962
  1.840000000000   0.105774586031
  1.850000000000   0.106089696366
  1.860000000000   0.106402025631
  1.870000000000   0.106711776669
  1.880000000000   0.107018562409
  1.890000000000   0.107321465172
  1.900000000000   0.107619237851
  1.910000000000   0.107910573587
  1.920000000000   0.108194349097
  1.930000000000   0.108469762965
  1.940000000000   0.108736341823
  1.950000000000   0.108993851988
  1.960000000000   0.109242195804
  1.970000000000   0.109481359558
  1.980000000000   0.109711412657
  1.990000000000   0.109932482619
  2.000000000000   0.110144617578
  2.010000000000   0.110347525312
  2.020000000000   0.110540291142
  2.030000000000   0.110721233527
  2.040000000000   0.110888010173
  2.050000000000   0.111037973722
  2.060000000000   0.111168666467
  2.070000000000   0.111278289652
  2.080000000000   0.111365998725
  2.090000000000   0.111431946521
  2.100000000000   0.111477091018
  2.110000000000   0.111502866937
  2.120000000000   0.111510858079
  2.130000000000   0.111502580027
  2.140000000000   0.111479401545
  2.150000000000   0.111442547182
  2.160000000000   0.111393091713
  2.170000000000   0.111331893204
  2.180000000000   0.111259469688
  2.190000000000   0.111175851139
  2.200000000000   0.111080434872
  2.210000000000   0.110971880493
  2.220000000000   0.110848110868
  2.230000000000   0.110706492460
  2.240000000000   0.110544210616
  2.250000000000   0.110358757624
  2.260000000000   0.110148383775
  2.270000000000   0.109912370098
  2.280000000000   0.109651052932
  2.290000000000   0.109365618699
  2.300000000000   0.109057754668
  2.310000000000   0.108729273150
  2.320000000000   0.108381818890
  2.330000000000   0.108016725530
  2.340000000000   0.107635022581
  2.350000000000   0.107237537846
  2.360000000000   0.106825018328
  2.370000000000   0.106398212256
  2.380000000000   0.105957899696
  2.390000000000   0.105504897194
  2.400000000000   0.105040064662
  2.410000000000   0.104564309291
  2.420000000000   0.104078546712
  2.430000000000   0.103583586897
  2.440000000000   0.103079965997
  2.450000000000   0.102567801330
  2.460000000000   0.102046754473
  2.470000000000   0.101516138041
  2.480000000000   0.100975130019
  2.490000000000   0.100423009593
  2.500000000000   0.099859326338
  2.510000000000   0.099283959464
  2.520000000000   0.098697087309
  2.530000000000   0.098099125804
  2.540000000000   0.097490680115
  2.550000000000   0.096872502563
  2.560000000000   0.096245414578
  2.570000000000   0.095610169612
  2.580000000000   0.094967291796
  2.590000000000   0.094316965137
  2.600000000000   0.093659030002
  2.610000000000   0.092993081742
  2.620000000000   0.092318614143
  2.630000000000   0.091635148735
  2.640000000000   0.090942330411
  2.650000000000   0.090240006212
  2.660000000000   0.089528306702
  2.670000000000   0.088807726211
  2.680000000000   0.088079177283
  2.690000000000   0.087343991580
  2.700000000000   0.086603850102
  2.710000000000   0.085860640733
  2.720000000000   0.085116258461
  2.730000000000   0.084372384688
  2.740000000000   0.083630300195
  2.750000000000   0.082890784859
  2.760000000000   0.082154126298
  2.770000000000   0.081420216213
  2.780000000000   0.080688690396
  2.790000000000   0.079959078995
  2.800000000000   0.079230954397
  2.810000000000   0.078504064738
  2.820000000000   0.077778421999
  2.830000000000   0.077054304980
  2.840000000000   0.076332163100
  2.850000000000   0.075612455679
  2.860000000000   0.074895495300
  2.870000000000   0.074181356849
  2.880000000000   0.073469873830
  2.890000000000   0.072760698910
  2.900000000000   0.072053382494
  2.910000000000   0.071347433561
  2.920000000000   0.070642361696
  2.930000000000   0.069937728156
  2.940000000000   0.069233230339
  2.950000000000   0.068528809397
  2.960000000000   0.067824733175
  2.970000000000   0.067121598133
  2.980000000000   0.066420226040
  2.990000000000   0.065721486373
  3.000000000000   0.065026118496
  3.010000000000   0.064334631130
  3.020000000000   0.063647316922
  3.030000000000   0.062964357803
  3.040000000000   0.062285947816
  3.050000000000   0.061612357085
  3.060000000000   0.060943908116
  3.070000000000   0.060280897414
  3.080000000000   0.059623523230
  3.090000000000   0.058971860985
  3.100000000000   0.058325890391
  3.110000000000   0.057685554723
  3.120000000000   0.057050827451
  3.130000000000   0.056421763008
  3.140000000000   0.055798513466
  3.150000000000   0.055181306664
  3.160000000000   0.054570400997
  3.170000000000   0.053966041973
  3.180000000000   0.053368435650
  3.190000000000   0.052777734418
  3.200000000000   0.052194022026
  3.210000000000   0.051617295667
  3.220000000000   0.051047461384
  3.230000000000   0.050484364408
  3.240000000000   0.049927859159
  3.250000000000   0.049377895216
  3.260000000000   0.048834578147
  3.270000000000   0.048298170799
  3.280000000000   0.047769026097
  3.290000000000   0.047247471010
  3.300000000000   0.046733681384
  3.310000000000   0.046227593827
  3.320000000000   0.045728890394
  3.330000000000   0.045237064104
  3.340000000000   0.044751537302
  3.350000000000   0.044271778437
  3.360000000000   0.043797363324
  3.370000000000   0.043327957955
  3.380000000000   0.042863246375
  3.390000000000   0.042402859973
  3.400000000000   0.041946360400
  3.410000000000   0.041493289318
  3.420000000000   0.041043253367
  3.430000000000   0.040595994911
  3.440000000000   0.040151417481
  3.450000000000   0.039709569778
  3.460000000000   0.039270615154
  3.470000000000   0.038834811500
  3.480000000000   0.038402507880
  3.490000000000   0.037974145351
  3.500000000000   0.037550242100
  3.510000000000   0.037131350489
  3.520000000000   0.036717990399
  3.530000000000   0.036310578230
  3.540000000000   0.035909375677
  3.550000000000   0.035514477796
  3.560000000000   0.035125850269
  3.570000000000   0.034743411657
  3.580000000000   0.034367137180
  3.590000000000   0.033997144130
  3.600000000000   0.033633719311
  3.610000000000   0.033277271556
  3.620000000000   0.032928224979
  3.630000000000   0.032586889038
  3.640000000000   0.032253339762
  3.650000000000   0.031927332486
  3.660000000000   0.031608255839
  3.670000000000   0.031295135415
  3.680000000000   0.030986697733
  3.690000000000   0.030681500790
  3.700000000000   0.030378119938
  3.710000000000   0.030075352559
  3.720000000000   0.029772389647
  3.730000000000   0.029468911147
  3.740000000000   0.029165089157
  3.750000000000   0.028861509435
  3.760000000000   0.028559033785
  3.770000000000   0.028258627066
  3.780000000000   0.027961174658
  3.790000000000   0.027667324103
  3.800000000000   0.027377390260
  3.810000000000   0.027091353015
  3.820000000000   0.026808947545
  3.830000000000   0.026529813953
  3.840000000000   0.026253654623
  3.850000000000   0.025980350363
  3.860000000000   0.025710004839
  3.870000000000   0.025442912844
  3.880000000000   0.025179472886
  3.890000000000   0.024920078420
  3.900000000000   0.024665019756
  3.910000000000   0.024414416325
  3.920000000000   0.024168187523
  3.930000000000   0.023926064825
  3.940000000000   0.023687644466
  3.950000000000   0.023452473197
  3.960000000000   0.023220149263
  3.970000000000   0.022990412097
  3.980000000000   0.022763194269
  3.990000000000   0.022538620939
  4.000000000000   0.022316961545
