 -6.000000000000   0.075300537606
 -5.990000000000   0.075328862589
 -5.980000000000   0.075354607588
 -5.970000000000   0.075376317737
 -5.960000000000   0.075392499620
 -5.950000000000   0.075401901517
 -5.940000000000   0.075403736685
 -5.930000000000   0.075397770041
 -5.920000000000   0.075384247983
 -5.910000000000   0.075363705738
 -5.900000000000   0.075336719908
 -5.890000000000   0.075303686657
 -5.880000000000   0.075264696683
 -5.870000000000   0.075219542848
 -5.860000000000   0.075167845521
 -5.850000000000   0.075109237994
 -5.840000000000   0.075043538992
 -5.830000000000   0.074970853755
 -5.820000000000   0.074891578610
 -5.810000000000   0.074806321166
 -5.800000000000   0.074715774818
 -5.790000000000   0.074620591431
 -5.780000000000   0.074521280379
 -5.770000000000   0.074418141174
 -5.760000000000   0.074311228891
 -5.750000000000   0.074200358354
 -5.740000000000   0.074085158312
 -5.730000000000   0.073965175496
 -5.720000000000   0.073840002198
 -5.710000000000   0.073709378491
 -5.700000000000   0.073573223493
 -5.690000000000   0.073431584792
 -5.680000000000   0.073284542030
 -5.670000000000   0.073132126188
 -5.660000000000   0.072974298465
 -5.650000000000   0.072810980592
 -5.640000000000   0.072642081573
 -5.630000000000   0.072467466373
 -5.620000000000   0.072286866234
 -5.610000000000   0.072099796908
 -5.600000000000   0.071905575403
 -5.590000000000   0.071703484042
 -5.580000000000   0.071493043728
 -5.570000000000   0.071274279073
 -5.560000000000   0.071047842182
 -5.550000000000   0.070814929240
 -5.540000000000   0.070577033300
 -5.530000000000   0.070335652262
 -5.520000000000   0.070092067974
 -5.510000000000   0.069847249118
 -5.500000000000   0.069601857821
 -5.490000000000   0.069356294906
 -5.480000000000   0.069110714548
 -5.470000000000   0.068864975014
 -5.460000000000   0.068618551514
 -5.450000000000   0.068370484682
 -5.440000000000   0.068119437825
 -5.430000000000   0.067863884605
 -5.420000000000   0.067602384373
 -5.410000000000   0.067333870218
 -5.400000000000   0.067057885011
 -5.390000000000   0.066774726056
 -5.380000000000   0.066485472917
 -5.370000000000   0.066191879647
 -5.360000000000   0.065896133640
 -5.350000000000   0.065600521385
 -5.340000000000   0.065307072354
 -5.330000000000   0.065017253174
 -5.320000000000   0.064731760640
 -5.310000000000   0.064450438819
 -5.300000000000   0.064172332789
 -5.290000000000   0.063895874097
 -5.280000000000   0.063619158997
 -5.270000000000   0.063340249052
 -5.260000000000   0.063057425451
 -5.250000000000   0.062769365340
 -5.240000000000   0.062475248947
 -5.230000000000   0.062174819686
 -5.220000000000   0.061868403133
 -5.210000000000   0.061556864420
 -5.200000000000   0.061241472314
 -5.190000000000   0.060923659436
 -5.180000000000   0.060604717728
 -5.170000000000   0.060285514371
 -5.160000000000   0.059966317837
 -5.150000000000   0.059646777857
 -5.140000000000   0.059326037079
 -5.130000000000   0.059002909556
 -5.120000000000   0.058676065826
 -5.110000000000   0.058344203292
 -5.100000000000   0.058006215803
 -5.090000000000   0.057661378139
 -5.080000000000   0.057309531964
 -5.070000000000   0.056951225062
 -5.060000000000   0.056587739217
 -5.050000000000   0.056220957837
 -5.040000000000   0.055853074976
 -5.030000000000   0.055486214939
 -5.020000000000   0.055122076793
 -5.010000000000   0.054761708354
 -5.000000000000   0.054405455442
 -4.990000000000   0.054053065027
 -4.980000000000   0.053703881722
 -4.970000000000   0.053357070290
 -4.960000000000   0.053011806786
 -4.950000000000   0.052667398263
 -4.940000000000   0.052323317033
 -4.930000000000   0.051979166720
 -4.920000000000   0.051634619880
 -4.910000000000   0.051289369381
 -4.900000000000   0.050943120598
 -4.890000000000   0.050595629766
 -4.880000000000   0.050246774556
 -4.870000000000   0.049896629814
 -4.860000000000   0.049545517574
 -4.850000000000   0.049194006755
 -4.840000000000   0.048842851285
 -4.830000000000   0.048492871454
 -4.820000000000   0.048144802069
 -4.810000000000   0.047799150112
 -4.800000000000   0.047456112067
 -4.790000000000   0.047115583372
 -4.780000000000   0.046777253168
 -4.770000000000   0.046440740440
 -4.760000000000   0.046105714839
 -4.750000000000   0.045771960310
 -4.740000000000   0.045439371578
 -4.730000000000   0.045107908807
 -4.720000000000   0.044777557154
 -4.710000000000   0.044448329518
 -4.700000000000   0.044120314640
 -4.690000000000   0.043793735365
 -4.680000000000   0.043468972860
 -4.670000000000   0.043146536581
 -4.660000000000   0.042826994728
 -4.650000000000   0.042510898990
 -4.640000000000   0.042198730013
 -4.630000000000   0.041890867185
 -4.620000000000   0.041587568473
 -4.610000000000   0.041288946221
 -4.600000000000   0.040994938180
 -4.590000000000   0.040705283833
 -4.580000000000   0.040419516137
 -4.570000000000   0.040136974590
 -4.560000000000   0.039856844860
 -4.550000000000   0.039578228314
 -4.540000000000   0.039300234234
 -4.530000000000   0.039022074402
 -4.520000000000   0.038743137669
 -4.510000000000   0.038463033245
 -4.500000000000   0.038181604966
 -4.490000000000   0.037898923878
 -4.480000000000   0.037615261453
 -4.470000000000   0.037331037698
 -4.460000000000   0.037046739283
 -4.450000000000   0.036762818705
 -4.440000000000   0.036479606821
 -4.430000000000   0.036197276861
 -4.420000000000   0.035915876166
 -4.410000000000   0.035635403335
 -4.400000000000   0.035355881230
 -4.390000000000   0.035077383365
 -4.380000000000   0.034800008854
 -4.370000000000   0.034523840129
 -4.360000000000   0.034248927901
 -4.350000000000   0.033975323860
 -4.340000000000   0.033703144175
 -4.330000000000   0.033432622042
 -4.320000000000   0.033164109892
 -4.310000000000   0.032898019449
 -4.300000000000   0.032634725249
 -4.290000000000   0.032374481407
 -4.280000000000   0.032117396147
 -4.270000000000   0.031863477453
 -4.260000000000   0.031612726418
 -4.250000000000   0.031365233183
 -4.240000000000   0.031121231008
 -4.230000000000   0.030881080321
 -4.220000000000   0.030645177674
 -4.210000000000   0.030413809514
 -4.200000000000   0.030186992278
 -4.190000000000   0.029964350063
 -4.180000000000   0.029745074503
 -4.170000000000   0.029527992046
 -4.160000000000   0.029311737451
 -4.150000000000   0.029095002669
 -4.140000000000   0.028876803231
 -4.130000000000   0.028656690635
 -4.120000000000   0.028434848641
 -4.110000000000   0.028212043792
 -4.100000000000   0.027989445138
 -4.090000000000   0.027768368650
 -4.080000000000   0.027550021988
 -4.070000000000   0.027335316541
 -4.060000000000   0.027124781415
 -4.050000000000   0.026918575355
 -4.040000000000   0.026716565300
 -4.030000000000   0.026518433061
 -4.020000000000   0.026323781268
 -4.010000000000   0.026132223598
 -4.000000000000   0.025943450469
 -3.990000000000   0.025757259841
 -3.980000000000   0.025573544664
 -3.970000000000   0.025392241006
 -3.960000000000   0.025213258408
 -3.950000000000   0.025036423805
 -3.940000000000   0.024861465327
 -3.930000000000   0.024688045063
 -3.920000000000   0.024515829191
 -3.910000000000   0.024344568997
 -3.900000000000   0.024174163233
 -3.890000000000   0.024004682282
 -3.880000000000   0.023836351930
 -3.870000000000   0.023669508283
 -3.860000000000   0.023504537578
 -3.850000000000   0.023341808440
 -3.840000000000   0.023181600602
 -3.830000000000   0.023024040219
 -3.820000000000   0.022869061942
 -3.810000000000   0.022716418632
 -3.800000000000   0.022565744292
 -3.790000000000   0.022416652096
 -3.780000000000   0.022268833018
 -3.770000000000   0.022122122097
 -3.760000000000   0.021976516472
 -3.750000000000   0.021832149991
 -3.740000000000   0.021689241768
 -3.730000000000   0.021548037198
 -3.720000000000   0.021408755122
 -3.710000000000   0.021271549543
 -3.700000000000   0.021136490800
 -3.690000000000   0.021003568452
 -3.680000000000   0.020872714522
 -3.670000000000   0.020743839449
 -3.660000000000   0.020616866084
 -3.650000000000   0.020491746141
 -3.640000000000   0.020368453775
 -3.630000000000   0.020246967345
 -3.620000000000   0.020127259819
 -3.610000000000   0.020009310932
 -3.600000000000   0.019893134184
 -3.590000000000   0.019778795535
 -3.580000000000   0.019666402494
 -3.570000000000   0.019556060522
 -3.560000000000   0.019447813629
 -3.550000000000   0.019341594944
 -3.540000000000   0.019237208887
 -3.530000000000   0.019134354435
 -3.520000000000   0.019032684710
 -3.510000000000   0.018931886629
 -3.500000000000   0.018831758945
 -3.490000000000   0.018732268347
 -3.480000000000   0.018633570030
 -3.470000000000   0.018535989374
 -3.460000000000   0.018439971868
 -3.450000000000   0.018346014455
 -3.440000000000   0.018254592694
 -3.430000000000   0.018166098702
 -3.420000000000   0.018080805701
 -3.410000000000   0.017998869746
 -3.400000000000   0.017920364360
 -3.390000000000   0.017845326627
 -3.380000000000   0.017773786289
 -3.370000000000   0.017705758844
 -3.360000000000   0.017641204465
 -3.350000000000   0.017579974928
 -3.340000000000   0.017521779318
 -3.330000000000   0.017466192123
 -3.320000000000   0.017412709342
 -3.310000000000   0.017360838341
 -3.300000000000   0.017310192090
 -3.290000000000   0.017260552081
 -3.280000000000   0.017211870572
 -3.270000000000   0.017164204085
 -3.260000000000   0.017117600473
 -3.250000000000   0.017071986396
 -3.240000000000   0.017027104628
 -3.230000000000   0.016982527604
 -3.220000000000   0.016937738770
 -3.210000000000   0.016892248015
 -3.200000000000   0.016845703316
 -3.190000000000   0.016797973113
 -3.180000000000   0.016749189741
 -3.170000000000   0.016699753635
 -3.160000000000   0.016650300404
 -3.150000000000   0.016601633570
 -3.140000000000   0.016554629111
 -3.130000000000   0.016510123681
 -3.120000000000   0.016468803863
 -3.110000000000   0.016431116273
 -3.100000000000   0.016397215007
 -3.090000000000   0.016366953241
 -3.080000000000   0.016339915105
 -3.070000000000   0.016315479370
 -3.060000000000   0.016292907767
 -3.050000000000   0.016271450702
 -3.040000000000   0.016250458013
 -3.030000000000   0.016229477330
 -3.020000000000   0.016208322304
 -3.010000000000   0.016187096127
 -3.000000000000   0.016166161546
 -2.990000000000   0.016146060160
 -2.980000000000   0.016127400023
 -2.970000000000   0.016110742051
 -2.960000000000   0.016096513567
 -2.950000000000   0.016084963620
 -2.940000000000   0.016076159493
 -2.930000000000   0.016070015584
 -2.920000000000   0.016066345136
 -2.910000000000   0.016064926155
 -2.900000000000   0.016065569493
 -2.890000000000   0.016068171416
 -2.880000000000   0.016072733175
 -2.870000000000   0.016079340552
 -2.860000000000   0.016088111844
 -2.850000000000   0.016099134478
 -2.840000000000   0.016112413693
 -2.830000000000   0.016127850663
 -2.820000000000   0.016145254361
 -2.810000000000   0.016164377568
 -2.800000000000   0.016184961004
 -2.790000000000   0.016206773854
 -2.780000000000   0.016229647517
 -2.770000000000   0.016253501615
 -2.760000000000   0.016278356191
 -2.750000000000   0.016304322184
 -2.740000000000   0.016331572164
 -2.730000000000   0.016360308433
 -2.720000000000   0.016390749847
 -2.710000000000   0.016423144760
 -2.700000000000   0.016457795222
 -2.690000000000   0.016495065501
 -2.680000000000   0.016535356751
 -2.670000000000   0.016579053107
 -2.660000000000   0.016626464357
 -2.650000000000   0.016677791265
 -2.640000000000   0.016733121649
 -2.630000000000   0.016792444313
 -2.620000000000   0.016855660719
 -2.610000000000   0.016922585324
 -2.600000000000   0.016992945189
 -2.590000000000   0.017066401839
 -2.580000000000   0.017142610545
 -2.570000000000   0.017221305052
 -2.560000000000   0.017302368526
 -2.550000000000   0.017385848136
 -2.540000000000   0.017471896971
 -2.530000000000   0.017560665015
 -2.520000000000   0.017652186180
 -2.510000000000   0.017746310195
 -2.500000000000   0.017842711286
 -2.490000000000   0.017940979200
 -2.480000000000   0.018040768028
 -2.470000000000   0.018141952366
 -2.460000000000   0.018244732029
 -2.450000000000   0.018349644922
 -2.440000000000   0.018457484752
 -2.430000000000   0.018569155183
 -2.420000000000   0.018685508025
 -2.410000000000   0.018807208879
 -2.400000000000   0.018934658830
 -2.390000000000   0.019067983705
 -2.380000000000   0.019207085118
 -2.370000000000   0.019351730474
 -2.360000000000   0.019501647591
 -2.350000000000   0.019656591858
 -2.340000000000   0.019816372271
 -2.330000000000   0.019980846758
 -2.320000000000   0.020149911328
 -2.310000000000   0.020323504675
 -2.300000000000   0.020501636173
 -2.290000000000   0.020684431356
 -2.280000000000   0.020872178817
 -2.270000000000   0.021065355012
 -2.260000000000   0.021264602034
 -2.250000000000   0.021470646526
 -2.240000000000   0.021684176512
 -2.230000000000   0.021905722134
 -2.220000000000   0.022135592527
 -2.210000000000   0.022373894032
 -2.200000000000   0.022620610829
 -2.190000000000   0.022875699746
 -2.180000000000   0.023139155562
 -2.170000000000   0.023411032123
 -2.160000000000   0.023691433075
 -2.150000000000   0.023980497067
 -2.140000000000   0.024278396208
 -2.130000000000   0.024585353050
 -2.120000000000   0.024901670348
 -2.110000000000   0.025227764052
 -2.100000000000   0.025564191196
 -2.090000000000   0.025911663889
 -2.080000000000   0.026271035843
 -2.070000000000   0.026643245569
 -2.060000000000   0.027029210165
 -2.050000000000   0.027429686355
 -2.040000000000   0.027845140460
 -2.030000000000   0.028275679588
 -2.020000000000   0.028721080825
 -2.010000000000   0.029180917329
 -2.000000000000   0.029654740961
 -1.990000000000   0.030142265204
 -1.980000000000   0.030643506656
 -1.970000000000   0.031158871698
 -1.960000000000   0.031689192763
 -1.950000000000   0.032235717200
 -1.940000000000   0.032800042495
 -1.930000000000   0.033383991983
 -1.920000000000   0.033989442135
 -1.910000000000   0.034618136467
 -1.900000000000   0.035271535127
 -1.890000000000   0.035950741293
 -1.880000000000   0.036656516465
 -1.870000000000   0.037389359605
 -1.860000000000   0.038149600623
 -1.850000000000   0.038937465627
 -1.840000000000   0.039753108008
 -1.830000000000   0.040596636281
 -1.820000000000   0.041468173178
 -1.810000000000   0.042367950140
 -1.800000000000   0.043296410386
 -1.790000000000   0.044254291347
 -1.780000000000   0.045242679724
 -1.770000000000   0.046263053357
 -1.760000000000   0.047317321834
 -1.750000000000   0.048407853088
 -1.740000000000   0.049537448271
 -1.730000000000   0.050709226539
 -1.720000000000   0.051926410486
 -1.710000000000   0.053192045855
 -1.700000000000   0.054508724609
 -1.690000000000   0.055878394400
 -1.680000000000   0.057302321866
 -1.670000000000   0.058781230050
 -1.660000000000   0.060315565701
 -1.650000000000   0.061905801806
 -1.640000000000   0.063552672565
 -1.630000000000   0.065257273663
 -1.620000000000   0.067021016469
 -1.610000000000   0.068845473165
 -1.600000000000   0.070732175918
 -1.590000000000   0.072682434589
 -1.580000000000   0.074697218972
 -1.570000000000   0.076777122009
 -1.560000000000   0.078922390829
 -1.550000000000   0.081132992495
 -1.540000000000   0.083408675982
 -1.530000000000   0.085749001120
 -1.520000000000   0.088153322931
 -1.510000000000   0.090620733089
 -1.500000000000   0.093149960086
 -1.490000000000   0.095739226743
 -1.480000000000   0.098386080784
 -1.470000000000   0.101087249834
 -1.460000000000   0.103838588646
 -1.450000000000   0.106635150173
 -1.440000000000   0.109471338863
 -1.430000000000   0.112341048548
 -1.420000000000   0.115237691462
 -1.410000000000   0.118154087575
 -1.400000000000   0.121082264960
 -1.390000000000   0.124013271734
 -1.380000000000   0.126937088336
 -1.370000000000   0.129842668099
 -1.360000000000   0.132718070824
 -1.350000000000   0.135550629244
 -1.340000000000   0.138327105611
 -1.330000000000   0.141033828853
 -1.320000000000   0.143656825273
 -1.310000000000   0.146181958190
 -1.300000000000   0.148595080770
 -1.290000000000   0.150882194329
 -1.280000000000   0.153029599833
 -1.270000000000   0.155024029873
 -1.260000000000   0.156852746300
 -1.250000000000   0.158503592454
 -1.240000000000   0.159965012806
 -1.230000000000   0.161226087458
 -1.220000000000   0.162276637095
 -1.210000000000   0.163107417086
 -1.200000000000   0.163710372547
 -1.190000000000   0.164078915260
 -1.180000000000   0.164208201017
 -1.170000000000   0.164095389869
 -1.160000000000   0.163739854759
 -1.150000000000   0.163143303672
 -1.140000000000   0.162309814449
 -1.130000000000   0.161245816697
 -1.120000000000   0.159960055474
 -1.110000000000   0.158463540999
 -1.100000000000   0.156769454213
 -1.090000000000   0.154892952357
 -1.080000000000   0.152850808024
 -1.070000000000   0.150660841889
 -1.060000000000   0.148341191598
 -1.050000000000   0.145909563554
 -1.040000000000   0.143382662960
 -1.030000000000   0.140775942428
 -1.020000000000   0.138103684371
 -1.010000000000   0.135379317254
 -1.000000000000   0.132615811684
 -0.990000000000   0.129826008240
 -0.980000000000   0.127022773327
 -0.970000000000   0.124218946899
 -0.960000000000   0.121427121120
 -0.950000000000   0.118659346044
 -0.940000000000   0.115926871598
 -0.930000000000   0.113240001031
 -0.920000000000   0.110608070784
 -0.910000000000   0.108039518102
 -0.900000000000   0.105541975918
 -0.890000000000   0.103122346574
 -0.880000000000   0.100786831254
 -0.870000000000   0.098540910418
 -0.860000000000   0.096389282842
 -0.850000000000   0.094335789532
 -0.840000000000   0.092383371294
 -0.830000000000   0.090534112011
 -0.820000000000   0.088789385202
 -0.810000000000   0.087150061830
 -0.800000000000   0.085616693004
 -0.790000000000   0.084189588786
 -0.780000000000   0.082868775994
 -0.770000000000   0.081653895468
 -0.760000000000   0.080544139695
 -0.750000000000   0.079538306906
 -0.740000000000   0.078634977177
 -0.730000000000   0.077832748594
 -0.720000000000   0.077130444069
 -0.710000000000   0.076527217189
 -0.700000000000   0.076022534549
 -0.690000000000   0.075616073244
 -0.680000000000   0.075307616823
 -0.670000000000   0.075097030247
 -0.660000000000   0.074984342320
 -0.650000000000   0.074969903261
 -0.640000000000   0.075054562723
 -0.630000000000   0.075239835373
 -0.620000000000   0.075528051134
 -0.610000000000   0.075922494011
 -0.600000000000   0.076427519945
 -0.590000000000   0.077048631040
 -0.580000000000   0.077792486330
 -0.570000000000   0.078666852072
 -0.560000000000   0.079680524390
 -0.550000000000   0.080843265394
 -0.540000000000   0.082165764893
 -0.530000000000   0.083659598233
 -0.520000000000   0.085337143403
 -0.510000000000   0.087211461937
 -0.500000000000   0.089296200424
 -0.490000000000   0.091605580850
 -0.480000000000   0.094154505096
 -0.470000000000   0.096958734572
 -0.460000000000   0.100035067310
 -0.450000000000   0.103401440767
 -0.440000000000   0.107076914922
 -0.430000000000   0.111081496273
 -0.420000000000   0.115435735819
 -0.410000000000   0.120160001178
 -0.400000000000   0.125273322409
 -0.390000000000   0.130791753030
 -0.380000000000   0.136726243826
 -0.370000000000   0.143080050006
 -0.360000000000   0.149845657793
 -0.350000000000   0.157001165216
 -0.340000000000   0.164506085524
 -0.330000000000   0.172296753375
 -0.320000000000   0.180281907603
 -0.310000000000   0.188339490742
 -0.300000000000   0.196316065753
 -0.290000000000   0.204030328333
 -0.280000000000   0.211281868339
 -0.270000000000   0.217865555509
 -0.260000000000   0.223590718113
 -0.250000000000   0.228302818740
 -0.240000000000   0.231904024827
 -0.230000000000   0.234368532882
 -0.220000000000   0.235749216442
 -0.210000000000   0.236174086070
 -0.200000000000   0.235833505874
 -0.190000000000   0.234961139849
 -0.180000000000   0.233812481273
 -0.170000000000   0.232644432647
 -0.160000000000   0.231698178507
 -0.150000000000   0.231186135950
 -0.140000000000   0.231282539188
 -0.130000000000   0.232116437276
 -0.120000000000   0.233765616927
 -0.110000000000   0.236250204870
 -0.100000000000   0.239525461430
 -0.090000000000   0.243474534348
 -0.080000000000   0.247903527658
 -0.070000000000   0.252542668833
 -0.060000000000   0.257057815775
 -0.050000000000   0.261075155810
 -0.040000000000   0.264218375151
 -0.030000000000   0.266152763805
 -0.020000000000   0.266626998255
 -0.010000000000   0.265503138796
  0.000000000000   0.262769168173
  0.010000000000   0.258533992870
  0.020000000000   0.253009073551
  0.030000000000   0.246482114159
  0.040000000000   0.239287236071
  0.050000000000   0.231774645346
  0.060000000000   0.224282219289
  0.070000000000   0.217111553872
  0.080000000000   0.210510844565
  0.090000000000   0.204665878237
  0.100000000000   0.199698702353
  0.110000000000   0.195672051238
  0.120000000000   0.192596955299
  0.130000000000   0.190441185307
  0.140000000000   0.189136953887
  0.150000000000   0.188587205941
  0.160000000000   0.188670602140
  0.170000000000   0.189245819616
  0.180000000000   0.190156046845
  0.190000000000   0.191234547435
  0.200000000000   0.192311902675
  0.210000000000   0.193225005150
  0.220000000000   0.193827140015
  0.230000000000   0.193997795177
  0.240000000000   0.193650524941
  0.250000000000   0.192737461012
  0.260000000000   0.191249805153
  0.270000000000   0.189214493768
  0.280000000000   0.186687882452
  0.290000000000   0.183747644459
  0.300000000000   0.180484130048
  0.310000000000   0.176992248109
  0.320000000000   0.173364594106
  0.330000000000   0.169686185516
  0.340000000000   0.166030891210
  0.350000000000   0.162459487156
  0.360000000000   0.159019183188
  0.370000000000   0.155744375943
  0.380000000000   0.152658283903
  0.390000000000   0.149775063034
  0.400000000000   0.147102029957
  0.410000000000   0.144641719462
  0.420000000000   0.142393616493
  0.430000000000   0.140355485649
  0.440000000000   0.138524275242
  0.450000000000   0.136896619384
  0.460000000000   0.135469005375
  0.470000000000   0.134237704019
  0.480000000000   0.133198573919
  0.490000000000   0.132346853033
  0.500000000000   0.131677039028
  0.510000000000   0.131182920367
  0.520000000000   0.130857752610
  0.530000000000   0.130694507924
  0.540000000000   0.130686098397
  0.550000000000   0.130825499382
  0.560000000000   0.131105756045
  0.570000000000   0.131519908627
  0.580000000000   0.132060898095
  0.590000000000   0.132721512936
  0.600000000000   0.133494410148
  0.610000000000   0.134372186920
  0.620000000000   0.135347416150
  0.630000000000   0.136412542188
  0.640000000000   0.137559601088
  0.650000000000   0.138779852707
  0.660000000000   0.140063500651
  0.670000000000   0.141399652601
  0.680000000000   0.142776544441
  0.690000000000   0.144181907593
  0.700000000000   0.145603301810
  0.710000000000   0.147028295128
  0.720000000000   0.148444487440
  0.730000000000   0.149839454171
  0.740000000000   0.151200695810
  0.750000000000   0.152515647081
  0.760000000000   0.153771762561
  0.770000000000   0.154956658749
  0.780000000000   0.156058259169
  0.790000000000   0.157064889081
  0.800000000000   0.157965321662
  0.810000000000   0.158748849309
  0.820000000000   0.159405466137
  0.830000000000   0.159926173451
  0.840000000000   0.160303320598
  0.850000000000   0.160530856750
  0.860000000000   0.160604420309
  0.870000000000   0.160521278307
  0.880000000000   0.160280181282
  0.890000000000   0.159881201234
  0.900000000000   0.159325598406
  0.910000000000   0.158615743149
  0.920000000000   0.157755103110
  0.930000000000   0.156748284836
  0.940000000000   0.155601096726
  0.950000000000   0.154320588590
  0.960000000000   0.152915025683
  0.970000000000   0.151393767650
  0.980000000000   0.149767044499
  0.990000000000   0.148045653608
  1.000000000000   0.146240634630
  1.010000000000   0.144362989015
  1.020000000000   0.142423480146
  1.030000000000   0.140432498264
  1.040000000000   0.138399949530
  1.050000000000   0.136335151894
  1.060000000000   0.134246757118
  1.070000000000   0.132142723092
  1.080000000000   0.130030332624
  1.090000000000   0.127916231018
  1.100000000000   0.125806464314
  1.110000000000   0.123706536930
  1.120000000000   0.121621533404
  1.130000000000   0.119556322910
  1.140000000000   0.117515787608
  1.150000000000   0.115504950845
  1.160000000000   0.113528905376
  1.170000000000   0.111592555036
  1.180000000000   0.109700292407
  1.190000000000   0.107855749106
  1.200000000000   0.106061681668
  1.210000000000   0.104319975040
  1.220000000000   0.102631715201
  1.230000000000   0.100997292381
  1.240000000000   0.099416508190
  1.250000000000   0.097888659189
  1.260000000000   0.096412573590
  1.270000000000   0.094986605259
  1.280000000000   0.093608630791
  1.290000000000   0.092276120245
  1.300000000000   0.090986335431
  1.310000000000   0.089736651591
  1.320000000000   0.088524928230
  1.330000000000   0.087349815960
  1.340000000000   0.086210904571
  1.350000000000   0.085108678434
  1.360000000000   0.084044309382
  1.370000000000   0.083019354572
  1.380000000000   0.082035432516
  1.390000000000   0.081093934947
  1.400000000000   0.080195807960
  1.410000000000   0.079341414747
  1.420000000000   0.078530482351
  1.430000000000   0.077762133830
  1.440000000000   0.077035001235
  1.450000000000   0.076347394122
  1.460000000000   0.075697474490
  1.470000000000   0.075083390398
  1.480000000000   0.074503357713
  1.490000000000   0.073955723432
  1.500000000000   0.073439050579
  1.510000000000   0.072952224737
  1.520000000000   0.072494535979
  1.530000000000   0.072065683989
  1.540000000000   0.071665691123
  1.550000000000   0.071294749685
  1.560000000000   0.070953044673
  1.570000000000   0.070640586125
  1.580000000000   0.070357076333
  1.590000000000   0.070101833875
  1.600000000000   0.069873790888
  1.610000000000   0.069671566319
  1.620000000000   0.069493601140
  1.630000000000   0.069338332085
  1.640000000000   0.069204381131
  1.650000000000   0.069090739851
  1.660000000000   0.068996921538
  1.670000000000   0.068923044301
  1.680000000000   0.068869812022
  1.690000000000   0.068838385458
  1.700000000000   0.068830169605
  1.710000000000   0.068846564517
  1.720000000000   0.068888727825
  1.730000000000   0.068957387607
  1.740000000000   0.069052732748
  1.750000000000   0.069174393566
  1.760000000000   0.069321507591
  1.770000000000   0.069492852226
  1.780000000000   0.069687021275
  1.790000000000   0.069902616337
  1.800000000000   0.070138411326
  1.810000000000   0.070393445140
  1.820000000000   0.070667022636
  1.830000000000   0.070958649385
  1.840000000000   0.071267956602
  1.850000000000   0.071594662727
  1.860000000000   0.071938576409
  1.870000000000   0.072299607772
  1.880000000000   0.072677748005
  1.890000000000   0.073073000131
  1.900000000000   0.073485276838
  1.910000000000   0.073914304518
  1.920000000000   0.074359572913
  1.930000000000   0.074820346351
  1.940000000000   0.075295721220
  1.950000000000   0.075784698000
  1.960000000000   0.076286243313
  1.970000000000   0.076799335352
  1.980000000000   0.077322999127
  1.990000000000   0.077856345234
  2.000000000000   0.078398630983
  2.010000000000   0.078949355273
  2.020000000000   0.079508367243
  2.030000000000   0.080075932321
  2.040000000000   0.080652696976
  2.050000000000   0.081239538898
  2.060000000000   0.081837350716
  2.070000000000   0.082446836778
  2.080000000000   0.083068383097
  2.090000000000   0.083702008111
  2.100000000000   0.084347358907
  2.110000000000   0.085003716888
  2.120000000000   0.085670009808
  2.130000000000   0.086344852494
  2.140000000000   0.087026630285
  2.150000000000   0.087713612350
  2.160000000000   0.088404066251
  2.170000000000   0.089096349368
  2.180000000000   0.089788966709
  2.190000000000   0.090480600135
  2.200000000000   0.091170128102
  2.210000000000   0.091856659039
  2.220000000000   0.092539585239
  2.230000000000   0.093218632614
  2.240000000000   0.093893858254
  2.250000000000   0.094565556504
  2.260000000000   0.095234077301
  2.270000000000   0.095899609875
  2.280000000000   0.096562003548
  2.290000000000   0.097220671589
  2.300000000000   0.097874574396
  2.310000000000   0.098522241508
  2.320000000000   0.099161796116
  2.330000000000   0.099790991808
  2.340000000000   0.100407321932
  2.350000000000   0.101008259395
  2.360000000000   0.101591603843
  2.370000000000   0.102155805717
  2.380000000000   0.102700098925
  2.390000000000   0.103224354993
  2.400000000000   0.103728721811
  2.410000000000   0.104213226514
  2.420000000000   0.104677532429
  2.430000000000   0.105120946058
  2.440000000000   0.105542634011
  2.450000000000   0.105941909025
  2.460000000000   0.106318426507
  2.470000000000   0.106672196765
  2.480000000000   0.107003420856
  2.490000000000   0.107312241846
  2.500000000000   0.107598526743
  2.510000000000   0.107861756477
  2.520000000000   0.108101036400
  2.530000000000   0.108315185328
  2.540000000000   0.108502835915
  2.550000000000   0.108662490009
  2.560000000000   0.108792519599
  2.570000000000   0.108891161062
  2.580000000000   0.108956569370
  2.590000000000   0.108986957341
  2.600000000000   0.108980778527
  2.610000000000   0.108936879213
  2.620000000000   0.108854569156
  2.630000000000   0.108733617297
  2.640000000000   0.108574221754
  2.650000000000   0.108376999836
  2.660000000000   0.108142997279
  2.670000000000   0.107873665544
  2.680000000000   0.107570747354
  2.690000000000   0.107236058160
  2.700000000000   0.106871227235
  2.710000000000   0.106477513821
  2.720000000000   0.106055794425
  2.730000000000   0.105606724182
  2.740000000000   0.105130969989
  2.750000000000   0.104629379647
  2.760000000000   0.104103013253
  2.770000000000   0.103553059539
  2.780000000000   0.102980711727
  2.790000000000   0.102387063957
  2.800000000000   0.101773051513
  2.810000000000   0.101139440695
  2.820000000000   0.100486876928
  2.830000000000   0.099815989328
  2.840000000000   0.099127513402
  2.850000000000   0.098422362536
  2.860000000000   0.097701593205
  2.870000000000   0.096966267262
  2.880000000000   0.096217276749
  2.890000000000   0.095455222228
  2.900000000000   0.094680411790
  2.910000000000   0.093892988951
  2.920000000000   0.093093134718
  2.930000000000   0.092281255308
  2.940000000000   0.091458079702
  2.950000000000   0.090624639792
  2.960000000000   0.089782158217
  2.970000000000   0.088931895323
  2.980000000000   0.088075002258
  2.990000000000   0.087212409386
  3.000000000000   0.086344763824
  3.010000000000   0.085472419033
  3.020000000000   0.084595470132
  3.030000000000   0.083713823152
  3.040000000000   0.082827285834
  3.050000000000   0.081935666353
  3.060000000000   0.081038859808
  3.070000000000   0.080136898907
  3.080000000000   0.079229959316
  3.090000000000   0.078318338732
  3.100000000000   0.077402444674
  3.110000000000   0.076482808619
  3.120000000000   0.075560109652
  3.130000000000   0.074635176020
  3.140000000000   0.073708950504
  3.150000000000   0.072782432413
  3.160000000000   0.071856618911
  3.170000000000   0.070932459291
  3.180000000000   0.070010823986
  3.190000000000   0.069092487649
  3.200000000000   0.068178129120
  3.210000000000   0.067268350993
  3.220000000000   0.066363714715
  3.230000000000   0.065464779948
  3.240000000000   0.064572135815
  3.250000000000   0.063686417156
  3.260000000000   0.062808306954
  3.270000000000   0.061938530393
  3.280000000000   0.061077842381
  3.290000000000   0.060227002366
  3.300000000000   0.059386728251
  3.310000000000   0.058557630295
  3.320000000000   0.057740138353
  3.330000000000   0.056934440396
  3.340000000000   0.056140447849
  3.350000000000   0.055357801165
  3.360000000000   0.054585925693
  3.370000000000   0.053824133337
  3.380000000000   0.053071741417
  3.390000000000   0.052328164488
  3.400000000000   0.051592944816
  3.410000000000   0.050865720124
  3.420000000000   0.050146161375
  3.430000000000   0.049433924922
  3.440000000000   0.048728645826
  3.450000000000   0.048029969797
  3.460000000000   0.047337604884
  3.470000000000   0.046651379247
  3.480000000000   0.045971302186
  3.490000000000   0.045297622315
  3.500000000000   0.044630859418
  3.510000000000   0.043971777196
  3.520000000000   0.043321281994
  3.530000000000   0.042680270153
  3.540000000000   0.042049475551
  3.550000000000   0.041429368820
  3.560000000000   0.040820134092
  3.570000000000   0.040221716172
  3.580000000000   0.039633907275
  3.590000000000   0.039056435927
  3.600000000000   0.038489031613
  3.610000000000   0.037931459510
  3.620000000000   0.037383536375
  3.630000000000   0.036845140317
  3.640000000000   0.036316215384
  3.650000000000   0.035796760836
  3.660000000000   0.035286797943
  3.670000000000   0.034786321677
  3.680000000000   0.034295255554
  3.690000000000   0.033813425133
  3.700000000000   0.033340555220
  3.710000000000   0.032876289037
  3.720000000000   0.032420226545
  3.730000000000   0.031971976682
  3.740000000000   0.031531211147
  3.750000000000   0.031097701527
  3.760000000000   0.030671325269
  3.770000000000   0.030252040311
  3.780000000000   0.029839844516
  3.790000000000   0.029434741658
  3.800000000000   0.029036724974
  3.810000000000   0.028645771730
  3.820000000000   0.028261834753
  3.830000000000   0.027884824892
  3.840000000000   0.027514590682
  3.850000000000   0.027150906017
  3.860000000000   0.026793474169
  3.870000000000   0.026441953748
  3.880000000000   0.026096008355
  3.890000000000   0.025755371053
  3.900000000000   0.025419900234
  3.910000000000   0.025089598956
  3.920000000000   0.024764584968
  3.930000000000   0.024445025783
  3.940000000000   0.024131071978
  3.950000000000   0.023822817504
  3.960000000000   0.023520292011
  3.970000000000   0.023223467524
  3.980000000000   0.022932259270
  3.990000000000   0.022646517630
  4.000000000000   0.022366025944
