 -6.000000000000   0.073607833117
 -5.990000000000   0.073161281617
 -5.980000000000   0.072699832047
 -5.970000000000   0.072223374728
 -5.960000000000   0.071732551097
 -5.950000000000   0.071228636636
 -5.940000000000   0.070713352956
 -5.930000000000   0.070188678975
 -5.920000000000   0.069656705376
 -5.910000000000   0.069119539728
 -5.900000000000   0.068579244555
 -5.890000000000   0.068037784265
 -5.880000000000   0.067496961335
 -5.870000000000   0.066958330633
 -5.860000000000   0.066423095378
 -5.850000000000   0.065892010407
 -5.840000000000   0.065365336335
 -5.830000000000   0.064842882710
 -5.820000000000   0.064324144887
 -5.810000000000   0.063808498815
 -5.800000000000   0.063295396267
 -5.790000000000   0.062784507183
 -5.780000000000   0.062275774155
 -5.770000000000   0.061769367264
 -5.760000000000   0.061265553867
 -5.750000000000   0.060764523633
 -5.740000000000   0.060266223687
 -5.730000000000   0.059770255405
 -5.720000000000   0.059275865909
 -5.710000000000   0.058782041539
 -5.700000000000   0.058287682118
 -5.690000000000   0.057791807990
 -5.680000000000   0.057293736695
 -5.670000000000   0.056793174495
 -5.660000000000   0.056290199970
 -5.650000000000   0.055785158207
 -5.640000000000   0.055278515550
 -5.630000000000   0.054770733080
 -5.620000000000   0.054262199129
 -5.610000000000   0.053753228007
 -5.600000000000   0.053244102495
 -5.590000000000   0.052735124957
 -5.580000000000   0.052226647857
 -5.570000000000   0.051719070989
 -5.560000000000   0.051212809288
 -5.550000000000   0.050708244551
 -5.540000000000   0.050205678154
 -5.530000000000   0.049705303613
 -5.520000000000   0.049207215335
 -5.510000000000   0.048711457332
 -5.500000000000   0.048218094800
 -5.490000000000   0.047727273582
 -5.480000000000   0.047239230819
 -5.470000000000   0.046754241149
 -5.460000000000   0.046272521121
 -5.450000000000   0.045794147313
 -5.440000000000   0.045319043152
 -5.430000000000   0.044847049423
 -5.420000000000   0.044378041649
 -5.410000000000   0.043912031390
 -5.400000000000   0.043449202601
 -5.390000000000   0.042989873509
 -5.380000000000   0.042534412183
 -5.370000000000   0.042083150257
 -5.360000000000   0.041636328541
 -5.350000000000   0.041194080673
 -5.340000000000   0.040756437475
 -5.330000000000   0.040323331859
 -5.320000000000   0.039894599124
 -5.310000000000   0.039469981731
 -5.300000000000   0.039049146809
 -5.290000000000   0.038631713382
 -5.280000000000   0.038217280871
 -5.270000000000   0.037805457838
 -5.260000000000   0.037395898996
 -5.250000000000   0.036988354662
 -5.240000000000   0.036582721318
 -5.230000000000   0.036179071579
 -5.220000000000   0.035777648981
 -5.210000000000   0.035378831474
 -5.200000000000   0.034983080597
 -5.190000000000   0.034590892700
 -5.180000000000   0.034202758999
 -5.170000000000   0.033819132075
 -5.160000000000   0.033440392789
 -5.150000000000   0.033066816301
 -5.140000000000   0.032698547195
 -5.130000000000   0.032335601640
 -5.120000000000   0.031977905794
 -5.110000000000   0.031625354938
 -5.100000000000   0.031277856920
 -5.090000000000   0.030935327740
 -5.080000000000   0.030597636492
 -5.070000000000   0.030264529994
 -5.060000000000   0.029935582014
 -5.050000000000   0.029610201536
 -5.040000000000   0.029287707562
 -5.030000000000   0.028967449585
 -5.020000000000   0.028648935857
 -5.010000000000   0.028331929962
 -5.000000000000   0.028016486250
 -4.990000000000   0.027702911819
 -4.980000000000   0.027391665162
 -4.970000000000   0.027083223588
 -4.960000000000   0.026777961635
 -4.950000000000   0.026476073749
 -4.940000000000   0.026177553602
 -4.930000000000   0.025882224881
 -4.920000000000   0.025589811910
 -4.910000000000   0.025300036311
 -4.900000000000   0.025012718279
 -4.890000000000   0.024727851448
 -4.880000000000   0.024445622678
 -4.870000000000   0.024166368351
 -4.860000000000   0.023890486172
 -4.850000000000   0.023618338734
 -4.840000000000   0.023350183367
 -4.830000000000   0.023086145398
 -4.820000000000   0.022826230378
 -4.810000000000   0.022570358056
 -4.800000000000   0.022318402441
 -4.790000000000   0.022070231456
 -4.780000000000   0.021825744122
 -4.770000000000   0.021584899236
 -4.760000000000   0.021347726056
 -4.750000000000   0.021114314524
 -4.740000000000   0.020884796476
 -4.730000000000   0.020659335392
 -4.720000000000   0.020438130679
 -4.710000000000   0.020221421691
 -4.700000000000   0.020009466836
 -4.690000000000   0.019802486032
 -4.680000000000   0.019600581549
 -4.670000000000   0.019403671335
 -4.660000000000   0.019211466241
 -4.650000000000   0.019023501818
 -4.640000000000   0.018839211321
 -4.630000000000   0.018658011703
 -4.620000000000   0.018479373934
 -4.610000000000   0.018302862108
 -4.600000000000   0.018128144531
 -4.590000000000   0.017954991442
 -4.580000000000   0.017783270445
 -4.570000000000   0.017612938102
 -4.560000000000   0.017444018181
 -4.550000000000   0.017276561134
 -4.540000000000   0.017110591045
 -4.530000000000   0.016946056131
 -4.520000000000   0.016782800770
 -4.510000000000   0.016620570756
 -4.500000000000   0.016459052661
 -4.490000000000   0.016297938158
 -4.480000000000   0.016136997921
 -4.470000000000   0.015976146647
 -4.460000000000   0.015815479813
 -4.450000000000   0.015655267754
 -4.440000000000   0.015495907206
 -4.430000000000   0.015337849913
 -4.420000000000   0.015181537685
 -4.410000000000   0.015027363605
 -4.400000000000   0.014875657363
 -4.390000000000   0.014726678052
 -4.380000000000   0.014580601186
 -4.370000000000   0.014437501519
 -4.360000000000   0.014297345054
 -4.350000000000   0.014160003495
 -4.340000000000   0.014025293596
 -4.330000000000   0.013893029855
 -4.320000000000   0.013763071078
 -4.310000000000   0.013635343951
 -4.300000000000   0.013509837141
 -4.290000000000   0.013386570734
 -4.280000000000   0.013265553739
 -4.270000000000   0.013146745378
 -4.260000000000   0.013030033451
 -4.250000000000   0.012915235884
 -4.240000000000   0.012802123139
 -4.230000000000   0.012690453533
 -4.220000000000   0.012580011144
 -4.210000000000   0.012470635390
 -4.200000000000   0.012362233084
 -4.190000000000   0.012254770779
 -4.180000000000   0.012148255378
 -4.170000000000   0.012042716113
 -4.160000000000   0.011938195307
 -4.150000000000   0.011834744329
 -4.140000000000   0.011732416312
 -4.130000000000   0.011631252845
 -4.120000000000   0.011531271581
 -4.110000000000   0.011432465665
 -4.100000000000   0.011334820427
 -4.090000000000   0.011238342177
 -4.080000000000   0.011143085011
 -4.070000000000   0.011049159924
 -4.060000000000   0.010956717931
 -4.050000000000   0.010865912477
 -4.040000000000   0.010776857852
 -4.030000000000   0.010689601947
 -4.020000000000   0.010604122830
 -4.010000000000   0.010520346476
 -4.000000000000   0.010438174697
 -3.990000000000   0.010357510376
 -3.980000000000   0.010278270685
 -3.970000000000   0.010200386116
 -3.960000000000   0.010123790784
 -3.950000000000   0.010048413105
 -3.940000000000   0.009974173922
 -3.930000000000   0.009900993555
 -3.920000000000   0.009828804146
 -3.910000000000   0.009757560754
 -3.900000000000   0.009687245196
 -3.890000000000   0.009617861282
 -3.880000000000   0.009549426675
 -3.870000000000   0.009481969478
 -3.860000000000   0.009415533285
 -3.850000000000   0.009350185772
 -3.840000000000   0.009286020471
 -3.830000000000   0.009223144318
 -3.820000000000   0.009161653214
 -3.810000000000   0.009101606859
 -3.800000000000   0.009043015324
 -3.790000000000   0.008985842248
 -3.780000000000   0.008930019013
 -3.770000000000   0.008875458647
 -3.760000000000   0.008822061686
 -3.750000000000   0.008769715854
 -3.740000000000   0.008718297872
 -3.730000000000   0.008667682710
 -3.720000000000   0.008617756770
 -3.710000000000   0.008568426978
 -3.700000000000   0.008519621908
 -3.690000000000   0.008471288452
 -3.680000000000   0.008423390275
 -3.670000000000   0.008375910179
 -3.660000000000   0.008328852470
 -3.650000000000   0.008282239192
 -3.640000000000   0.008236097725
 -3.630000000000   0.008190443732
 -3.620000000000   0.008145267921
 -3.610000000000   0.008100534334
 -3.600000000000   0.008056192135
 -3.590000000000   0.008012195954
 -3.580000000000   0.007968526369
 -3.570000000000   0.007925204018
 -3.560000000000   0.007882295296
 -3.550000000000   0.007839910891
 -3.540000000000   0.007798199830
 -3.530000000000   0.007757342779
 -3.520000000000   0.007717548481
 -3.510000000000   0.007679053760
 -3.500000000000   0.007642120626
 -3.490000000000   0.007607019805
 -3.480000000000   0.007573995272
 -3.470000000000   0.007543217201
 -3.460000000000   0.007514740857
 -3.450000000000   0.007488488080
 -3.440000000000   0.007464257593
 -3.430000000000   0.007441758732
 -3.420000000000   0.007420657097
 -3.410000000000   0.007400620955
 -3.400000000000   0.007381360272
 -3.390000000000   0.007362652744
 -3.380000000000   0.007344353106
 -3.370000000000   0.007326385651
 -3.360000000000   0.007308724989
 -3.350000000000   0.007291373036
 -3.340000000000   0.007274339096
 -3.330000000000   0.007257627228
 -3.320000000000   0.007241233935
 -3.310000000000   0.007225158171
 -3.300000000000   0.007209421528
 -3.290000000000   0.007194089923
 -3.280000000000   0.007179284894
 -3.270000000000   0.007165177055
 -3.260000000000   0.007151963935
 -3.250000000000   0.007139841850
 -3.240000000000   0.007128980973
 -3.230000000000   0.007119506472
 -3.220000000000   0.007111483221
 -3.210000000000   0.007104901921
 -3.200000000000   0.007099669038
 -3.190000000000   0.007095607133
 -3.180000000000   0.007092471788
 -3.170000000000   0.007089985651
 -3.160000000000   0.007087882164
 -3.150000000000   0.007085946496
 -3.140000000000   0.007084042320
 -3.130000000000   0.007082118647
 -3.120000000000   0.007080196773
 -3.110000000000   0.007078342164
 -3.100000000000   0.007076630660
 -3.090000000000   0.007075121284
 -3.080000000000   0.007073845370
 -3.070000000000   0.007072813695
 -3.060000000000   0.007072035399
 -3.050000000000   0.007071540000
 -3.040000000000   0.007071396042
 -3.030000000000   0.007071722681
 -3.020000000000   0.007072690995
 -3.010000000000   0.007074511493
 -3.000000000000   0.007077406525
 -2.990000000000   0.007081572254
 -2.980000000000   0.007087140909
 -2.970000000000   0.007094155867
 -2.960000000000   0.007102568019
 -2.950000000000   0.007112254152
 -2.940000000000   0.007123050412
 -2.930000000000   0.007134790198
 -2.920000000000   0.007147337093
 -2.910000000000   0.007160607531
 -2.900000000000   0.007174581541
 -2.890000000000   0.007189302321
 -2.880000000000   0.007204867095
 -2.870000000000   0.007221412786
 -2.860000000000   0.007239099681
 -2.850000000000   0.007258094995
 -2.840000000000   0.007278557122
 -2.830000000000   0.007300620203
 -2.820000000000   0.007324377676
 -2.810000000000   0.007349864416
 -2.800000000000   0.007377041409
 -2.790000000000   0.007405791730
 -2.780000000000   0.007435935720
 -2.770000000000   0.007467263926
 -2.760000000000   0.007499574579
 -2.750000000000   0.007532698667
 -2.740000000000   0.007566504841
 -2.730000000000   0.007600891066
 -2.720000000000   0.007635777707
 -2.710000000000   0.007671112446
 -2.700000000000   0.007706886418
 -2.690000000000   0.007743151559
 -2.680000000000   0.007780026119
 -2.670000000000   0.007817679184
 -2.660000000000   0.007856295220
 -2.650000000000   0.007896031888
 -2.640000000000   0.007936991025
 -2.630000000000   0.007979217250
 -2.620000000000   0.008022723083
 -2.610000000000   0.008067524590
 -2.600000000000   0.008113668266
 -2.590000000000   0.008161238935
 -2.580000000000   0.008210350988
 -2.570000000000   0.008261132157
 -2.560000000000   0.008313708521
 -2.550000000000   0.008368195321
 -2.540000000000   0.008424694239
 -2.530000000000   0.008483294529
 -2.520000000000   0.008544072967
 -2.510000000000   0.008607088156
 -2.500000000000   0.008672369990
 -2.490000000000   0.008739911121
 -2.480000000000   0.008809667618
 -2.470000000000   0.008881569178
 -2.460000000000   0.008955532696
 -2.450000000000   0.009031474191
 -2.440000000000   0.009109321631
 -2.430000000000   0.009189035671
 -2.420000000000   0.009270639469
 -2.410000000000   0.009354246753
 -2.400000000000   0.009440070561
 -2.390000000000   0.009528401297
 -2.380000000000   0.009619557518
 -2.370000000000   0.009713825734
 -2.360000000000   0.009811409798
 -2.350000000000   0.009912406378
 -2.340000000000   0.010016813069
 -2.330000000000   0.010124562446
 -2.320000000000   0.010235564127
 -2.310000000000   0.010349736305
 -2.300000000000   0.010467021789
 -2.290000000000   0.010587401302
 -2.280000000000   0.010710921445
 -2.270000000000   0.010837738865
 -2.260000000000   0.010968158308
 -2.250000000000   0.011102632066
 -2.240000000000   0.011241702971
 -2.230000000000   0.011385902793
 -2.220000000000   0.011535642397
 -2.210000000000   0.011691134897
 -2.200000000000   0.011852378639
 -2.190000000000   0.012019204123
 -2.180000000000   0.012191368770
 -2.170000000000   0.012368670448
 -2.160000000000   0.012551046105
 -2.150000000000   0.012738627895
 -2.140000000000   0.012931746255
 -2.130000000000   0.013130889834
 -2.120000000000   0.013336644408
 -2.110000000000   0.013549632137
 -2.100000000000   0.013770463829
 -2.090000000000   0.013999708152
 -2.080000000000   0.014237876706
 -2.070000000000   0.014485422803
 -2.060000000000   0.014742752966
 -2.050000000000   0.015010250900
 -2.040000000000   0.015288311072
 -2.030000000000   0.015577374190
 -2.020000000000   0.015877954200
 -2.010000000000   0.016190648880
 -2.000000000000   0.016516131136
 -1.990000000000   0.016855122083
 -1.980000000000   0.017208349832
 -1.970000000000   0.017576501738
 -1.960000000000   0.017960181520
 -1.950000000000   0.018359882479
 -1.940000000000   0.018775983518
 -1.930000000000   0.019208770269
 -1.920000000000   0.019658481984
 -1.910000000000   0.020125383218
 -1.900000000000   0.020609853070
 -1.890000000000   0.021112474610
 -1.880000000000   0.021634099898
 -1.870000000000   0.022175870568
 -1.860000000000   0.022739191122
 -1.850000000000   0.023325670596
 -1.840000000000   0.023937054413
 -1.830000000000   0.024575161778
 -1.820000000000   0.025241837136
 -1.810000000000   0.025938923864
 -1.800000000000   0.026668267093
 -1.790000000000   0.027431743310
 -1.780000000000   0.028231303298
 -1.770000000000   0.029069012720
 -1.760000000000   0.029947081463
 -1.750000000000   0.030867880350
 -1.740000000000   0.031833948120
 -1.730000000000   0.032847994490
 -1.720000000000   0.033912906563
 -1.710000000000   0.035031761857
 -1.700000000000   0.036207841817
 -1.690000000000   0.037444632940
 -1.680000000000   0.038745807096
 -1.670000000000   0.040115186010
 -1.660000000000   0.041556705709
 -1.650000000000   0.043074395204
 -1.640000000000   0.044672370979
 -1.630000000000   0.046354835520
 -1.620000000000   0.048126064241
 -1.610000000000   0.049990372207
 -1.600000000000   0.051952063499
 -1.590000000000   0.054015374475
 -1.580000000000   0.056184424722
 -1.570000000000   0.058463186524
 -1.560000000000   0.060855475647
 -1.550000000000   0.063364954429
 -1.540000000000   0.065995127855
 -1.530000000000   0.068749311434
 -1.520000000000   0.071630558162
 -1.510000000000   0.074641545760
 -1.500000000000   0.077784436893
 -1.490000000000   0.081060725281
 -1.480000000000   0.084471064118
 -1.470000000000   0.088015051953
 -1.460000000000   0.091690954582
 -1.450000000000   0.095495384447
 -1.440000000000   0.099423010194
 -1.430000000000   0.103466373293
 -1.420000000000   0.107615830498
 -1.410000000000   0.111859567299
 -1.400000000000   0.116183597617
 -1.390000000000   0.120571690440
 -1.380000000000   0.125005210887
 -1.370000000000   0.129462901672
 -1.360000000000   0.133920660015
 -1.350000000000   0.138351389423
 -1.340000000000   0.142725012311
 -1.330000000000   0.147008699823
 -1.320000000000   0.151167315642
 -1.310000000000   0.155164013825
 -1.300000000000   0.158960907334
 -1.290000000000   0.162519739033
 -1.280000000000   0.165802526747
 -1.270000000000   0.168772202191
 -1.260000000000   0.171393300745
 -1.250000000000   0.173632761233
 -1.240000000000   0.175460852416
 -1.230000000000   0.176852174111
 -1.220000000000   0.177786622579
 -1.210000000000   0.178250197364
 -1.200000000000   0.178235572145
 -1.190000000000   0.177742425715
 -1.180000000000   0.176777574562
 -1.170000000000   0.175354932775
 -1.160000000000   0.173495271360
 -1.150000000000   0.171225715041
 -1.140000000000   0.168578939901
 -1.130000000000   0.165592108018
 -1.120000000000   0.162305643329
 -1.110000000000   0.158761973463
 -1.100000000000   0.155004337375
 -1.090000000000   0.151075716219
 -1.080000000000   0.147017903637
 -1.070000000000   0.142870703194
 -1.060000000000   0.138671244747
 -1.050000000000   0.134453450986
 -1.040000000000   0.130247719652
 -1.030000000000   0.126080866683
 -1.020000000000   0.121976302731
 -1.010000000000   0.117954346803
 -1.000000000000   0.114032567794
 -0.990000000000   0.110226081349
 -0.980000000000   0.106547769272
 -0.970000000000   0.103008404122
 -0.960000000000   0.099616670860
 -0.950000000000   0.096379110002
 -0.940000000000   0.093300056020
 -0.930000000000   0.090381667251
 -0.920000000000   0.087624108024
 -0.910000000000   0.085025870389
 -0.900000000000   0.082584166685
 -0.890000000000   0.080295320637
 -0.880000000000   0.078155118295
 -0.870000000000   0.076159108736
 -0.860000000000   0.074302846274
 -0.850000000000   0.072582056601
 -0.840000000000   0.070992712883
 -0.830000000000   0.069531026718
 -0.820000000000   0.068193377629
 -0.810000000000   0.066976214340
 -0.800000000000   0.065875964929
 -0.790000000000   0.064888994013
 -0.780000000000   0.064011637638
 -0.770000000000   0.063240324107
 -0.760000000000   0.062571755515
 -0.750000000000   0.062003097793
 -0.740000000000   0.061532125394
 -0.730000000000   0.061157291814
 -0.720000000000   0.060877728815
 -0.710000000000   0.060693194460
 -0.700000000000   0.060603991384
 -0.690000000000   0.060610874997
 -0.680000000000   0.060714973025
 -0.670000000000   0.060917736350
 -0.660000000000   0.061220931627
 -0.650000000000   0.061626677288
 -0.640000000000   0.062137526190
 -0.630000000000   0.062756605047
 -0.620000000000   0.063487817132
 -0.610000000000   0.064336092910
 -0.600000000000   0.065307642544
 -0.590000000000   0.066410145209
 -0.580000000000   0.067652823199
 -0.570000000000   0.069046398213
 -0.560000000000   0.070602988072
 -0.550000000000   0.072336032135
 -0.540000000000   0.074260310159
 -0.530000000000   0.076392062471
 -0.520000000000   0.078749169986
 -0.510000000000   0.081351333571
 -0.500000000000   0.084220201193
 -0.490000000000   0.087379418553
 -0.480000000000   0.090854613234
 -0.470000000000   0.094673341017
 -0.460000000000   0.098865000651
 -0.450000000000   0.103460659706
 -0.440000000000   0.108492662328
 -0.430000000000   0.113993848119
 -0.420000000000   0.119996209546
 -0.410000000000   0.126528829929
 -0.400000000000   0.133614945728
 -0.390000000000   0.141267959908
 -0.380000000000   0.149486225571
 -0.370000000000   0.158246474092
 -0.360000000000   0.167495951103
 -0.350000000000   0.177143715954
 -0.340000000000   0.187052170368
 -0.330000000000   0.197030614576
 -0.320000000000   0.206833277409
 -0.310000000000   0.216164546231
 -0.300000000000   0.224693703761
 -0.290000000000   0.232080064011
 -0.280000000000   0.238006932714
 -0.270000000000   0.242219759149
 -0.260000000000   0.244561264348
 -0.250000000000   0.244995562150
 -0.240000000000   0.243615201437
 -0.230000000000   0.240629327220
 -0.220000000000   0.236336182794
 -0.210000000000   0.231086886767
 -0.200000000000   0.225248488639
 -0.190000000000   0.219172792501
 -0.180000000000   0.213174461816
 -0.170000000000   0.207518845268
 -0.160000000000   0.202417761827
 -0.150000000000   0.198030482291
 -0.140000000000   0.194467124891
 -0.130000000000   0.191792187619
 -0.120000000000   0.190026629766
 -0.110000000000   0.189147708121
 -0.100000000000   0.189086734366
 -0.090000000000   0.189726068475
 -0.080000000000   0.190897837848
 -0.070000000000   0.192387662596
 -0.060000000000   0.193946444345
 -0.050000000000   0.195311460516
 -0.040000000000   0.196234650587
 -0.030000000000   0.196512324666
 -0.020000000000   0.196008751610
 -0.010000000000   0.194667834624
  0.000000000000   0.192511728480
  0.010000000000   0.189629916915
  0.020000000000   0.186164100597
  0.030000000000   0.182292787100
  0.040000000000   0.178216714484
  0.050000000000   0.174144569144
  0.060000000000   0.170278724382
  0.070000000000   0.166801994746
  0.080000000000   0.163867176219
  0.090000000000   0.161590699552
  0.100000000000   0.160050459685
  0.110000000000   0.159286695234
  0.120000000000   0.159304298216
  0.130000000000   0.160075183035
  0.140000000000   0.161540003897
  0.150000000000   0.163609214730
  0.160000000000   0.166164018380
  0.170000000000   0.169058113841
  0.180000000000   0.172121323400
  0.190000000000   0.175166117321
  0.200000000000   0.177997651926
  0.210000000000   0.180427134888
  0.220000000000   0.182287231603
  0.230000000000   0.183447162295
  0.240000000000   0.183824591512
  0.250000000000   0.183391764221
  0.260000000000   0.182174602918
  0.270000000000   0.180245191443
  0.280000000000   0.177709555448
  0.290000000000   0.174693402918
  0.300000000000   0.171328410735
  0.310000000000   0.167740972558
  0.320000000000   0.164044408831
  0.330000000000   0.160334768279
  0.340000000000   0.156689694517
  0.350000000000   0.153169463430
  0.360000000000   0.149819215590
  0.370000000000   0.146671564468
  0.380000000000   0.143749062267
  0.390000000000   0.141066318385
  0.400000000000   0.138631772106
  0.410000000000   0.136449183568
  0.420000000000   0.134518876998
  0.430000000000   0.132838731600
  0.440000000000   0.131404923509
  0.450000000000   0.130212472288
  0.460000000000   0.129255681536
  0.470000000000   0.128528533754
  0.480000000000   0.128025024839
  0.490000000000   0.127739384566
  0.500000000000   0.127666171799
  0.510000000000   0.127800307223
  0.520000000000   0.128137129664
  0.530000000000   0.128672513028
  0.540000000000   0.129403006362
  0.550000000000   0.130325915436
  0.560000000000   0.131439257287
  0.570000000000   0.132741578783
  0.580000000000   0.134231689323
  0.590000000000   0.135908367633
  0.600000000000   0.137770070952
  0.610000000000   0.139814657018
  0.620000000000   0.142039147702
  0.630000000000   0.144439576369
  0.640000000000   0.147010930849
  0.650000000000   0.149747147161
  0.660000000000   0.152641066573
  0.670000000000   0.155684262037
  0.680000000000   0.158866676183
  0.690000000000   0.162176091119
  0.700000000000   0.165597542952
  0.710000000000   0.169112846134
  0.720000000000   0.172700371029
  0.730000000000   0.176335147871
  0.740000000000   0.179989300431
  0.750000000000   0.183632757029
  0.760000000000   0.187234128485
  0.770000000000   0.190761591455
  0.780000000000   0.194183611784
  0.790000000000   0.197469404334
  0.800000000000   0.200589120577
  0.810000000000   0.203513839424
  0.820000000000   0.206215495975
  0.830000000000   0.208666916610
  0.840000000000   0.210842116213
  0.850000000000   0.212716926751
  0.860000000000   0.214269883946
  0.870000000000   0.215483179251
  0.880000000000   0.216343461297
  0.890000000000   0.216842337030
  0.900000000000   0.216976508696
  0.910000000000   0.216747541594
  0.920000000000   0.216161300682
  0.930000000000   0.215227153463
  0.940000000000   0.213957114244
  0.950000000000   0.212365155580
  0.960000000000   0.210466872500
  0.970000000000   0.208279536929
  0.980000000000   0.205822396475
  0.990000000000   0.203116967056
  1.000000000000   0.200187094474
  1.010000000000   0.197058672971
  1.020000000000   0.193759033141
  1.030000000000   0.190316100549
  1.040000000000   0.186757465396
  1.050000000000   0.183109497133
  1.060000000000   0.179396608309
  1.070000000000   0.175640747631
  1.080000000000   0.171861188709
  1.090000000000   0.168074648039
  1.100000000000   0.164295681748
  1.110000000000   0.160537199799
  1.120000000000   0.156810884908
  1.130000000000   0.153127377461
  1.140000000000   0.149496249200
  1.150000000000   0.145925917315
  1.160000000000   0.142423655798
  1.170000000000   0.138995753238
  1.180000000000   0.135647732793
  1.190000000000   0.132384482649
  1.200000000000   0.129210185394
  1.210000000000   0.126128055345
  1.220000000000   0.123140018383
  1.230000000000   0.120246521153
  1.240000000000   0.117446604490
  1.250000000000   0.114738254783
  1.260000000000   0.112118928434
  1.270000000000   0.109586086533
  1.280000000000   0.107137592866
  1.290000000000   0.104771891202
  1.300000000000   0.102487948019
  1.310000000000   0.100285002517
  1.320000000000   0.098162206894
  1.330000000000   0.096118267552
  1.340000000000   0.094151203368
  1.350000000000   0.092258309551
  1.360000000000   0.090436353309
  1.370000000000   0.088681945517
  1.380000000000   0.086991964930
  1.390000000000   0.085363894180
  1.400000000000   0.083795969268
  1.410000000000   0.082287122086
  1.420000000000   0.080836771261
  1.430000000000   0.079444560263
  1.440000000000   0.078110138161
  1.450000000000   0.076833032609
  1.460000000000   0.075612603302
  1.470000000000   0.074448024384
  1.480000000000   0.073338249897
  1.490000000000   0.072281958882
  1.500000000000   0.071277519422
  1.510000000000   0.070323016128
  1.520000000000   0.069416347739
  1.530000000000   0.068555353893
  1.540000000000   0.067737914299
  1.550000000000   0.066961989430
  1.560000000000   0.066225611111
  1.570000000000   0.065526851606
  1.580000000000   0.064863796144
  1.590000000000   0.064234532756
  1.600000000000   0.063637166794
  1.610000000000   0.063069864893
  1.620000000000   0.062530930152
  1.630000000000   0.062018902269
  1.640000000000   0.061532661545
  1.650000000000   0.061071502050
  1.660000000000   0.060635141474
  1.670000000000   0.060223657743
  1.680000000000   0.059837371558
  1.690000000000   0.059476709687
  1.700000000000   0.059142078328
  1.710000000000   0.058833758878
  1.720000000000   0.058551825382
  1.730000000000   0.058296081962
  1.740000000000   0.058066026348
  1.750000000000   0.057860852296
  1.760000000000   0.057679501682
  1.770000000000   0.057520765809
  1.780000000000   0.057383419801
  1.790000000000   0.057266358419
  1.800000000000   0.057168691963
  1.810000000000   0.057089765531
  1.820000000000   0.057029090669
  1.830000000000   0.056986218840
  1.840000000000   0.056960619004
  1.850000000000   0.056951623043
  1.860000000000   0.056958469181
  1.870000000000   0.056980424464
  1.880000000000   0.057016928537
  1.890000000000   0.057067688380
  1.900000000000   0.057132673037
  1.910000000000   0.057212004679
  1.920000000000   0.057305796164
  1.930000000000   0.057414013381
  1.940000000000   0.057536425396
  1.950000000000   0.057672660187
  1.960000000000   0.057822337048
  1.970000000000   0.057985218314
  1.980000000000   0.058161318838
  1.990000000000   0.058350930605
  2.000000000000   0.058554554951
  2.010000000000   0.058772772839
  2.020000000000   0.059006107638
  2.030000000000   0.059254931558
  2.040000000000   0.059519436894
  2.050000000000   0.059799657104
  2.060000000000   0.060095508360
  2.070000000000   0.060406836719
  2.080000000000   0.060733476131
  2.090000000000   0.061075320588
  2.100000000000   0.061432390977
  2.110000000000   0.061804858392
  2.120000000000   0.062192991468
  2.130000000000   0.062597026446
  2.140000000000   0.063016999011
  2.150000000000   0.063452603254
  2.160000000000   0.063903137637
  2.170000000000   0.064367560826
  2.180000000000   0.064844632373
  2.190000000000   0.065333081352
  2.200000000000   0.065831744321
  2.210000000000   0.066339638494
  2.220000000000   0.066855972350
  2.230000000000   0.067380124553
  2.240000000000   0.067911626734
  2.250000000000   0.068450167434
  2.260000000000   0.068995612938
  2.270000000000   0.069548030986
  2.280000000000   0.070107701623
  2.290000000000   0.070675097289
  2.300000000000   0.071250816393
  2.310000000000   0.071835470365
  2.320000000000   0.072429548545
  2.330000000000   0.073033300429
  2.340000000000   0.073646668673
  2.350000000000   0.074269282958
  2.360000000000   0.074900498310
  2.370000000000   0.075539446630
  2.380000000000   0.076185075840
  2.390000000000   0.076836171113
  2.400000000000   0.077491367681
  2.410000000000   0.078149163851
  2.420000000000   0.078807937305
  2.430000000000   0.079465974022
  2.440000000000   0.080121531553
  2.450000000000   0.080772950786
  2.460000000000   0.081418791252
  2.470000000000   0.082057921527
  2.480000000000   0.082689494669
  2.490000000000   0.083312796206
  2.500000000000   0.083927032906
  2.510000000000   0.084531174791
  2.520000000000   0.085123940628
  2.530000000000   0.085703947476
  2.540000000000   0.086269971945
  2.550000000000   0.086821231384
  2.560000000000   0.087357601854
  2.570000000000   0.087879731095
  2.580000000000   0.088389038253
  2.590000000000   0.088887588803
  2.600000000000   0.089377817316
  2.610000000000   0.089862098406
  2.620000000000   0.090342248968
  2.630000000000   0.090819119522
  2.640000000000   0.091292422838
  2.650000000000   0.091760845573
  2.660000000000   0.092222362778
  2.670000000000   0.092674607209
  2.680000000000   0.093115163506
  2.690000000000   0.093541729343
  2.700000000000   0.093952158607
  2.710000000000   0.094344440798
  2.720000000000   0.094716674051
  2.730000000000   0.095067073585
  2.740000000000   0.095394035444
  2.750000000000   0.095696248647
  2.760000000000   0.095972821739
  2.770000000000   0.096223373835
  2.780000000000   0.096448044572
  2.790000000000   0.096647403042
  2.800000000000   0.096822274226
  2.810000000000   0.096973533669
  2.820000000000   0.097101926851
  2.830000000000   0.097207947908
  2.840000000000   0.097291784281
  2.850000000000   0.097353319464
  2.860000000000   0.097392185850
  2.870000000000   0.097407860629
  2.880000000000   0.097399792052
  2.890000000000   0.097367535178
  2.900000000000   0.097310873577
  2.910000000000   0.097229905964
  2.920000000000   0.097125076167
  2.930000000000   0.096997120731
  2.940000000000   0.096846917663
  2.950000000000   0.096675255327
  2.960000000000   0.096482584626
  2.970000000000   0.096268836348
  2.980000000000   0.096033367900
  2.990000000000   0.095775067001
  3.000000000000   0.095492599110
  3.010000000000   0.095184742332
  3.020000000000   0.094850717179
  3.030000000000   0.094490411089
  3.040000000000   0.094104430826
  3.050000000000   0.093693977486
  3.060000000000   0.093260601554
  3.070000000000   0.092805932231
  3.080000000000   0.092331469353
  3.090000000000   0.091838481920
  3.100000000000   0.091328000990
  3.110000000000   0.090800860058
  3.120000000000   0.090257741831
  3.130000000000   0.089699224751
  3.140000000000   0.089125848552
  3.150000000000   0.088538205177
  3.160000000000   0.087937020996
  3.170000000000   0.087323176395
  3.180000000000   0.086697641032
  3.190000000000   0.086061363254
  3.200000000000   0.085415184249
  3.210000000000   0.084759821361
  3.220000000000   0.084095906905
  3.230000000000   0.083424034142
  3.240000000000   0.082744779831
  3.250000000000   0.082058717980
  3.260000000000   0.081366462342
  3.270000000000   0.080668752550
  3.280000000000   0.079966549728
  3.290000000000   0.079261071250
  3.300000000000   0.078553703378
  3.310000000000   0.077845791933
  3.320000000000   0.077138389926
  3.330000000000   0.076432074267
  3.340000000000   0.075726899127
  3.350000000000   0.075022472852
  3.360000000000   0.074318101453
  3.370000000000   0.073612955980
  3.380000000000   0.072906247876
  3.390000000000   0.072197391813
  3.400000000000   0.071486112926
  3.410000000000   0.070772459536
  3.420000000000   0.070056728007
  3.430000000000   0.069339358374
  3.440000000000   0.068620871386
  3.450000000000   0.067901879025
  3.460000000000   0.067183143630
  3.470000000000   0.066465626112
  3.480000000000   0.065750467777
  3.490000000000   0.065038883561
  3.500000000000   0.064331989294
  3.510000000000   0.063630624623
  3.520000000000   0.062935247247
  3.530000000000   0.062245948698
  3.540000000000   0.061562583413
  3.550000000000   0.060884943579
  3.560000000000   0.060212891321
  3.570000000000   0.059546393156
  3.580000000000   0.058885466602
  3.590000000000   0.058230098347
  3.600000000000   0.057580193740
  3.610000000000   0.056935578307
  3.620000000000   0.056296034625
  3.630000000000   0.055661351056
  3.640000000000   0.055031371484
  3.650000000000   0.054406040597
  3.660000000000   0.053785431489
  3.670000000000   0.053169739714
  3.680000000000   0.052559240973
  3.690000000000   0.051954226435
  3.700000000000   0.051354933458
  3.710000000000   0.050761482243
  3.720000000000   0.050173826304
  3.730000000000   0.049591732793
  3.740000000000   0.049014814410
  3.750000000000   0.048442622265
  3.760000000000   0.047874779224
  3.770000000000   0.047311103878
  3.780000000000   0.046751667908
  3.790000000000   0.046196754540
  3.800000000000   0.045646732934
  3.810000000000   0.045101904123
  3.820000000000   0.044562381115
  3.830000000000   0.044028037480
  3.840000000000   0.043498521349
  3.850000000000   0.042973312385
  3.860000000000   0.042451801089
  3.870000000000   0.041933378169
  3.880000000000   0.041417526554
  3.890000000000   0.040903910959
  3.900000000000   0.040392460527
  3.910000000000   0.039883435503
  3.920000000000   0.039377460464
  3.930000000000   0.038875503754
  3.940000000000   0.038378794172
  3.950000000000   0.037888687363
  3.960000000000   0.037406510807
  3.970000000000   0.036933417163
  3.980000000000   0.036470266757
  3.990000000000   0.036017553517
  4.000000000000   0.035575385880
