-25.000000000000   0.001492157165
-24.980000000000   0.002592883498
-24.960000000000   0.002631613015
-24.940000000000   0.002647347591
-24.920000000000   0.002647133265
-24.900000000000   0.002651839455
-24.880000000000   0.002626393962
-24.860000000000   0.002678575434
-24.840000000000   0.002699844503
-24.820000000000   0.002660092609
-24.800000000000   0.002634075229
-24.780000000000   0.002611065132
-24.760000000000   0.002721479705
-24.740000000000   0.002712346957
-24.720000000000   0.002639764662
-24.700000000000   0.002742812111
-24.680000000000   0.002737174701
-24.660000000000   0.002677943066
-24.640000000000   0.002703504509
-24.620000000000   0.002672195426
-24.600000000000   0.002686061529
-24.580000000000   0.002647803017
-24.560000000000   0.002718418803
-24.540000000000   0.002718571059
-24.520000000000   0.002690001453
-24.500000000000   0.002643862120
-24.480000000000   0.002710642006
-24.460000000000   0.002759160258
-24.440000000000   0.002709617870
-24.420000000000   0.002705662739
-24.400000000000   0.002720517527
-24.380000000000   0.002743941482
-24.360000000000   0.002744093445
-24.340000000000   0.002718444173
-24.320000000000   0.002737296344
-24.300000000000   0.002777685159
-24.280000000000   0.002752692208
-24.260000000000   0.002701118473
-24.240000000000   0.002797781437
-24.220000000000   0.002788085744
-24.200000000000   0.002773288633
-24.180000000000   0.002741768836
-24.160000000000   0.002769386214
-24.140000000000   0.002706556331
-24.120000000000   0.002860337649
-24.100000000000   0.002848648016
-24.080000000000   0.002770653542
-24.060000000000   0.002756750342
-24.040000000000   0.002770153725
-24.020000000000   0.002818499916
-24.000000000000   0.002811465148
-23.980000000000   0.002852977469
-23.960000000000   0.002837636946
-23.940000000000   0.002775847408
-23.920000000000   0.002799127763
-23.900000000000   0.002786137299
-23.880000000000   0.002856414643
-23.860000000000   0.002851684567
-23.840000000000   0.002834219686
-23.820000000000   0.002782724025
-23.800000000000   0.002835198411
-23.780000000000   0.002798244133
-23.760000000000   0.002863720078
-23.740000000000   0.002872809064
-23.720000000000   0.002834269141
-23.700000000000   0.002888425897
-23.680000000000   0.002921786046
-23.660000000000   0.002876095848
-23.640000000000   0.002852044577
-23.620000000000   0.002879212226
-23.600000000000   0.002878311077
-23.580000000000   0.002868733020
-23.560000000000   0.002948222639
-23.540000000000   0.002893602279
-23.520000000000   0.002922546945
-23.500000000000   0.002815722757
-23.480000000000   0.002861902962
-23.460000000000   0.002892340440
-23.440000000000   0.002876181560
-23.420000000000   0.002911035181
-23.400000000000   0.002915745845
-23.380000000000   0.002840254609
-23.360000000000   0.002971001003
-23.340000000000   0.002896965776
-23.320000000000   0.002940011978
-23.300000000000   0.002826243278
-23.280000000000   0.002916395237
-23.260000000000   0.003005922562
-23.240000000000   0.002974418934
-23.220000000000   0.002979499670
-23.200000000000   0.002910567727
-23.180000000000   0.003002090833
-23.160000000000   0.002961690894
-23.140000000000   0.003029920221
-23.120000000000   0.002989249463
-23.100000000000   0.003083023942
-23.080000000000   0.003020494566
-23.060000000000   0.002958937723
-23.040000000000   0.002961082327
-23.020000000000   0.002870933135
-23.000000000000   0.003012394244
-22.980000000000   0.003052497271
-22.960000000000   0.002997647830
-22.940000000000   0.003027082731
-22.920000000000   0.002976869829
-22.900000000000   0.003131881823
-22.880000000000   0.003000969455
-22.860000000000   0.002995827837
-22.840000000000   0.003051955306
-22.820000000000   0.003045867665
-22.800000000000   0.003028926405
-22.780000000000   0.003025800658
-22.760000000000   0.003063514943
-22.740000000000   0.003073407028
-22.720000000000   0.003065763103
-22.700000000000   0.003057077473
-22.680000000000   0.003047283345
-22.660000000000   0.003080263529
-22.640000000000   0.003115241289
-22.620000000000   0.003074687478
-22.600000000000   0.003067339665
-22.580000000000   0.003079220118
-22.560000000000   0.003035451893
-22.540000000000   0.003053592977
-22.520000000000   0.003114021230
-22.500000000000   0.003133777453
-22.480000000000   0.003123938257
-22.460000000000   0.003170622966
-22.440000000000   0.003226098959
-22.420000000000   0.003107004035
-22.400000000000   0.003134375774
-22.380000000000   0.003133266291
-22.360000000000   0.003162542709
-22.340000000000   0.003118870265
-22.320000000000   0.003176391352
-22.300000000000   0.003145383221
-22.280000000000   0.003173468282
-22.260000000000   0.003207345088
-22.240000000000   0.003155342935
-22.220000000000   0.003131498576
-22.200000000000   0.003220635646
-22.180000000000   0.003152024254
-22.160000000000   0.003164579912
-22.140000000000   0.003219120561
-22.120000000000   0.003230716155
-22.100000000000   0.003256118027
-22.080000000000   0.003146845112
-22.060000000000   0.003226765583
-22.040000000000   0.003278936772
-22.020000000000   0.003246040632
-22.000000000000   0.003209140340
-21.980000000000   0.003301496542
-21.960000000000   0.003278221602
-21.940000000000   0.003289043996
-21.920000000000   0.003266749889
-21.900000000000   0.003286589284
-21.880000000000   0.003303059252
-21.860000000000   0.003254218217
-21.840000000000   0.003233478441
-21.820000000000   0.003231024122
-21.800000000000   0.003267321434
-21.780000000000   0.003258992553
-21.760000000000   0.003291029183
-21.740000000000   0.003301266970
-21.720000000000   0.003320031596
-21.700000000000   0.003400951017
-21.680000000000   0.003357975081
-21.660000000000   0.003349341139
-21.640000000000   0.003280227909
-21.620000000000   0.003342410821
-21.600000000000   0.003476994058
-21.580000000000   0.003370483756
-21.560000000000   0.003332862222
-21.540000000000   0.003340205829
-21.520000000000   0.003339181802
-21.500000000000   0.003331294482
-21.480000000000   0.003383817413
-21.460000000000   0.003342996397
-21.440000000000   0.003411477688
-21.420000000000   0.003451594247
-21.400000000000   0.003468588848
-21.380000000000   0.003410896674
-21.360000000000   0.003380468716
-21.340000000000   0.003372251208
-21.320000000000   0.003331896042
-21.300000000000   0.003471967202
-21.280000000000   0.003497832749
-21.260000000000   0.003454387524
-21.240000000000   0.003460037325
-21.220000000000   0.003470545093
-21.200000000000   0.003499116126
-21.180000000000   0.003486712733
-21.160000000000   0.003539266491
-21.140000000000   0.003489038091
-21.120000000000   0.003525915222
-21.100000000000   0.003476277879
-21.080000000000   0.003484610369
-21.060000000000   0.003522100682
-21.040000000000   0.003582078853
-21.020000000000   0.003574203560
-21.000000000000   0.003520686424
-20.980000000000   0.003561005349
-20.960000000000   0.003536560002
-20.940000000000   0.003638638238
-20.920000000000   0.003540190142
-20.900000000000   0.003587580582
-20.880000000000   0.003566531020
-20.860000000000   0.003577289818
-20.840000000000   0.003600133366
-20.820000000000   0.003598990118
-20.800000000000   0.003598665044
-20.780000000000   0.003651443526
-20.760000000000   0.003657448840
-20.740000000000   0.003595436995
-20.720000000000   0.003576072981
-20.700000000000   0.003648330495
-20.680000000000   0.003662769131
-20.660000000000   0.003649449175
-20.640000000000   0.003639584141
-20.620000000000   0.003626217533
-20.600000000000   0.003619374434
-20.580000000000   0.003699590510
-20.560000000000   0.003635405752
-20.540000000000   0.003726341007
-20.520000000000   0.003668188515
-20.500000000000   0.003723243605
-20.480000000000   0.003675424169
-20.460000000000   0.003764823178
-20.440000000000   0.003832017684
-20.420000000000   0.003777230963
-20.400000000000   0.003769392696
-20.380000000000   0.003758507840
-20.360000000000   0.003746257832
-20.340000000000   0.003777393970
-20.320000000000   0.003685430284
-20.300000000000   0.003745312856
-20.280000000000   0.003751102080
-20.260000000000   0.003869828713
-20.240000000000   0.003828083234
-20.220000000000   0.003798925484
-20.200000000000   0.003792480601
-20.180000000000   0.003835237257
-20.160000000000   0.003771136190
-20.140000000000   0.003874340029
-20.120000000000   0.003841355918
-20.100000000000   0.003804560375
-20.080000000000   0.003826935887
-20.060000000000   0.003813540447
-20.040000000000   0.003790669014
-20.020000000000   0.003861148914
-20.000000000000   0.003856341125
-19.980000000000   0.003990119464
-19.960000000000   0.003950995150
-19.940000000000   0.003858330666
-19.920000000000   0.003912072904
-19.900000000000   0.003941415122
-19.880000000000   0.003928228347
-19.860000000000   0.003961003555
-19.840000000000   0.003924375899
-19.820000000000   0.003946270741
-19.800000000000   0.003990438487
-19.780000000000   0.003941676319
-19.760000000000   0.004095289776
-19.740000000000   0.004008197454
-19.720000000000   0.003988457279
-19.700000000000   0.004033690894
-19.680000000000   0.004155196683
-19.660000000000   0.004045153298
-19.640000000000   0.004023898209
-19.620000000000   0.004079411395
-19.600000000000   0.004038914948
-19.580000000000   0.003991503433
-19.560000000000   0.004054700023
-19.540000000000   0.004009759756
-19.520000000000   0.004086299432
-19.500000000000   0.004088592969
-19.480000000000   0.004189822767
-19.460000000000   0.004176111968
-19.440000000000   0.004139941913
-19.420000000000   0.004198945790
-19.400000000000   0.004111542662
-19.380000000000   0.004199902162
-19.360000000000   0.004146270038
-19.340000000000   0.004128468464
-19.320000000000   0.004186212671
-19.300000000000   0.004234152890
-19.280000000000   0.004201554471
-19.260000000000   0.004248504163
-19.240000000000   0.004206583507
-19.220000000000   0.004161364083
-19.200000000000   0.004256424818
-19.180000000000   0.004149854491
-19.160000000000   0.004216913211
-19.140000000000   0.004304630642
-19.120000000000   0.004186553627
-19.100000000000   0.004302551764
-19.080000000000   0.004176598307
-19.060000000000   0.004319115401
-19.040000000000   0.004378836721
-19.020000000000   0.004269550320
-19.000000000000   0.004483968062
-18.980000000000   0.004426249633
-18.960000000000   0.004285759078
-18.940000000000   0.004426901362
-18.920000000000   0.004389191339
-18.900000000000   0.004338115482
-18.880000000000   0.004524232228
-18.860000000000   0.004350393160
-18.840000000000   0.004411365669
-18.820000000000   0.004410568344
-18.800000000000   0.004410443936
-18.780000000000   0.004432089813
-18.760000000000   0.004476052137
-18.740000000000   0.004443043472
-18.720000000000   0.004543254340
-18.700000000000   0.004551062858
-18.680000000000   0.004437844226
-18.660000000000   0.004527172349
-18.640000000000   0.004528054066
-18.620000000000   0.004561204719
-18.600000000000   0.004567567116
-18.580000000000   0.004545712100
-18.560000000000   0.004511124154
-18.540000000000   0.004595178231
-18.520000000000   0.004576883529
-18.500000000000   0.004600256418
-18.480000000000   0.004664138622
-18.460000000000   0.004642205389
-18.440000000000   0.004648371750
-18.420000000000   0.004612166270
-18.400000000000   0.004679927577
-18.380000000000   0.004708626515
-18.360000000000   0.004781474234
-18.340000000000   0.004698822515
-18.320000000000   0.004879162993
-18.300000000000   0.004751645777
-18.280000000000   0.004775691899
-18.260000000000   0.004703372329
-18.240000000000   0.004801005873
-18.220000000000   0.004780002248
-18.200000000000   0.004799155858
-18.180000000000   0.004762474898
-18.160000000000   0.004829538089
-18.140000000000   0.004814286021
-18.120000000000   0.004937493601
-18.100000000000   0.004866716022
-18.080000000000   0.004950739519
-18.060000000000   0.004994565555
-18.040000000000   0.004912846611
-18.020000000000   0.004873655691
-18.000000000000   0.004895434638
-17.980000000000   0.004898779951
-17.960000000000   0.004894198318
-17.940000000000   0.005034859136
-17.920000000000   0.005068192637
-17.900000000000   0.004925239195
-17.880000000000   0.004900858779
-17.860000000000   0.004925310176
-17.840000000000   0.005044406529
-17.820000000000   0.005045174495
-17.800000000000   0.005018306143
-17.780000000000   0.005070768776
-17.760000000000   0.005196462733
-17.740000000000   0.005160132808
-17.720000000000   0.005104456787
-17.700000000000   0.005106447479
-17.680000000000   0.005140400570
-17.660000000000   0.005163905237
-17.640000000000   0.005180281073
-17.620000000000   0.005213756826
-17.600000000000   0.005203094071
-17.580000000000   0.005219125987
-17.560000000000   0.005225571675
-17.540000000000   0.005190022279
-17.520000000000   0.005271311496
-17.500000000000   0.005356144437
-17.480000000000   0.005308931170
-17.460000000000   0.005354912106
-17.440000000000   0.005279975206
-17.420000000000   0.005369362142
-17.400000000000   0.005279162540
-17.380000000000   0.005397367360
-17.360000000000   0.005391501374
-17.340000000000   0.005332683345
-17.320000000000   0.005415152508
-17.300000000000   0.005506365510
-17.280000000000   0.005448983826
-17.260000000000   0.005477607693
-17.240000000000   0.005525749145
-17.220000000000   0.005399303952
-17.200000000000   0.005514559691
-17.180000000000   0.005578995535
-17.160000000000   0.005650150557
-17.140000000000   0.005627187841
-17.120000000000   0.005547704504
-17.100000000000   0.005651996067
-17.080000000000   0.005698692586
-17.060000000000   0.005537069047
-17.040000000000   0.005666323585
-17.020000000000   0.005725105111
-17.000000000000   0.005571847488
-16.980000000000   0.005768141387
-16.960000000000   0.005729907446
-16.940000000000   0.005727099707
-16.920000000000   0.005754282299
-16.900000000000   0.005723367142
-16.880000000000   0.005866883393
-16.860000000000   0.005755489207
-16.840000000000   0.005894318236
-16.820000000000   0.005740992086
-16.800000000000   0.005763020750
-16.780000000000   0.005810955947
-16.760000000000   0.005838894377
-16.740000000000   0.005935223556
-16.720000000000   0.005938631279
-16.700000000000   0.005859664778
-16.680000000000   0.005926272611
-16.660000000000   0.005834108869
-16.640000000000   0.006045375496
-16.620000000000   0.005994809566
-16.600000000000   0.006061766311
-16.580000000000   0.006027072870
-16.560000000000   0.006144879948
-16.540000000000   0.006045535955
-16.520000000000   0.006077614253
-16.500000000000   0.006147603319
-16.480000000000   0.006129460350
-16.460000000000   0.006312929268
-16.440000000000   0.006295700041
-16.420000000000   0.006265958392
-16.400000000000   0.006222622273
-16.380000000000   0.006175723890
-16.360000000000   0.006398361579
-16.340000000000   0.006297800491
-16.320000000000   0.006412893851
-16.300000000000   0.006276290605
-16.280000000000   0.006382863611
-16.260000000000   0.006384299620
-16.240000000000   0.006460725273
-16.220000000000   0.006461477235
-16.200000000000   0.006397310127
-16.180000000000   0.006491167029
-16.160000000000   0.006602685632
-16.140000000000   0.006455291623
-16.120000000000   0.006571326355
-16.100000000000   0.006603782089
-16.080000000000   0.006482173258
-16.060000000000   0.006628655496
-16.040000000000   0.006642702195
-16.020000000000   0.006697928228
-16.000000000000   0.006813824050
-15.980000000000   0.006733043523
-15.960000000000   0.006737534974
-15.940000000000   0.006659914202
-15.920000000000   0.006804382766
-15.900000000000   0.006818799691
-15.880000000000   0.006818501167
-15.860000000000   0.006855488667
-15.840000000000   0.006807295549
-15.820000000000   0.006857869510
-15.800000000000   0.006880864044
-15.780000000000   0.007001958083
-15.760000000000   0.006916085822
-15.740000000000   0.007087525183
-15.720000000000   0.007134017713
-15.700000000000   0.006986081879
-15.680000000000   0.007006769566
-15.660000000000   0.007158219158
-15.640000000000   0.007176424748
-15.620000000000   0.007202863987
-15.600000000000   0.007201693588
-15.580000000000   0.007295622492
-15.560000000000   0.007237997982
-15.540000000000   0.007293212005
-15.520000000000   0.007268691120
-15.500000000000   0.007220771489
-15.480000000000   0.007303623371
-15.460000000000   0.007434868102
-15.440000000000   0.007455479086
-15.420000000000   0.007391845191
-15.400000000000   0.007473944859
-15.380000000000   0.007593492202
-15.360000000000   0.007629933173
-15.340000000000   0.007528811981
-15.320000000000   0.007637908109
-15.300000000000   0.007602437529
-15.280000000000   0.007731539930
-15.260000000000   0.007653664232
-15.240000000000   0.007818551783
-15.220000000000   0.007709261956
-15.200000000000   0.007840874663
-15.180000000000   0.007686308558
-15.160000000000   0.007785086101
-15.140000000000   0.007894195205
-15.120000000000   0.007808986259
-15.100000000000   0.008032590956
-15.080000000000   0.008081070267
-15.060000000000   0.008082386590
-15.040000000000   0.007915282733
-15.020000000000   0.008009397052
-15.000000000000   0.008120401294
-14.980000000000   0.008020974285
-14.960000000000   0.008039655005
-14.940000000000   0.008237312739
-14.920000000000   0.008136714118
-14.900000000000   0.008319511436
-14.880000000000   0.008369112243
-14.860000000000   0.008400185703
-14.840000000000   0.008294374225
-14.820000000000   0.008429614577
-14.800000000000   0.008546610291
-14.780000000000   0.008440482893
-14.760000000000   0.008454218134
-14.740000000000   0.008433434232
-14.720000000000   0.008548748261
-14.700000000000   0.008686235708
-14.680000000000   0.008657995109
-14.660000000000   0.008586071677
-14.640000000000   0.008788114187
-14.620000000000   0.008670816895
-14.600000000000   0.008845724757
-14.580000000000   0.008783263139
-14.560000000000   0.008743863014
-14.540000000000   0.008828843149
-14.520000000000   0.008911012622
-14.500000000000   0.009044039592
-14.480000000000   0.008805494825
-14.460000000000   0.009091687099
-14.440000000000   0.009023843527
-14.420000000000   0.009045944518
-14.400000000000   0.009037929906
-14.380000000000   0.009185250752
-14.360000000000   0.009222776765
-14.340000000000   0.009193469469
-14.320000000000   0.009368314281
-14.300000000000   0.009219786831
-14.280000000000   0.009438477144
-14.260000000000   0.009468210437
-14.240000000000   0.009579538678
-14.220000000000   0.009469331159
-14.200000000000   0.009557952045
-14.180000000000   0.009541419785
-14.160000000000   0.009627387293
-14.140000000000   0.009605194592
-14.120000000000   0.009716963520
-14.100000000000   0.009661749335
-14.080000000000   0.009928752039
-14.060000000000   0.009772010634
-14.040000000000   0.009857828121
-14.020000000000   0.009900015779
-14.000000000000   0.010068706840
-13.980000000000   0.010096771945
-13.960000000000   0.010134167868
-13.940000000000   0.010226106752
-13.920000000000   0.010063494861
-13.900000000000   0.010197174000
-13.880000000000   0.010217669872
-13.860000000000   0.010379744257
-13.840000000000   0.010294910062
-13.820000000000   0.010346484053
-13.800000000000   0.010511648979
-13.780000000000   0.010726439328
-13.760000000000   0.010561769483
-13.740000000000   0.010631207501
-13.720000000000   0.010701296047
-13.700000000000   0.010499852579
-13.680000000000   0.010761696242
-13.660000000000   0.010813111203
-13.640000000000   0.010970532723
-13.620000000000   0.010988531127
-13.600000000000   0.011083738891
-13.580000000000   0.011034372525
-13.560000000000   0.011062173236
-13.540000000000   0.011236003933
-13.520000000000   0.011099376777
-13.500000000000   0.011266008482
-13.480000000000   0.011385254833
-13.460000000000   0.011200299894
-13.440000000000   0.011161662516
-13.420000000000   0.011408383001
-13.400000000000   0.011272102696
-13.380000000000   0.011720403429
-13.360000000000   0.011684454437
-13.340000000000   0.011727019398
-13.320000000000   0.011940496227
-13.300000000000   0.011864013336
-13.280000000000   0.011894713960
-13.260000000000   0.011917609118
-13.240000000000   0.011903437290
-13.220000000000   0.012247647397
-13.200000000000   0.012229408321
-13.180000000000   0.012129883377
-13.160000000000   0.012337399156
-13.140000000000   0.012227993622
-13.120000000000   0.012461493738
-13.100000000000   0.012445145236
-13.080000000000   0.012469724396
-13.060000000000   0.012740450345
-13.040000000000   0.012615731254
-13.020000000000   0.012707597352
-13.000000000000   0.012661253514
-12.980000000000   0.012762120656
-12.960000000000   0.012980214542
-12.940000000000   0.013000615076
-12.920000000000   0.013016276318
-12.900000000000   0.013127747806
-12.880000000000   0.013251481424
-12.860000000000   0.013143083258
-12.840000000000   0.013283581040
-12.820000000000   0.013300875008
-12.800000000000   0.013393960992
-12.780000000000   0.013448765443
-12.760000000000   0.013521246368
-12.740000000000   0.013769561454
-12.720000000000   0.013723801825
-12.700000000000   0.013901166607
-12.680000000000   0.013855671478
-12.660000000000   0.013748262357
-12.640000000000   0.014186388888
-12.620000000000   0.014108304430
-12.600000000000   0.013962602959
-12.580000000000   0.014501259983
-12.560000000000   0.014256241015
-12.540000000000   0.014449458297
-12.520000000000   0.014514117615
-12.500000000000   0.014604227825
-12.480000000000   0.014651133442
-12.460000000000   0.014718865571
-12.440000000000   0.014802736582
-12.420000000000   0.014870313926
-12.400000000000   0.014711885761
-12.380000000000   0.015112168323
-12.360000000000   0.015255612502
-12.340000000000   0.015121650463
-12.320000000000   0.015398333465
-12.300000000000   0.015350970935
-12.280000000000   0.015486729423
-12.260000000000   0.015508066955
-12.240000000000   0.015322714301
-12.220000000000   0.015773383636
-12.200000000000   0.015628821306
-12.180000000000   0.015913034811
-12.160000000000   0.015919066011
-12.140000000000   0.016107549174
-12.120000000000   0.016251437488
-12.100000000000   0.016205888354
-12.080000000000   0.016131184857
-12.060000000000   0.016506295354
-12.040000000000   0.016668235567
-12.020000000000   0.016551831634
-12.000000000000   0.016750856712
-11.980000000000   0.016658664217
-11.960000000000   0.016724737165
-11.940000000000   0.017100056652
-11.920000000000   0.016994992739
-11.900000000000   0.017336847854
-11.880000000000   0.017588216952
-11.860000000000   0.017509265970
-11.840000000000   0.017442862196
-11.820000000000   0.017642106491
-11.800000000000   0.017691922262
-11.780000000000   0.017631291555
-11.760000000000   0.017952308212
-11.740000000000   0.017947543524
-11.720000000000   0.018058760692
-11.700000000000   0.018313090323
-11.680000000000   0.018361470928
-11.660000000000   0.018380979744
-11.640000000000   0.018691952754
-11.620000000000   0.018502346875
-11.600000000000   0.018525697951
-11.580000000000   0.018789511969
-11.560000000000   0.018989246035
-11.540000000000   0.019013663465
-11.520000000000   0.019133041634
-11.500000000000   0.019293959540
-11.480000000000   0.019339242440
-11.460000000000   0.019638241590
-11.440000000000   0.019617906892
-11.420000000000   0.019856073115
-11.400000000000   0.019651205530
-11.380000000000   0.020103863459
-11.360000000000   0.020205083507
-11.340000000000   0.020106569693
-11.320000000000   0.020274139166
-11.300000000000   0.020524834484
-11.280000000000   0.020532671849
-11.260000000000   0.020708482856
-11.240000000000   0.020813736538
-11.220000000000   0.021013479495
-11.200000000000   0.020983134028
-11.180000000000   0.021268716546
-11.160000000000   0.021354119991
-11.140000000000   0.021561511326
-11.120000000000   0.021887227489
-11.100000000000   0.021976137426
-11.080000000000   0.021807958576
-11.060000000000   0.022177991833
-11.040000000000   0.022361204550
-11.020000000000   0.022208513179
-11.000000000000   0.022522664042
-10.980000000000   0.022516107411
-10.960000000000   0.022624465686
-10.940000000000   0.022943296252
-10.920000000000   0.023226799413
-10.900000000000   0.023301665467
-10.880000000000   0.023147217999
-10.860000000000   0.023400778199
-10.840000000000   0.023401932369
-10.820000000000   0.023754557330
-10.800000000000   0.024034311011
-10.780000000000   0.024106255368
-10.760000000000   0.024216595037
-10.740000000000   0.024110166861
-10.720000000000   0.024622508928
-10.700000000000   0.024433399711
-10.680000000000   0.024717293809
-10.660000000000   0.024651960787
-10.640000000000   0.025084907717
-10.620000000000   0.025129192778
-10.600000000000   0.025325231396
-10.580000000000   0.025379129454
-10.560000000000   0.025428493617
-10.540000000000   0.025804370716
-10.520000000000   0.025871624572
-10.500000000000   0.026151982363
-10.480000000000   0.026256895092
-10.460000000000   0.026356271739
-10.440000000000   0.026525213484
-10.420000000000   0.026639528462
-10.400000000000   0.026789280917
-10.380000000000   0.027143251054
-10.360000000000   0.027087301872
-10.340000000000   0.027743405826
-10.320000000000   0.027408623362
-10.300000000000   0.027389303103
-10.280000000000   0.028025116928
-10.260000000000   0.028046894534
-10.240000000000   0.028105967184
-10.220000000000   0.028129624703
-10.200000000000   0.028548139771
-10.180000000000   0.028683929419
-10.160000000000   0.028825157598
-10.140000000000   0.029169222626
-10.120000000000   0.029263981201
-10.100000000000   0.029346251983
-10.080000000000   0.029171781344
-10.060000000000   0.029566285696
-10.040000000000   0.030002884553
-10.020000000000   0.030075344464
-10.000000000000   0.030196416019
 -9.980000000000   0.030182327693
 -9.960000000000   0.030892134223
 -9.940000000000   0.030997444212
 -9.920000000000   0.031255552880
 -9.900000000000   0.031450250595
 -9.880000000000   0.031294259709
 -9.860000000000   0.031277873109
 -9.840000000000   0.031864467754
 -9.820000000000   0.032302319789
 -9.800000000000   0.032441324832
 -9.780000000000   0.032252882618
 -9.760000000000   0.032137786238
 -9.740000000000   0.032386017512
 -9.720000000000   0.032882142280
 -9.700000000000   0.032730752995
 -9.680000000000   0.032987364245
 -9.660000000000   0.033122981808
 -9.640000000000   0.033646514722
 -9.620000000000   0.033950683028
 -9.600000000000   0.034343881732
 -9.580000000000   0.034610796466
 -9.560000000000   0.034549203133
 -9.540000000000   0.034411343019
 -9.520000000000   0.034666877671
 -9.500000000000   0.034939695717
 -9.480000000000   0.034699358519
 -9.460000000000   0.034828956418
 -9.440000000000   0.035201902270
 -9.420000000000   0.035459613926
 -9.400000000000   0.035614818496
 -9.380000000000   0.036280305316
 -9.360000000000   0.036220551681
 -9.340000000000   0.036411696531
 -9.320000000000   0.036253298270
 -9.300000000000   0.036725665576
 -9.280000000000   0.036692410389
 -9.260000000000   0.037715888434
 -9.240000000000   0.036853026198
 -9.220000000000   0.037703569364
 -9.200000000000   0.037458846441
 -9.180000000000   0.038099870460
 -9.160000000000   0.038375270262
 -9.140000000000   0.038159845484
 -9.120000000000   0.038843438318
 -9.100000000000   0.038775765806
 -9.080000000000   0.038305922481
 -9.060000000000   0.038732742993
 -9.040000000000   0.039425949394
 -9.020000000000   0.039433085069
 -9.000000000000   0.039819003785
 -8.980000000000   0.039503748916
 -8.960000000000   0.040321213427
 -8.940000000000   0.040246999002
 -8.920000000000   0.040364483615
 -8.900000000000   0.040118202750
 -8.880000000000   0.040650831749
 -8.860000000000   0.040741363323
 -8.840000000000   0.040472151809
 -8.820000000000   0.041296105741
 -8.800000000000   0.041692690277
 -8.780000000000   0.041830227185
 -8.760000000000   0.041578132733
 -8.740000000000   0.041982556225
 -8.720000000000   0.041659385943
 -8.700000000000   0.042356273611
 -8.680000000000   0.042779072654
 -8.660000000000   0.042707300558
 -8.640000000000   0.042776087064
 -8.620000000000   0.043235722061
 -8.600000000000   0.043561632215
 -8.580000000000   0.043647172014
 -8.560000000000   0.042718801697
 -8.540000000000   0.043863272909
 -8.520000000000   0.044011449678
 -8.500000000000   0.044088436659
 -8.480000000000   0.044480964939
 -8.460000000000   0.044909024028
 -8.440000000000   0.044247036014
 -8.420000000000   0.045225002334
 -8.400000000000   0.044837212869
 -8.380000000000   0.044709690837
 -8.360000000000   0.045115611447
 -8.340000000000   0.045283255573
 -8.320000000000   0.045498192923
 -8.300000000000   0.045797845345
 -8.280000000000   0.045797199011
 -8.260000000000   0.046073486971
 -8.240000000000   0.046011371463
 -8.220000000000   0.046785239007
 -8.200000000000   0.046443395147
 -8.180000000000   0.046419878178
 -8.160000000000   0.046866097691
 -8.140000000000   0.046949186891
 -8.120000000000   0.047337971947
 -8.100000000000   0.046958173571
 -8.080000000000   0.047468653214
 -8.060000000000   0.047150134361
 -8.040000000000   0.047041076435
 -8.020000000000   0.047493004532
 -8.000000000000   0.047421810279
 -7.980000000000   0.047703250265
 -7.960000000000   0.047713401757
 -7.940000000000   0.048076541084
 -7.920000000000   0.047876135320
 -7.900000000000   0.048437642584
 -7.880000000000   0.048092446081
 -7.860000000000   0.048234532570
 -7.840000000000   0.048593356581
 -7.820000000000   0.048661133859
 -7.800000000000   0.049008784417
 -7.780000000000   0.048542687334
 -7.760000000000   0.048763513723
 -7.740000000000   0.048868874561
 -7.720000000000   0.048723141984
 -7.700000000000   0.049103402815
 -7.680000000000   0.049661462281
 -7.660000000000   0.049256651582
 -7.640000000000   0.048961697906
 -7.620000000000   0.048701481559
 -7.600000000000   0.049332924939
 -7.580000000000   0.049280205439
 -7.560000000000   0.049432807603
 -7.540000000000   0.049015199646
 -7.520000000000   0.049305796531
 -7.500000000000   0.049465226863
 -7.480000000000   0.049146615857
 -7.460000000000   0.049806159081
 -7.440000000000   0.048997773850
 -7.420000000000   0.049682153295
 -7.400000000000   0.049127013368
 -7.380000000000   0.049882691868
 -7.360000000000   0.049765991359
 -7.340000000000   0.049883903447
 -7.320000000000   0.049258743831
 -7.300000000000   0.050110947165
 -7.280000000000   0.049846551615
 -7.260000000000   0.049823843763
 -7.240000000000   0.049566230407
 -7.220000000000   0.049651959980
 -7.200000000000   0.049692399807
 -7.180000000000   0.049983977912
 -7.160000000000   0.049644141773
 -7.140000000000   0.049634292980
 -7.120000000000   0.049334984244
 -7.100000000000   0.049463044350
 -7.080000000000   0.049335672326
 -7.060000000000   0.049653450165
 -7.040000000000   0.049976312505
 -7.020000000000   0.049612426303
 -7.000000000000   0.049228774796
 -6.980000000000   0.049257862877
 -6.960000000000   0.049462179757
 -6.940000000000   0.049212252849
 -6.920000000000   0.049651455637
 -6.900000000000   0.049045816706
 -6.880000000000   0.049345553261
 -6.860000000000   0.049231829740
 -6.840000000000   0.048952259372
 -6.820000000000   0.048954670224
 -6.800000000000   0.048898320869
 -6.780000000000   0.048756226938
 -6.760000000000   0.048480144991
 -6.740000000000   0.048304905950
 -6.720000000000   0.048755498118
 -6.700000000000   0.048436147642
 -6.680000000000   0.048833073405
 -6.660000000000   0.048527813187
 -6.640000000000   0.048248195866
 -6.620000000000   0.048868361872
 -6.600000000000   0.048165332503
 -6.580000000000   0.048394739528
 -6.560000000000   0.047884365592
 -6.540000000000   0.047688153554
 -6.520000000000   0.047649738565
 -6.500000000000   0.047443415888
 -6.480000000000   0.047742947891
 -6.460000000000   0.047054712438
 -6.440000000000   0.047307230090
 -6.420000000000   0.046635012123
 -6.400000000000   0.047182926150
 -6.380000000000   0.046971659200
 -6.360000000000   0.045950867151
 -6.340000000000   0.046495414392
 -6.320000000000   0.046075095747
 -6.300000000000   0.046093486935
 -6.280000000000   0.046212245157
 -6.260000000000   0.046171612861
 -6.240000000000   0.046477313941
 -6.220000000000   0.046124373665
 -6.200000000000   0.045561519687
 -6.180000000000   0.045974170910
 -6.160000000000   0.045646046313
 -6.140000000000   0.045511309107
 -6.120000000000   0.045434165504
 -6.100000000000   0.045398855842
 -6.080000000000   0.045412079571
 -6.060000000000   0.044902556460
 -6.040000000000   0.044695199399
 -6.020000000000   0.044716959162
 -6.000000000000   0.044682625733
 -5.980000000000   0.044825174710
 -5.960000000000   0.044053769120
 -5.940000000000   0.044022488733
 -5.920000000000   0.043942451966
 -5.900000000000   0.043938728192
 -5.880000000000   0.043635020708
 -5.860000000000   0.043674085229
 -5.840000000000   0.043543376256
 -5.820000000000   0.043181300096
 -5.800000000000   0.043468754870
 -5.780000000000   0.043100146494
 -5.760000000000   0.043320255549
 -5.740000000000   0.042968110209
 -5.720000000000   0.042299756558
 -5.700000000000   0.042726269931
 -5.680000000000   0.042613716806
 -5.660000000000   0.042275631138
 -5.640000000000   0.042255108712
 -5.620000000000   0.042393972856
 -5.600000000000   0.042784415005
 -5.580000000000   0.041989943359
 -5.560000000000   0.041896439426
 -5.540000000000   0.041356697966
 -5.520000000000   0.041382481045
 -5.500000000000   0.041160479836
 -5.480000000000   0.041609553041
 -5.460000000000   0.041109144693
 -5.440000000000   0.041446306044
 -5.420000000000   0.041238242167
 -5.400000000000   0.040928737547
 -5.380000000000   0.041242993114
 -5.360000000000   0.040669145838
 -5.340000000000   0.040307216636
 -5.320000000000   0.041274366242
 -5.300000000000   0.040271665969
 -5.280000000000   0.040422736053
 -5.260000000000   0.040150292162
 -5.240000000000   0.040092956358
 -5.220000000000   0.040142863162
 -5.200000000000   0.040015171679
 -5.180000000000   0.040248931266
 -5.160000000000   0.040064341798
 -5.140000000000   0.040147789720
 -5.120000000000   0.039594564171
 -5.100000000000   0.039656025370
 -5.080000000000   0.039553599685
 -5.060000000000   0.039636687367
 -5.040000000000   0.039591549803
 -5.020000000000   0.039552947498
 -5.000000000000   0.039029198169
 -4.980000000000   0.039547510312
 -4.960000000000   0.039381692347
 -4.940000000000   0.039736853430
 -4.920000000000   0.039735572307
 -4.900000000000   0.039325265272
 -4.880000000000   0.039828171447
 -4.860000000000   0.039009809992
 -4.840000000000   0.039266670356
 -4.820000000000   0.039477030482
 -4.800000000000   0.039082375635
 -4.780000000000   0.039556309278
 -4.760000000000   0.038835248979
 -4.740000000000   0.039330440132
 -4.720000000000   0.039494141514
 -4.700000000000   0.039105086236
 -4.680000000000   0.039104282127
 -4.660000000000   0.039092546467
 -4.640000000000   0.039834796450
 -4.620000000000   0.039534945616
 -4.600000000000   0.039400132107
 -4.580000000000   0.039271277410
 -4.560000000000   0.039696375341
 -4.540000000000   0.039521486977
 -4.520000000000   0.039977395929
 -4.500000000000   0.039729290742
 -4.480000000000   0.039854746209
 -4.460000000000   0.040536011694
 -4.440000000000   0.039865110460
 -4.420000000000   0.040269565714
 -4.400000000000   0.040348982164
 -4.380000000000   0.040413091558
 -4.360000000000   0.040434377701
 -4.340000000000   0.041025714056
 -4.320000000000   0.040855915340
 -4.300000000000   0.040874820894
 -4.280000000000   0.040647209807
 -4.260000000000   0.041202721109
 -4.240000000000   0.041735945742
 -4.220000000000   0.041893774076
 -4.200000000000   0.041635014977
 -4.180000000000   0.042269391160
 -4.160000000000   0.042339186452
 -4.140000000000   0.042324211892
 -4.120000000000   0.042309657433
 -4.100000000000   0.043233491329
 -4.080000000000   0.042325390444
 -4.060000000000   0.043853055890
 -4.040000000000   0.044329397984
 -4.020000000000   0.043923425031
 -4.000000000000   0.044427563140
 -3.980000000000   0.044170198591
 -3.960000000000   0.044853508038
 -3.940000000000   0.045517437603
 -3.920000000000   0.045416448178
 -3.900000000000   0.046019245311
 -3.880000000000   0.046758625308
 -3.860000000000   0.046689143904
 -3.840000000000   0.047179353393
 -3.820000000000   0.048063055313
 -3.800000000000   0.048543544430
 -3.780000000000   0.048848384953
 -3.760000000000   0.049443929860
 -3.740000000000   0.049883429872
 -3.720000000000   0.050074187458
 -3.700000000000   0.051497591137
 -3.680000000000   0.051631870554
 -3.660000000000   0.051407327689
 -3.640000000000   0.052480740302
 -3.620000000000   0.053478519361
 -3.600000000000   0.053634050668
 -3.580000000000   0.054311592448
 -3.560000000000   0.056075259190
 -3.540000000000   0.056291443153
 -3.520000000000   0.057350670593
 -3.500000000000   0.058038456693
 -3.480000000000   0.058658240261
 -3.460000000000   0.059860938911
 -3.440000000000   0.060220470772
 -3.420000000000   0.061544647036
 -3.400000000000   0.062381298566
 -3.380000000000   0.063116154862
 -3.360000000000   0.064024728485
 -3.340000000000   0.065193851937
 -3.320000000000   0.066154490454
 -3.300000000000   0.067836650918
 -3.280000000000   0.068804975989
 -3.260000000000   0.070438911429
 -3.240000000000   0.070964548149
 -3.220000000000   0.072776511180
 -3.200000000000   0.073526460060
 -3.180000000000   0.074631482957
 -3.160000000000   0.076482888868
 -3.140000000000   0.078260291609
 -3.120000000000   0.078778005502
 -3.100000000000   0.080965092993
 -3.080000000000   0.082014106686
 -3.060000000000   0.083536751976
 -3.040000000000   0.085051819182
 -3.020000000000   0.087132049204
 -3.000000000000   0.088713346185
 -2.980000000000   0.090486095574
 -2.960000000000   0.091974236107
 -2.940000000000   0.093129363124
 -2.920000000000   0.094000676640
 -2.900000000000   0.096571422575
 -2.880000000000   0.098914486276
 -2.860000000000   0.099770014750
 -2.840000000000   0.101237434680
 -2.820000000000   0.103710915509
 -2.800000000000   0.103972894771
 -2.780000000000   0.106593178461
 -2.760000000000   0.107212080477
 -2.740000000000   0.109052307214
 -2.720000000000   0.109435704680
 -2.700000000000   0.110866875192
 -2.680000000000   0.112653246205
 -2.660000000000   0.114349267113
 -2.640000000000   0.113896875929
 -2.620000000000   0.115166482033
 -2.600000000000   0.116001340306
 -2.580000000000   0.115729197355
 -2.560000000000   0.116483036269
 -2.540000000000   0.115315342752
 -2.520000000000   0.115682842500
 -2.500000000000   0.115140681938
 -2.480000000000   0.114114699277
 -2.460000000000   0.112914768632
 -2.440000000000   0.111435517170
 -2.420000000000   0.109510448269
 -2.400000000000   0.107917993643
 -2.380000000000   0.107208874471
 -2.360000000000   0.104372923202
 -2.340000000000   0.102458284206
 -2.320000000000   0.100447854043
 -2.300000000000   0.097040895967
 -2.280000000000   0.094075814065
 -2.260000000000   0.090365463830
 -2.240000000000   0.087325021764
 -2.220000000000   0.083209085280
 -2.200000000000   0.079898019990
 -2.180000000000   0.076225890187
 -2.160000000000   0.072391515419
 -2.140000000000   0.069132993158
 -2.120000000000   0.064783745422
 -2.100000000000   0.061316848099
 -2.080000000000   0.057661600813
 -2.060000000000   0.053643040513
 -2.040000000000   0.050036260315
 -2.020000000000   0.046425085575
 -2.000000000000   0.042777209665
 -1.980000000000   0.040346092457
 -1.960000000000   0.036939026593
 -1.940000000000   0.033765220023
 -1.920000000000   0.031098790040
 -1.900000000000   0.028290206105
 -1.880000000000   0.025835223637
 -1.860000000000   0.023867183940
 -1.840000000000   0.021391857075
 -1.820000000000   0.019500317140
 -1.800000000000   0.017847209613
 -1.780000000000   0.016161507296
 -1.760000000000   0.014532839438
 -1.740000000000   0.013065003293
 -1.720000000000   0.011701839063
 -1.700000000000   0.010514887346
 -1.680000000000   0.009561727000
 -1.660000000000   0.008630319298
 -1.640000000000   0.007708739928
 -1.620000000000   0.006822017884
 -1.600000000000   0.006179320302
 -1.580000000000   0.005484514690
 -1.560000000000   0.004908689761
 -1.540000000000   0.004393552113
 -1.520000000000   0.003909933460
 -1.500000000000   0.003486025845
 -1.480000000000   0.003176894600
 -1.460000000000   0.002802534791
 -1.440000000000   0.002535452936
 -1.420000000000   0.002210984633
 -1.400000000000   0.001967142810
 -1.380000000000   0.001727297605
 -1.360000000000   0.001576182164
 -1.340000000000   0.001413838429
 -1.320000000000   0.001216150406
 -1.300000000000   0.001099721651
 -1.280000000000   0.000983665264
 -1.260000000000   0.000871276812
 -1.240000000000   0.000835908003
 -1.220000000000   0.000744871111
 -1.200000000000   0.000667780117
 -1.180000000000   0.000586692977
 -1.160000000000   0.000526125668
 -1.140000000000   0.000490080117
 -1.120000000000   0.000441038675
 -1.100000000000   0.000400415387
 -1.080000000000   0.000361616422
 -1.060000000000   0.000329402919
 -1.040000000000   0.000305393793
 -1.020000000000   0.000274239171
 -1.000000000000   0.000257020227
 -0.980000000000   0.000239206277
 -0.960000000000   0.000212543581
 -0.940000000000   0.000194631101
 -0.920000000000   0.000183478555
 -0.900000000000   0.000168436042
 -0.880000000000   0.000156787012
 -0.860000000000   0.000146346031
 -0.840000000000   0.000133680748
 -0.820000000000   0.000125411658
 -0.800000000000   0.000115896084
 -0.780000000000   0.000110448962
 -0.760000000000   0.000102063124
 -0.740000000000   0.000098131060
 -0.720000000000   0.000092402915
 -0.700000000000   0.000089710168
 -0.680000000000   0.000086015931
 -0.660000000000   0.000077371582
 -0.640000000000   0.000073816768
 -0.620000000000   0.000071616154
 -0.600000000000   0.000069080512
 -0.580000000000   0.000065119082
 -0.560000000000   0.000065427231
 -0.540000000000   0.000063079900
 -0.520000000000   0.000060951387
 -0.500000000000   0.000058787311
 -0.480000000000   0.000058344708
 -0.460000000000   0.000055412580
 -0.440000000000   0.000055100496
 -0.420000000000   0.000054345237
 -0.400000000000   0.000052717204
 -0.380000000000   0.000051865974
 -0.360000000000   0.000052265082
 -0.340000000000   0.000051942964
 -0.320000000000   0.000051225990
 -0.300000000000   0.000051147510
 -0.280000000000   0.000050425752
 -0.260000000000   0.000051133056
 -0.240000000000   0.000051736927
 -0.220000000000   0.000053111660
 -0.200000000000   0.000053644723
 -0.180000000000   0.000054150991
 -0.160000000000   0.000056827155
 -0.140000000000   0.000059527537
 -0.120000000000   0.000064757010
 -0.100000000000   0.000075093157
 -0.080000000000   0.000097807545
 -0.060000000000   0.000150174574
 -0.040000000000   0.000232220122
 -0.020000000000   0.000298688399
  0.000000000000   0.000266927963
  0.020000000000   0.000169042007
  0.040000000000   0.000102956211
  0.060000000000   0.000078433710
  0.080000000000   0.000070673602
  0.100000000000   0.000068469788
  0.120000000000   0.000069618083
  0.140000000000   0.000071139883
  0.160000000000   0.000073137447
  0.180000000000   0.000075903471
  0.200000000000   0.000078059691
  0.220000000000   0.000081789514
  0.240000000000   0.000090053353
  0.260000000000   0.000095344618
  0.280000000000   0.000101411478
  0.300000000000   0.000108878062
  0.320000000000   0.000116119042
  0.340000000000   0.000127347583
  0.360000000000   0.000136344482
  0.380000000000   0.000150428333
  0.400000000000   0.000161937546
  0.420000000000   0.000180073078
  0.440000000000   0.000200601444
  0.460000000000   0.000219799314
  0.480000000000   0.000231645517
  0.500000000000   0.000269612691
  0.520000000000   0.000294176222
  0.540000000000   0.000330269063
  0.560000000000   0.000368002424
  0.580000000000   0.000434681218
  0.600000000000   0.000486083897
  0.620000000000   0.000561999852
  0.640000000000   0.000656432612
  0.660000000000   0.000751153409
  0.680000000000   0.000921733731
  0.700000000000   0.001035141725
  0.720000000000   0.001171787177
  0.740000000000   0.001383996361
  0.760000000000   0.001636435418
  0.780000000000   0.001907882278
  0.800000000000   0.002257347768
  0.820000000000   0.002582621631
  0.840000000000   0.002961601151
  0.860000000000   0.003602483466
  0.880000000000   0.003958501730
  0.900000000000   0.004411787488
  0.920000000000   0.005249175776
  0.940000000000   0.005894791048
  0.960000000000   0.006603381054
  0.980000000000   0.007524724088
  1.000000000000   0.008430563590
  1.020000000000   0.009469297304
  1.040000000000   0.010762968407
  1.060000000000   0.012482935913
  1.080000000000   0.013317673279
  1.100000000000   0.015373264092
  1.120000000000   0.017426987644
  1.140000000000   0.019581751761
  1.160000000000   0.021719475695
  1.180000000000   0.024502115394
  1.200000000000   0.027673300403
  1.220000000000   0.031467164316
  1.240000000000   0.034746114162
  1.260000000000   0.039455517852
  1.280000000000   0.044258751235
  1.300000000000   0.050190337148
  1.320000000000   0.056059316191
  1.340000000000   0.063783911415
  1.360000000000   0.072194392429
  1.380000000000   0.080958850527
  1.400000000000   0.091278436734
  1.420000000000   0.102321089262
  1.440000000000   0.115988695149
  1.460000000000   0.130307752344
  1.480000000000   0.145197503807
  1.500000000000   0.163951768777
  1.520000000000   0.184163326335
  1.540000000000   0.203714179503
  1.560000000000   0.229577431471
  1.580000000000   0.255833789794
  1.600000000000   0.283033753205
  1.620000000000   0.313911034483
  1.640000000000   0.347311982132
  1.660000000000   0.380437840845
  1.680000000000   0.414069918932
  1.700000000000   0.447813849495
  1.720000000000   0.482905621340
  1.740000000000   0.512924844893
  1.760000000000   0.543849309540
  1.780000000000   0.567667351128
  1.800000000000   0.589160942309
  1.820000000000   0.607609833480
  1.840000000000   0.615336329353
  1.860000000000   0.616216572094
  1.880000000000   0.617036704616
  1.900000000000   0.601761140420
  1.920000000000   0.589241072770
  1.940000000000   0.569769996079
  1.960000000000   0.548136517399
  1.980000000000   0.522538743396
  2.000000000000   0.497291224169
  2.020000000000   0.474726185560
  2.040000000000   0.445576285530
  2.060000000000   0.416221432308
  2.080000000000   0.392400635932
  2.100000000000   0.367789900613
  2.120000000000   0.345219876468
  2.140000000000   0.324222673661
  2.160000000000   0.300878957004
  2.180000000000   0.281408118310
  2.200000000000   0.263144141554
  2.220000000000   0.247719926562
  2.240000000000   0.229860563756
  2.260000000000   0.215408098859
  2.280000000000   0.201752824076
  2.300000000000   0.189239431349
  2.320000000000   0.177961767735
  2.340000000000   0.166334965378
  2.360000000000   0.156794486943
  2.380000000000   0.145528498187
  2.400000000000   0.136480275281
  2.420000000000   0.130156800602
  2.440000000000   0.121775112417
  2.460000000000   0.114966528547
  2.480000000000   0.108070166142
  2.500000000000   0.101291774623
  2.520000000000   0.095460749982
  2.540000000000   0.090924839971
  2.560000000000   0.086177324200
  2.580000000000   0.082226824501
  2.600000000000   0.076869059311
  2.620000000000   0.073495159866
  2.640000000000   0.069400536410
  2.660000000000   0.065805056903
  2.680000000000   0.061941305980
  2.700000000000   0.059179455464
  2.720000000000   0.056160555990
  2.740000000000   0.054068699028
  2.760000000000   0.051627579575
  2.780000000000   0.049327619576
  2.800000000000   0.046609449215
  2.820000000000   0.044898591267
  2.840000000000   0.042833302420
  2.860000000000   0.040544025664
  2.880000000000   0.039012545207
  2.900000000000   0.037363378939
  2.920000000000   0.035977684833
  2.940000000000   0.034513702025
  2.960000000000   0.033171859779
  2.980000000000   0.032248270745
  3.000000000000   0.030605197640
  3.020000000000   0.029397568688
  3.040000000000   0.028471887262
  3.060000000000   0.027020312977
  3.080000000000   0.026180524186
  3.100000000000   0.026093315462
  3.120000000000   0.024377927157
  3.140000000000   0.023211469296
  3.160000000000   0.022810972578
  3.180000000000   0.022017261605
  3.200000000000   0.021126747129
  3.220000000000   0.020733785139
  3.240000000000   0.020194876385
  3.260000000000   0.019393121234
  3.280000000000   0.018748001775
  3.300000000000   0.018016879271
  3.320000000000   0.017357563250
  3.340000000000   0.016966162395
  3.360000000000   0.016539292748
  3.380000000000   0.015939420289
  3.400000000000   0.015351817290
  3.420000000000   0.015191665647
  3.440000000000   0.014475639767
  3.460000000000   0.014262689683
  3.480000000000   0.013989747171
  3.500000000000   0.013437602664
  3.520000000000   0.013333777565
  3.540000000000   0.012807484800
  3.560000000000   0.012480523028
  3.580000000000   0.012274270735
  3.600000000000   0.012164557995
  3.620000000000   0.011669464688
  3.640000000000   0.011249413015
  3.660000000000   0.010935849648
  3.680000000000   0.010949707404
  3.700000000000   0.010703133512
  3.720000000000   0.010471053926
  3.740000000000   0.010204330854
  3.760000000000   0.009918362710
  3.780000000000   0.009823576584
  3.800000000000   0.009553765940
  3.820000000000   0.009241703505
  3.840000000000   0.009197039283
  3.860000000000   0.008867508487
  3.880000000000   0.008852606289
  3.900000000000   0.008598634367
  3.920000000000   0.008558460172
  3.940000000000   0.008487497180
  3.960000000000   0.008188961390
  3.980000000000   0.008100718425
  4.000000000000   0.007881752600
  4.020000000000   0.007770633381
  4.040000000000   0.007579568015
  4.060000000000   0.007521254404
  4.080000000000   0.007319219515
  4.100000000000   0.007256031892
  4.120000000000   0.007236570134
  4.140000000000   0.006992336032
  4.160000000000   0.006924365096
  4.180000000000   0.006767007763
  4.200000000000   0.006693286645
  4.220000000000   0.006565914188
  4.240000000000   0.006572576533
  4.260000000000   0.006541640210
  4.280000000000   0.006296704382
  4.300000000000   0.006260913109
  4.320000000000   0.006159761357
  4.340000000000   0.006092183387
  4.360000000000   0.006174793002
  4.380000000000   0.005856025539
  4.400000000000   0.005875656502
  4.420000000000   0.005646120704
  4.440000000000   0.005616017143
  4.460000000000   0.005510770019
  4.480000000000   0.005424244135
  4.500000000000   0.005348587398
  4.520000000000   0.005445619665
  4.540000000000   0.005282658584
  4.560000000000   0.005351071176
  4.580000000000   0.005239413105
  4.600000000000   0.005266591420
  4.620000000000   0.005161649501
  4.640000000000   0.005010181912
  4.660000000000   0.005076602202
  4.680000000000   0.005015901627
  4.700000000000   0.004907680052
  4.720000000000   0.004834230166
  4.740000000000   0.004908791405
  4.760000000000   0.004741690808
  4.780000000000   0.004724151185
  4.800000000000   0.004644378544
  4.820000000000   0.004541516926
  4.840000000000   0.004507348611
  4.860000000000   0.004475900791
  4.880000000000   0.004407810208
  4.900000000000   0.004483273177
  4.920000000000   0.004337016953
  4.940000000000   0.004367136463
  4.960000000000   0.004295074214
  4.980000000000   0.004274098222
  5.000000000000   0.004207575512
  5.020000000000   0.004225857151
  5.040000000000   0.004095431047
  5.060000000000   0.004109002790
  5.080000000000   0.004134321889
  5.100000000000   0.004056003462
  5.120000000000   0.004140150597
  5.140000000000   0.004009086554
  5.160000000000   0.004087541666
  5.180000000000   0.003949719434
  5.200000000000   0.003858150605
  5.220000000000   0.003854966282
  5.240000000000   0.003815550198
  5.260000000000   0.003868194886
  5.280000000000   0.003762468821
  5.300000000000   0.003827943565
  5.320000000000   0.003705166065
  5.340000000000   0.003732820101
  5.360000000000   0.003753070304
  5.380000000000   0.003679110284
  5.400000000000   0.003642468074
  5.420000000000   0.003592584762
  5.440000000000   0.003632682833
  5.460000000000   0.003548502231
  5.480000000000   0.003491243500
  5.500000000000   0.003507006235
  5.520000000000   0.003514417960
  5.540000000000   0.003558216661
  5.560000000000   0.003508676663
  5.580000000000   0.003471017638
  5.600000000000   0.003377585732
  5.620000000000   0.003420272096
  5.640000000000   0.003339839032
  5.660000000000   0.003409731542
  5.680000000000   0.003365291746
  5.700000000000   0.003261365162
  5.720000000000   0.003379866085
  5.740000000000   0.003256479258
  5.760000000000   0.003258737646
  5.780000000000   0.003263584117
  5.800000000000   0.003277445569
  5.820000000000   0.003285479480
  5.840000000000   0.003139157949
  5.860000000000   0.003270497189
  5.880000000000   0.003262669529
  5.900000000000   0.003164262857
  5.920000000000   0.003176343549
  5.940000000000   0.003086661999
  5.960000000000   0.003181961646
  5.980000000000   0.003037774253
  6.000000000000   0.003088996573
  6.020000000000   0.003113935620
  6.040000000000   0.003099028893
  6.060000000000   0.003198938783
  6.080000000000   0.002996895197
  6.100000000000   0.003048601343
  6.120000000000   0.003012058617
  6.140000000000   0.003067042059
  6.160000000000   0.003031746895
  6.180000000000   0.002938307730
  6.200000000000   0.002933585986
  6.220000000000   0.003033392637
  6.240000000000   0.002987527695
  6.260000000000   0.002919234325
  6.280000000000   0.002889677883
  6.300000000000   0.002913504159
  6.320000000000   0.002927581314
  6.340000000000   0.002865011463
  6.360000000000   0.002847734029
  6.380000000000   0.002890719976
  6.400000000000   0.002851446767
  6.420000000000   0.002890328526
  6.440000000000   0.002784498723
  6.460000000000   0.002837855083
  6.480000000000   0.002740724083
  6.500000000000   0.002735033717
  6.520000000000   0.002818898865
  6.540000000000   0.002765400266
  6.560000000000   0.002712064705
  6.580000000000   0.002828339058
  6.600000000000   0.002768045112
  6.620000000000   0.002801619304
  6.640000000000   0.002769005797
  6.660000000000   0.002769177368
  6.680000000000   0.002824520043
  6.700000000000   0.002777312400
  6.720000000000   0.002720802912
  6.740000000000   0.002726873055
  6.760000000000   0.002683457842
  6.780000000000   0.002746877752
  6.800000000000   0.002699015152
  6.820000000000   0.002707866465
  6.840000000000   0.002662464411
  6.860000000000   0.002663725491
  6.880000000000   0.002704228050
  6.900000000000   0.002665468414
  6.920000000000   0.002603779775
  6.940000000000   0.002602550111
  6.960000000000   0.002641981222
  6.980000000000   0.002581022040
  7.000000000000   0.002683727357
  7.020000000000   0.002643673611
  7.040000000000   0.002561507461
  7.060000000000   0.002686975920
  7.080000000000   0.002717843423
  7.100000000000   0.002637392462
  7.120000000000   0.002668858925
  7.140000000000   0.002624119049
  7.160000000000   0.002569408039
  7.180000000000   0.002611210214
  7.200000000000   0.002628644063
  7.220000000000   0.002505444884
  7.240000000000   0.002577686816
  7.260000000000   0.002512013524
  7.280000000000   0.002559966955
  7.300000000000   0.002563585288
  7.320000000000   0.002570795696
  7.340000000000   0.002557876864
  7.360000000000   0.002486755138
  7.380000000000   0.002507723751
  7.400000000000   0.002472235207
  7.420000000000   0.002509116693
  7.440000000000   0.002466502397
  7.460000000000   0.002477194444
  7.480000000000   0.002569198200
  7.500000000000   0.002453767830
  7.520000000000   0.002461894965
  7.540000000000   0.002488451053
  7.560000000000   0.002481716000
  7.580000000000   0.002455073062
  7.600000000000   0.002434630326
  7.620000000000   0.002475211032
  7.640000000000   0.002448634422
  7.660000000000   0.002525530848
  7.680000000000   0.002460556742
  7.700000000000   0.002475513111
  7.720000000000   0.002443322178
  7.740000000000   0.002410544703
  7.760000000000   0.002422125439
  7.780000000000   0.002386765366
  7.800000000000   0.002411974476
  7.820000000000   0.002422451651
  7.840000000000   0.002328598168
  7.860000000000   0.002365320890
  7.880000000000   0.002371731160
  7.900000000000   0.002362934170
  7.920000000000   0.002415948501
  7.940000000000   0.002430626652
  7.960000000000   0.002496402331
  7.980000000000   0.002451837319
  8.000000000000   0.002429362126
  8.020000000000   0.002334195884
  8.040000000000   0.002355966213
  8.060000000000   0.002367434258
  8.080000000000   0.002376547064
  8.100000000000   0.002339908709
  8.120000000000   0.002346582991
  8.140000000000   0.002381059072
  8.160000000000   0.002413260640
  8.180000000000   0.002351841610
  8.200000000000   0.002330397155
  8.220000000000   0.002323939631
  8.240000000000   0.002324336622
  8.260000000000   0.002280187356
  8.280000000000   0.002331417807
  8.300000000000   0.002379407061
  8.320000000000   0.002366515814
  8.340000000000   0.002361128733
  8.360000000000   0.002309605974
  8.380000000000   0.002275662110
  8.400000000000   0.002340557205
  8.420000000000   0.002315846846
  8.440000000000   0.002359138301
  8.460000000000   0.002316432338
  8.480000000000   0.002301492014
  8.500000000000   0.002339662171
  8.520000000000   0.002399393420
  8.540000000000   0.002283791507
  8.560000000000   0.002279731322
  8.580000000000   0.002316203079
  8.600000000000   0.002289815996
  8.620000000000   0.002259775841
  8.640000000000   0.002320043815
  8.660000000000   0.002225577147
  8.680000000000   0.002368601669
  8.700000000000   0.002308355462
  8.720000000000   0.002273925456
  8.740000000000   0.002341982093
  8.760000000000   0.002283856944
  8.780000000000   0.002264431372
  8.800000000000   0.002277583819
  8.820000000000   0.002292259236
  8.840000000000   0.002244224085
  8.860000000000   0.002320354304
  8.880000000000   0.002350578213
  8.900000000000   0.002338178587
  8.920000000000   0.002238463621
  8.940000000000   0.002229222083
  8.960000000000   0.002332120019
  8.980000000000   0.002279583954
  9.000000000000   0.002217572948
  9.020000000000   0.002284693873
  9.040000000000   0.002226247946
  9.060000000000   0.002252417724
  9.080000000000   0.002287734045
  9.100000000000   0.002219463309
  9.120000000000   0.002288402538
  9.140000000000   0.002165665241
  9.160000000000   0.002342460504
  9.180000000000   0.002217129402
  9.200000000000   0.002257180591
  9.220000000000   0.002233967857
  9.240000000000   0.002220359386
  9.260000000000   0.002187864955
  9.280000000000   0.002180485410
  9.300000000000   0.002190363337
  9.320000000000   0.002278316575
  9.340000000000   0.002178875771
  9.360000000000   0.002228700726
  9.380000000000   0.002201142601
  9.400000000000   0.002179910118
  9.420000000000   0.002153068564
  9.440000000000   0.002175007224
  9.460000000000   0.002176942871
  9.480000000000   0.002190869766
  9.500000000000   0.002273732438
  9.520000000000   0.002216135398
  9.540000000000   0.002196361002
  9.560000000000   0.002220206515
  9.580000000000   0.002166145828
  9.600000000000   0.002208380302
  9.620000000000   0.002167844475
  9.640000000000   0.002177212371
  9.660000000000   0.002133510668
  9.680000000000   0.002181756406
  9.700000000000   0.002166021154
  9.720000000000   0.002164734289
  9.740000000000   0.002210147417
  9.760000000000   0.002174424065
  9.780000000000   0.002124170220
  9.800000000000   0.002126582443
  9.820000000000   0.002138302005
  9.840000000000   0.002139138224
  9.860000000000   0.002198949746
  9.880000000000   0.002189496601
  9.900000000000   0.002161420033
  9.920000000000   0.002181062627
  9.940000000000   0.002131378022
  9.960000000000   0.002121655836
  9.980000000000   0.002168955053
 10.000000000000   0.002170935238
 10.020000000000   0.002118857824
 10.040000000000   0.002204987068
 10.060000000000   0.002175936769
 10.080000000000   0.002209442071
 10.100000000000   0.002137929291
 10.120000000000   0.002186453270
 10.140000000000   0.002152769189
 10.160000000000   0.002198032730
 10.180000000000   0.002129063354
 10.200000000000   0.002156647566
 10.220000000000   0.002137912125
 10.240000000000   0.002157503869
 10.260000000000   0.002129493446
 10.280000000000   0.002152170718
 10.300000000000   0.002166738884
 10.320000000000   0.002205054107
 10.340000000000   0.002117828520
 10.360000000000   0.002118241150
 10.380000000000   0.002113887155
 10.400000000000   0.002101738959
 10.420000000000   0.002140261481
 10.440000000000   0.002157400464
 10.460000000000   0.002101872928
 10.480000000000   0.002090336959
 10.500000000000   0.002052553435
 10.520000000000   0.002086990982
 10.540000000000   0.002092848783
 10.560000000000   0.002155244985
 10.580000000000   0.002168326442
 10.600000000000   0.002107168873
 10.620000000000   0.002145071302
 10.640000000000   0.002071792467
 10.660000000000   0.002076000330
 10.680000000000   0.002113190790
 10.700000000000   0.002110256810
 10.720000000000   0.002112013747
 10.740000000000   0.002110409998
 10.760000000000   0.002073562274
 10.780000000000   0.002098192400
 10.800000000000   0.002131729507
 10.820000000000   0.002122112613
 10.840000000000   0.002117533240
 10.860000000000   0.002102319668
 10.880000000000   0.002062558358
 10.900000000000   0.002038992395
 10.920000000000   0.002070533041
 10.940000000000   0.002081339040
 10.960000000000   0.002040330046
 10.980000000000   0.002120009503
 11.000000000000   0.002101968537
 11.020000000000   0.002111688804
 11.040000000000   0.002115869570
 11.060000000000   0.002155364087
 11.080000000000   0.002079072858
 11.100000000000   0.002133486356
 11.120000000000   0.002089901043
 11.140000000000   0.002067647731
 11.160000000000   0.002051839921
 11.180000000000   0.002052909691
 11.200000000000   0.002095558525
 11.220000000000   0.002042200976
 11.240000000000   0.002054551713
 11.260000000000   0.002063892896
 11.280000000000   0.002057734145
 11.300000000000   0.002131138128
 11.320000000000   0.002049556229
 11.340000000000   0.002042443690
 11.360000000000   0.002075998290
 11.380000000000   0.002036264729
 11.400000000000   0.002037338857
 11.420000000000   0.002049685270
 11.440000000000   0.002040834398
 11.460000000000   0.002026581265
 11.480000000000   0.002011375034
 11.500000000000   0.002023084498
 11.520000000000   0.002038940276
 11.540000000000   0.002043107645
 11.560000000000   0.002046462033
 11.580000000000   0.002028500600
 11.600000000000   0.001984997078
 11.620000000000   0.001988173922
 11.640000000000   0.002034882568
 11.660000000000   0.002055782556
 11.680000000000   0.002061782855
 11.700000000000   0.002088651981
 11.720000000000   0.001975451371
 11.740000000000   0.002040988727
 11.760000000000   0.002075878430
 11.780000000000   0.002081610077
 11.800000000000   0.001973173613
 11.820000000000   0.002009214589
 11.840000000000   0.002023859798
 11.860000000000   0.002055409103
 11.880000000000   0.002077008808
 11.900000000000   0.002026543601
 11.920000000000   0.002028843558
 11.940000000000   0.001951476237
 11.960000000000   0.001985017852
 11.980000000000   0.002044171666
 12.000000000000   0.002012730887
 12.020000000000   0.002073933704
 12.040000000000   0.001974105033
 12.060000000000   0.002022448804
 12.080000000000   0.002030525096
 12.100000000000   0.002012511041
 12.120000000000   0.001999008218
 12.140000000000   0.002030025139
 12.160000000000   0.002070001054
 12.180000000000   0.001997679482
 12.200000000000   0.001993911933
 12.220000000000   0.002015025632
 12.240000000000   0.002020626959
 12.260000000000   0.002047766021
 12.280000000000   0.002008373588
 12.300000000000   0.002059196639
 12.320000000000   0.001972405411
 12.340000000000   0.001934978109
 12.360000000000   0.001975539946
 12.380000000000   0.001988565592
 12.400000000000   0.002042413992
 12.420000000000   0.001946529374
 12.440000000000   0.002008253550
 12.460000000000   0.001966842421
 12.480000000000   0.002006881003
 12.500000000000   0.001932292084
 12.520000000000   0.001972999045
 12.540000000000   0.001937404777
 12.560000000000   0.001999272145
 12.580000000000   0.001959537555
 12.600000000000   0.001958902936
 12.620000000000   0.001932220944
 12.640000000000   0.001952984967
 12.660000000000   0.001948497537
 12.680000000000   0.001903532631
 12.700000000000   0.001953525240
 12.720000000000   0.001955467739
 12.740000000000   0.001933800973
 12.760000000000   0.001962737793
 12.780000000000   0.001957556168
 12.800000000000   0.001944462688
 12.820000000000   0.001964733952
 12.840000000000   0.001963901124
 12.860000000000   0.001911009908
 12.880000000000   0.001884943567
 12.900000000000   0.001940327091
 12.920000000000   0.001953879532
 12.940000000000   0.001961288406
 12.960000000000   0.001957119662
 12.980000000000   0.001967069173
 13.000000000000   0.001955800732
 13.020000000000   0.001969267287
 13.040000000000   0.001909753477
 13.060000000000   0.001919696363
 13.080000000000   0.001917486660
 13.100000000000   0.001935184848
 13.120000000000   0.001932418819
 13.140000000000   0.001960070157
 13.160000000000   0.001959576044
 13.180000000000   0.001880336583
 13.200000000000   0.001891153840
 13.220000000000   0.001952781920
 13.240000000000   0.001914810480
 13.260000000000   0.001885812972
 13.280000000000   0.001902701600
 13.300000000000   0.001918369840
 13.320000000000   0.001944547302
 13.340000000000   0.001874981411
 13.360000000000   0.001921854528
 13.380000000000   0.001918685562
 13.400000000000   0.001951944702
 13.420000000000   0.001873308868
 13.440000000000   0.001901804433
 13.460000000000   0.001876534352
 13.480000000000   0.001864584141
 13.500000000000   0.001872244432
 13.520000000000   0.001903273657
 13.540000000000   0.001864236238
 13.560000000000   0.001881073585
 13.580000000000   0.001866686434
 13.600000000000   0.001880008765
 13.620000000000   0.001895656341
 13.640000000000   0.001905189528
 13.660000000000   0.001925046198
 13.680000000000   0.001933738864
 13.700000000000   0.001851384072
 13.720000000000   0.001902584809
 13.740000000000   0.001863591940
 13.760000000000   0.001882698611
 13.780000000000   0.001914094765
 13.800000000000   0.001853755411
 13.820000000000   0.001882088105
 13.840000000000   0.001888210188
 13.860000000000   0.001813157144
 13.880000000000   0.001863559926
 13.900000000000   0.001843247183
 13.920000000000   0.001871145568
 13.940000000000   0.001880102979
 13.960000000000   0.001907840482
 13.980000000000   0.001874587942
 14.000000000000   0.001872039837
 14.020000000000   0.001867771752
 14.040000000000   0.001884992140
 14.060000000000   0.001875837640
 14.080000000000   0.001827002886
 14.100000000000   0.001878703127
 14.120000000000   0.001896043694
 14.140000000000   0.001872041729
 14.160000000000   0.001831933350
 14.180000000000   0.001825143797
 14.200000000000   0.001846567334
 14.220000000000   0.001800798049
 14.240000000000   0.001849806361
 14.260000000000   0.001833904593
 14.280000000000   0.001856283617
 14.300000000000   0.001837203246
 14.320000000000   0.001855340414
 14.340000000000   0.001819818985
 14.360000000000   0.001832799456
 14.380000000000   0.001838141543
 14.400000000000   0.001851248100
 14.420000000000   0.001879738190
 14.440000000000   0.001873019296
 14.460000000000   0.001816134989
 14.480000000000   0.001802986052
 14.500000000000   0.001772575676
 14.520000000000   0.001824980041
 14.540000000000   0.001858157755
 14.560000000000   0.001791641236
 14.580000000000   0.001843687394
 14.600000000000   0.001800791776
 14.620000000000   0.001872348466
 14.640000000000   0.001781232763
 14.660000000000   0.001798595062
 14.680000000000   0.001836749379
 14.700000000000   0.001860717571
 14.720000000000   0.001794899093
 14.740000000000   0.001846011301
 14.760000000000   0.001767564396
 14.780000000000   0.001823068566
 14.800000000000   0.001814192963
 14.820000000000   0.001794600139
 14.840000000000   0.001793199716
 14.860000000000   0.001833280656
 14.880000000000   0.001758673784
 14.900000000000   0.001843197981
 14.920000000000   0.001797605038
 14.940000000000   0.001781041911
 14.960000000000   0.001764072359
 14.980000000000   0.001820262194
 15.000000000000   0.001031571496
