 -4.000000000000   0.000562233230
 -3.990000000000   0.000563825879
 -3.980000000000   0.000565425545
 -3.970000000000   0.000567032269
 -3.960000000000   0.000568646095
 -3.950000000000   0.000570267066
 -3.940000000000   0.000571895226
 -3.930000000000   0.000573530618
 -3.920000000000   0.000575173287
 -3.910000000000   0.000576823276
 -3.900000000000   0.000578480632
 -3.890000000000   0.000580145399
 -3.880000000000   0.000581817623
 -3.870000000000   0.000583497351
 -3.860000000000   0.000585184627
 -3.850000000000   0.000586879499
 -3.840000000000   0.000588582015
 -3.830000000000   0.000590292221
 -3.820000000000   0.000592010166
 -3.810000000000   0.000593735897
 -3.800000000000   0.000595469464
 -3.790000000000   0.000597210915
 -3.780000000000   0.000598960299
 -3.770000000000   0.000600717667
 -3.760000000000   0.000602483069
 -3.750000000000   0.000604256555
 -3.740000000000   0.000606038176
 -3.730000000000   0.000607827984
 -3.720000000000   0.000609626031
 -3.710000000000   0.000611432369
 -3.700000000000   0.000613247050
 -3.690000000000   0.000615070128
 -3.680000000000   0.000616901656
 -3.670000000000   0.000618741688
 -3.660000000000   0.000620590279
 -3.650000000000   0.000622447484
 -3.640000000000   0.000624313357
 -3.630000000000   0.000626187956
 -3.620000000000   0.000628071335
 -3.610000000000   0.000629963552
 -3.600000000000   0.000631864664
 -3.590000000000   0.000633774729
 -3.580000000000   0.000635693805
 -3.570000000000   0.000637621950
 -3.560000000000   0.000639559223
 -3.550000000000   0.000641505685
 -3.540000000000   0.000643461395
 -3.530000000000   0.000645426415
 -3.520000000000   0.000647400804
 -3.510000000000   0.000649384626
 -3.500000000000   0.000651377941
 -3.490000000000   0.000653380813
 -3.480000000000   0.000655393306
 -3.470000000000   0.000657415482
 -3.460000000000   0.000659447406
 -3.450000000000   0.000661489144
 -3.440000000000   0.000663540760
 -3.430000000000   0.000665602320
 -3.420000000000   0.000667673892
 -3.410000000000   0.000669755542
 -3.400000000000   0.000671847338
 -3.390000000000   0.000673949349
 -3.380000000000   0.000676061643
 -3.370000000000   0.000678184289
 -3.360000000000   0.000680317359
 -3.350000000000   0.000682460922
 -3.340000000000   0.000684615051
 -3.330000000000   0.000686779816
 -3.320000000000   0.000688955291
 -3.310000000000   0.000691141549
 -3.300000000000   0.000693338664
 -3.290000000000   0.000695546710
 -3.280000000000   0.000697765762
 -3.270000000000   0.000699995897
 -3.260000000000   0.000702237191
 -3.250000000000   0.000704489721
 -3.240000000000   0.000706753566
 -3.230000000000   0.000709028803
 -3.220000000000   0.000711315512
 -3.210000000000   0.000713613773
 -3.200000000000   0.000715923667
 -3.190000000000   0.000718245276
 -3.180000000000   0.000720578681
 -3.170000000000   0.000722923966
 -3.160000000000   0.000725281214
 -3.150000000000   0.000727650509
 -3.140000000000   0.000730031938
 -3.130000000000   0.000732425586
 -3.120000000000   0.000734831540
 -3.110000000000   0.000737249887
 -3.100000000000   0.000739680716
 -3.090000000000   0.000742124116
 -3.080000000000   0.000744580178
 -3.070000000000   0.000747048991
 -3.060000000000   0.000749530649
 -3.050000000000   0.000752025243
 -3.040000000000   0.000754532867
 -3.030000000000   0.000757053615
 -3.020000000000   0.000759587582
 -3.010000000000   0.000762134865
 -3.000000000000   0.000764695561
 -2.990000000000   0.000767269767
 -2.980000000000   0.000769857582
 -2.970000000000   0.000772459106
 -2.960000000000   0.000775074441
 -2.950000000000   0.000777703686
 -2.940000000000   0.000780346946
 -2.930000000000   0.000783004323
 -2.920000000000   0.000785675923
 -2.910000000000   0.000788361850
 -2.900000000000   0.000791062213
 -2.890000000000   0.000793777117
 -2.880000000000   0.000796506672
 -2.870000000000   0.000799250988
 -2.860000000000   0.000802010176
 -2.850000000000   0.000804784346
 -2.840000000000   0.000807573614
 -2.830000000000   0.000810378091
 -2.820000000000   0.000813197894
 -2.810000000000   0.000816033139
 -2.800000000000   0.000818883944
 -2.790000000000   0.000821750426
 -2.780000000000   0.000824632706
 -2.770000000000   0.000827530905
 -2.760000000000   0.000830445145
 -2.750000000000   0.000833375549
 -2.740000000000   0.000836322243
 -2.730000000000   0.000839285350
 -2.720000000000   0.000842265000
 -2.710000000000   0.000845261321
 -2.700000000000   0.000848274441
 -2.690000000000   0.000851304492
 -2.680000000000   0.000854351607
 -2.670000000000   0.000857415918
 -2.660000000000   0.000860497562
 -2.650000000000   0.000863596674
 -2.640000000000   0.000866713392
 -2.630000000000   0.000869847855
 -2.620000000000   0.000873000205
 -2.610000000000   0.000876170582
 -2.600000000000   0.000879359131
 -2.590000000000   0.000882565997
 -2.580000000000   0.000885791325
 -2.570000000000   0.000889035265
 -2.560000000000   0.000892297966
 -2.550000000000   0.000895579578
 -2.540000000000   0.000898880255
 -2.530000000000   0.000902200150
 -2.520000000000   0.000905539420
 -2.510000000000   0.000908898223
 -2.500000000000   0.000912276717
 -2.490000000000   0.000915675063
 -2.480000000000   0.000919093425
 -2.470000000000   0.000922531966
 -2.460000000000   0.000925990852
 -2.450000000000   0.000929470252
 -2.440000000000   0.000932970335
 -2.430000000000   0.000936491273
 -2.420000000000   0.000940033239
 -2.410000000000   0.000943596407
 -2.400000000000   0.000947180956
 -2.390000000000   0.000950787065
 -2.380000000000   0.000954414914
 -2.370000000000   0.000958064686
 -2.360000000000   0.000961736566
 -2.350000000000   0.000965430742
 -2.340000000000   0.000969147402
 -2.330000000000   0.000972886737
 -2.320000000000   0.000976648941
 -2.310000000000   0.000980434210
 -2.300000000000   0.000984242740
 -2.290000000000   0.000988074732
 -2.280000000000   0.000991930387
 -2.270000000000   0.000995809910
 -2.260000000000   0.000999713507
 -2.250000000000   0.001003641388
 -2.240000000000   0.001007593763
 -2.230000000000   0.001011570847
 -2.220000000000   0.001015572854
 -2.210000000000   0.001019600005
 -2.200000000000   0.001023652519
 -2.190000000000   0.001027730621
 -2.180000000000   0.001031834537
 -2.170000000000   0.001035964494
 -2.160000000000   0.001040120726
 -2.150000000000   0.001044303465
 -2.140000000000   0.001048512949
 -2.130000000000   0.001052749416
 -2.120000000000   0.001057013111
 -2.110000000000   0.001061304277
 -2.100000000000   0.001065623163
 -2.090000000000   0.001069970019
 -2.080000000000   0.001074345101
 -2.070000000000   0.001078748664
 -2.060000000000   0.001083180968
 -2.050000000000   0.001087642278
 -2.040000000000   0.001092132859
 -2.030000000000   0.001096652980
 -2.020000000000   0.001101202914
 -2.010000000000   0.001105782938
 -2.000000000000   0.001110393331
 -1.990000000000   0.001115034375
 -1.980000000000   0.001119706357
 -1.970000000000   0.001124409566
 -1.960000000000   0.001129144295
 -1.950000000000   0.001133910842
 -1.940000000000   0.001138709507
 -1.930000000000   0.001143540594
 -1.920000000000   0.001148404410
 -1.910000000000   0.001153301269
 -1.900000000000   0.001158231485
 -1.890000000000   0.001163195379
 -1.880000000000   0.001168193273
 -1.870000000000   0.001173225496
 -1.860000000000   0.001178292380
 -1.850000000000   0.001183394260
 -1.840000000000   0.001188531477
 -1.830000000000   0.001193704377
 -1.820000000000   0.001198913307
 -1.810000000000   0.001204158621
 -1.800000000000   0.001209440679
 -1.790000000000   0.001214759842
 -1.780000000000   0.001220116478
 -1.770000000000   0.001225510959
 -1.760000000000   0.001230943663
 -1.750000000000   0.001236414972
 -1.740000000000   0.001241925273
 -1.730000000000   0.001247474957
 -1.720000000000   0.001253064424
 -1.710000000000   0.001258694074
 -1.700000000000   0.001264364318
 -1.690000000000   0.001270075567
 -1.680000000000   0.001275828241
 -1.670000000000   0.001281622766
 -1.660000000000   0.001287459570
 -1.650000000000   0.001293339092
 -1.640000000000   0.001299261772
 -1.630000000000   0.001305228061
 -1.620000000000   0.001311238411
 -1.610000000000   0.001317293284
 -1.600000000000   0.001323393147
 -1.590000000000   0.001329538473
 -1.580000000000   0.001335729743
 -1.570000000000   0.001341967444
 -1.560000000000   0.001348252070
 -1.550000000000   0.001354584120
 -1.540000000000   0.001360964104
 -1.530000000000   0.001367392536
 -1.520000000000   0.001373869938
 -1.510000000000   0.001380396841
 -1.500000000000   0.001386973781
 -1.490000000000   0.001393601305
 -1.480000000000   0.001400279964
 -1.470000000000   0.001407010321
 -1.460000000000   0.001413792945
 -1.450000000000   0.001420628412
 -1.440000000000   0.001427517311
 -1.430000000000   0.001434460235
 -1.420000000000   0.001441457788
 -1.410000000000   0.001448510583
 -1.400000000000   0.001455619242
 -1.390000000000   0.001462784396
 -1.380000000000   0.001470006687
 -1.370000000000   0.001477286763
 -1.360000000000   0.001484625287
 -1.350000000000   0.001492022929
 -1.340000000000   0.001499480369
 -1.330000000000   0.001506998300
 -1.320000000000   0.001514577422
 -1.310000000000   0.001522218451
 -1.300000000000   0.001529922109
 -1.290000000000   0.001537689133
 -1.280000000000   0.001545520270
 -1.270000000000   0.001553416279
 -1.260000000000   0.001561377933
 -1.250000000000   0.001569406015
 -1.240000000000   0.001577501322
 -1.230000000000   0.001585664662
 -1.220000000000   0.001593896860
 -1.210000000000   0.001602198752
 -1.200000000000   0.001610571187
 -1.190000000000   0.001619015030
 -1.180000000000   0.001627531160
 -1.170000000000   0.001636120471
 -1.160000000000   0.001644783870
 -1.150000000000   0.001653522283
 -1.140000000000   0.001662336648
 -1.130000000000   0.001671227923
 -1.120000000000   0.001680197080
 -1.110000000000   0.001689245108
 -1.100000000000   0.001698373016
 -1.090000000000   0.001707581826
 -1.080000000000   0.001716872584
 -1.070000000000   0.001726246350
 -1.060000000000   0.001735704205
 -1.050000000000   0.001745247251
 -1.040000000000   0.001754876607
 -1.030000000000   0.001764593416
 -1.020000000000   0.001774398839
 -1.010000000000   0.001784294061
 -1.000000000000   0.001794280290
 -0.990000000000   0.001804358754
 -0.980000000000   0.001814530707
 -0.970000000000   0.001824797426
 -0.960000000000   0.001835160215
 -0.950000000000   0.001845620401
 -0.940000000000   0.001856179338
 -0.930000000000   0.001866838409
 -0.920000000000   0.001877599023
 -0.910000000000   0.001888462619
 -0.900000000000   0.001899430665
 -0.890000000000   0.001910504659
 -0.880000000000   0.001921686133
 -0.870000000000   0.001932976650
 -0.860000000000   0.001944377807
 -0.850000000000   0.001955891235
 -0.840000000000   0.001967518603
 -0.830000000000   0.001979261615
 -0.820000000000   0.001991122016
 -0.810000000000   0.002003101590
 -0.800000000000   0.002015202161
 -0.790000000000   0.002027425599
 -0.780000000000   0.002039773817
 -0.770000000000   0.002052248774
 -0.760000000000   0.002064852479
 -0.750000000000   0.002077586990
 -0.740000000000   0.002090454418
 -0.730000000000   0.002103456929
 -0.720000000000   0.002116596745
 -0.710000000000   0.002129876149
 -0.700000000000   0.002143297487
 -0.690000000000   0.002156863168
 -0.680000000000   0.002170575672
 -0.670000000000   0.002184437550
 -0.660000000000   0.002198451429
 -0.650000000000   0.002212620016
 -0.640000000000   0.002226946101
 -0.630000000000   0.002241432564
 -0.620000000000   0.002256082378
 -0.610000000000   0.002270898617
 -0.600000000000   0.002285884458
 -0.590000000000   0.002301043192
 -0.580000000000   0.002316378228
 -0.570000000000   0.002331893102
 -0.560000000000   0.002347591487
 -0.550000000000   0.002363477201
 -0.540000000000   0.002379554216
 -0.530000000000   0.002395826673
 -0.520000000000   0.002412298893
 -0.510000000000   0.002428975392
 -0.500000000000   0.002445860894
 -0.490000000000   0.002462960355
 -0.480000000000   0.002480278976
 -0.470000000000   0.002497822227
 -0.460000000000   0.002515595876
 -0.450000000000   0.002533606012
 -0.440000000000   0.002551859076
 -0.430000000000   0.002570361901
 -0.420000000000   0.002589121750
 -0.410000000000   0.002608146360
 -0.400000000000   0.002627443996
 -0.390000000000   0.002647023511
 -0.380000000000   0.002666894409
 -0.370000000000   0.002687066931
 -0.360000000000   0.002707552136
 -0.350000000000   0.002728362008
 -0.340000000000   0.002749509576
 -0.330000000000   0.002771009045
 -0.320000000000   0.002792875964
 -0.310000000000   0.002815127403
 -0.300000000000   0.002837782171
 -0.290000000000   0.002860861068
 -0.280000000000   0.002884387172
 -0.270000000000   0.002908386186
 -0.260000000000   0.002932886829
 -0.250000000000   0.002957921306
 -0.240000000000   0.002983525844
 -0.230000000000   0.003009741317
 -0.220000000000   0.003036613973
 -0.210000000000   0.003064196260
 -0.200000000000   0.003092547760
 -0.190000000000   0.003121736230
 -0.180000000000   0.003151838721
 -0.170000000000   0.003182942726
 -0.160000000000   0.003215147269
 -0.150000000000   0.003248563751
 -0.140000000000   0.003283316274
 -0.130000000000   0.003319540971
 -0.120000000000   0.003357383624
 -0.110000000000   0.003396994477
 -0.100000000000   0.003438518711
 -0.090000000000   0.003482080550
 -0.080000000000   0.003527758623
 -0.070000000000   0.003575550451
 -0.060000000000   0.003625325422
 -0.050000000000   0.003676769487
 -0.040000000000   0.003729331843
 -0.030000000000   0.003782193323
 -0.020000000000   0.003834284258
 -0.010000000000   0.003884377608
  0.000000000000   0.003931262744
  0.010000000000   0.003973967178
  0.020000000000   0.004011956782
  0.030000000000   0.004045238763
  0.040000000000   0.004074328762
  0.050000000000   0.004100103098
  0.060000000000   0.004123600417
  0.070000000000   0.004145841027
  0.080000000000   0.004167705302
  0.090000000000   0.004189878806
  0.100000000000   0.004212849369
  0.110000000000   0.004236934410
  0.120000000000   0.004262319908
  0.130000000000   0.004289099141
  0.140000000000   0.004317305294
  0.150000000000   0.004346936163
  0.160000000000   0.004377971418
  0.170000000000   0.004410383886
  0.180000000000   0.004444146499
  0.190000000000   0.004479236276
  0.200000000000   0.004515636343
  0.210000000000   0.004553336579
  0.220000000000   0.004592333288
  0.230000000000   0.004632628134
  0.240000000000   0.004674226668
  0.250000000000   0.004717136833
  0.260000000000   0.004761367919
  0.270000000000   0.004806930264
  0.280000000000   0.004853835710
  0.290000000000   0.004902098425
  0.300000000000   0.004951735604
  0.310000000000   0.005002767701
  0.320000000000   0.005055218188
  0.330000000000   0.005109113176
  0.340000000000   0.005164481346
  0.350000000000   0.005221354304
  0.360000000000   0.005279766967
  0.370000000000   0.005339757334
  0.380000000000   0.005401365279
  0.390000000000   0.005464630765
  0.400000000000   0.005529592396
  0.410000000000   0.005596287261
  0.420000000000   0.005664752490
  0.430000000000   0.005735028213
  0.440000000000   0.005807160963
  0.450000000000   0.005881206247
  0.460000000000   0.005957229264
  0.470000000000   0.006035303466
  0.480000000000   0.006115507453
  0.490000000000   0.006197921221
  0.500000000000   0.006282622749
  0.510000000000   0.006369685668
  0.520000000000   0.006459178309
  0.530000000000   0.006551164184
  0.540000000000   0.006645703752
  0.550000000000   0.006742857222
  0.560000000000   0.006842688103
  0.570000000000   0.006945267104
  0.580000000000   0.007050676018
  0.590000000000   0.007159011319
  0.600000000000   0.007270387286
  0.610000000000   0.007384938319
  0.620000000000   0.007502819802
  0.630000000000   0.007624206816
  0.640000000000   0.007749290565
  0.650000000000   0.007878273140
  0.660000000000   0.008011361888
  0.670000000000   0.008148764659
  0.680000000000   0.008290686788
  0.690000000000   0.008437329996
  0.700000000000   0.008588892966
  0.710000000000   0.008745573115
  0.720000000000   0.008907569293
  0.730000000000   0.009075085428
  0.740000000000   0.009248335370
  0.750000000000   0.009427548920
  0.760000000000   0.009612978297
  0.770000000000   0.009804903351
  0.780000000000   0.010003633539
  0.790000000000   0.010209505594
  0.800000000000   0.010422877828
  0.810000000000   0.010644123738
  0.820000000000   0.010873627678
  0.830000000000   0.011111783629
  0.840000000000   0.011358995852
  0.850000000000   0.011615679310
  0.860000000000   0.011882258912
  0.870000000000   0.012159168772
  0.880000000000   0.012446853830
  0.890000000000   0.012745775426
  0.900000000000   0.013056420473
  0.910000000000   0.013379312554
  0.920000000000   0.013715023058
  0.930000000000   0.014064180541
  0.940000000000   0.014427476089
  0.950000000000   0.014805662113
  0.960000000000   0.015199542971
  0.970000000000   0.015609958909
  0.980000000000   0.016037768916
  0.990000000000   0.016483840129
  1.000000000000   0.016949049006
  1.010000000000   0.017434293309
  1.020000000000   0.017940507980
  1.030000000000   0.018468676511
  1.040000000000   0.019019833264
  1.050000000000   0.019595058452
  1.060000000000   0.020195471941
  1.070000000000   0.020822232390
  1.080000000000   0.021476544976
  1.090000000000   0.022159676215
  1.100000000000   0.022872970588
  1.110000000000   0.023617862516
  1.120000000000   0.024395878639
  1.130000000000   0.025208628292
  1.140000000000   0.026057783370
  1.150000000000   0.026945052404
  1.160000000000   0.027872157106
  1.170000000000   0.028840820341
  1.180000000000   0.029852770531
  1.190000000000   0.030909760548
  1.200000000000   0.032013593240
  1.210000000000   0.033166143349
  1.220000000000   0.034369366634
  1.230000000000   0.035625291356
  1.240000000000   0.036935995075
  1.250000000000   0.038303578644
  1.260000000000   0.039730153336
  1.270000000000   0.041217851238
  1.280000000000   0.042768855747
  1.290000000000   0.044385436089
  1.300000000000   0.046069964892
  1.310000000000   0.047824903385
  1.320000000000   0.049652752465
  1.330000000000   0.051555982643
  1.340000000000   0.053536962247
  1.350000000000   0.055597896426
  1.360000000000   0.057740776103
  1.370000000000   0.059967329364
  1.380000000000   0.062278973534
  1.390000000000   0.064676776923
  1.400000000000   0.067161443821
  1.410000000000   0.069733331507
  1.420000000000   0.072392497223
  1.430000000000   0.075138760732
  1.440000000000   0.077971758099
  1.450000000000   0.080890959558
  1.460000000000   0.083895631992
  1.470000000000   0.086984744521
  1.480000000000   0.090156842567
  1.490000000000   0.093409944853
  1.500000000000   0.096741529322
  1.510000000000   0.100148646302
  1.520000000000   0.103628134615
  1.530000000000   0.107176856527
  1.540000000000   0.110791849829
  1.550000000000   0.114470326223
  1.560000000000   0.118209502368
  1.570000000000   0.122006308579
  1.580000000000   0.125857063941
  1.590000000000   0.129757222557
  1.600000000000   0.133701275166
  1.610000000000   0.137682837689
  1.620000000000   0.141694892301
  1.630000000000   0.145730094463
  1.640000000000   0.149781044260
  1.650000000000   0.153840445646
  1.660000000000   0.157901124593
  1.670000000000   0.161955926594
  1.680000000000   0.165997557633
  1.690000000000   0.170018458015
  1.700000000000   0.174010779748
  1.710000000000   0.177966469361
  1.720000000000   0.181877384575
  1.730000000000   0.185735361992
  1.740000000000   0.189532223869
  1.750000000000   0.193259808635
  1.760000000000   0.196910142351
  1.770000000000   0.200475796163
  1.780000000000   0.203950346613
  1.790000000000   0.207328767666
  1.800000000000   0.210607594398
  1.810000000000   0.213784788745
  1.820000000000   0.216859343368
  1.830000000000   0.219830729763
  1.840000000000   0.222698316981
  1.850000000000   0.225460867330
  1.860000000000   0.228116174500
  1.870000000000   0.230660872371
  1.880000000000   0.233090426192
  1.890000000000   0.235399316123
  1.900000000000   0.237581413710
  1.910000000000   0.239630519531
  1.920000000000   0.241540984579
  1.930000000000   0.243308307075
  1.940000000000   0.244929600845
  1.950000000000   0.246403861646
  1.960000000000   0.247731989824
  1.970000000000   0.248916560171
  1.980000000000   0.249961383282
  1.990000000000   0.250870973451
  2.000000000000   0.251650077552
  2.010000000000   0.252303382933
  2.020000000000   0.252835430948
  2.030000000000   0.253250685366
  2.040000000000   0.253553681812
  2.050000000000   0.253749193409
  2.060000000000   0.253842353510
  2.070000000000   0.253838677818
  2.080000000000   0.253743943504
  2.090000000000   0.253563917892
  2.100000000000   0.253303975232
  2.110000000000   0.252968682161
  2.120000000000   0.252561453970
  2.130000000000   0.252084376270
  2.140000000000   0.251538256005
  2.150000000000   0.250922921900
  2.160000000000   0.250237742636
  2.170000000000   0.249482276695
  2.180000000000   0.248656924445
  2.190000000000   0.247763440277
  2.200000000000   0.246805196785
  2.210000000000   0.245787170979
  2.220000000000   0.244715707560
  2.230000000000   0.243598155310
  2.240000000000   0.242442452637
  2.250000000000   0.241256690387
  2.260000000000   0.240048647367
  2.270000000000   0.238825294423
  2.280000000000   0.237592296201
  2.290000000000   0.236353598396
  2.300000000000   0.235111241187
  2.310000000000   0.233865528593
  2.320000000000   0.232615573791
  2.330000000000   0.231360077774
  2.340000000000   0.230098090915
  2.350000000000   0.228829528792
  2.360000000000   0.227555339937
  2.370000000000   0.226277361273
  2.380000000000   0.224997973545
  2.390000000000   0.223719680197
  2.400000000000   0.222444716305
  2.410000000000   0.221174772557
  2.420000000000   0.219910889692
  2.430000000000   0.218653538627
  2.440000000000   0.217402856458
  2.450000000000   0.216158960775
  2.460000000000   0.214922225107
  2.470000000000   0.213693398964
  2.480000000000   0.212473521134
  2.490000000000   0.211263679462
  2.500000000000   0.210064748226
  2.510000000000   0.208877236745
  2.520000000000   0.207701319010
  2.530000000000   0.206537032251
  2.540000000000   0.205384569620
  2.550000000000   0.204244557942
  2.560000000000   0.203118208470
  2.570000000000   0.202007265597
  2.580000000000   0.200913754064
  2.590000000000   0.199839610244
  2.600000000000   0.198786332225
  2.610000000000   0.197754768032
  2.620000000000   0.196745094889
  2.630000000000   0.195756966059
  2.640000000000   0.194789748105
  2.650000000000   0.193842751688
  2.660000000000   0.192915380114
  2.670000000000   0.192007179301
  2.680000000000   0.191117834931
  2.690000000000   0.190247177953
  2.700000000000   0.189395223044
  2.710000000000   0.188562218897
  2.720000000000   0.187748668486
  2.730000000000   0.186955277467
  2.740000000000   0.186182798908
  2.750000000000   0.185431772858
  2.760000000000   0.184702219754
  2.770000000000   0.183993409029
  2.780000000000   0.183303830293
  2.790000000000   0.182631415422
  2.800000000000   0.181973940076
  2.810000000000   0.181329455164
  2.820000000000   0.180696605951
  2.830000000000   0.180074762618
  2.840000000000   0.179463960441
  2.850000000000   0.178864701740
  2.860000000000   0.178277697075
  2.870000000000   0.177703616677
  2.880000000000   0.177142894590
  2.890000000000   0.176595604278
  2.900000000000   0.176061424608
  2.910000000000   0.175539725243
  2.920000000000   0.175029787774
  2.930000000000   0.174531130214
  2.940000000000   0.174043838843
  2.950000000000   0.173568772704
  2.960000000000   0.173107527762
  2.970000000000   0.172662138291
  2.980000000000   0.172234613301
  2.990000000000   0.171826482348
  3.000000000000   0.171438507426
  3.010000000000   0.171070627401
  3.020000000000   0.170722109493
  3.030000000000   0.170391836328
  3.040000000000   0.170078648707
  3.050000000000   0.169781664360
  3.060000000000   0.169500493887
  3.070000000000   0.169235292337
  3.080000000000   0.168986631255
  3.090000000000   0.168755242043
  3.100000000000   0.168541735966
  3.110000000000   0.168346416095
  3.120000000000   0.168169250200
  3.130000000000   0.168009992294
  3.140000000000   0.167868368167
  3.150000000000   0.167744215891
  3.160000000000   0.167637505861
  3.170000000000   0.167548232424
  3.180000000000   0.167476230864
  3.190000000000   0.167421003328
  3.200000000000   0.167381631579
  3.210000000000   0.167356820533
  3.220000000000   0.167345064996
  3.230000000000   0.167344881325
  3.240000000000   0.167355020208
  3.250000000000   0.167374592133
  3.260000000000   0.167403085205
  3.270000000000   0.167440301980
  3.280000000000   0.167486257332
  3.290000000000   0.167541065987
  3.300000000000   0.167604835502
  3.310000000000   0.167677584912
  3.320000000000   0.167759217620
  3.330000000000   0.167849567923
  3.340000000000   0.167948510740
  3.350000000000   0.168056089154
  3.360000000000   0.168172592275
  3.370000000000   0.168298521583
  3.380000000000   0.168434427130
  3.390000000000   0.168580662760
  3.400000000000   0.168737158046
  3.410000000000   0.168903294175
  3.420000000000   0.169077913599
  3.430000000000   0.169259440942
  3.440000000000   0.169446077209
  3.450000000000   0.169636033889
  3.460000000000   0.169827768981
  3.470000000000   0.170020173682
  3.480000000000   0.170212660787
  3.490000000000   0.170405134516
  3.500000000000   0.170597861121
  3.510000000000   0.170791289681
  3.520000000000   0.170985884705
  3.530000000000   0.171182025245
  3.540000000000   0.171379999291
  3.550000000000   0.171580087093
  3.560000000000   0.171782700976
  3.570000000000   0.171988539989
  3.580000000000   0.172198715601
  3.590000000000   0.172414802096
  3.600000000000   0.172638770326
  3.610000000000   0.172872782775
  3.620000000000   0.173118859201
  3.630000000000   0.173378466269
  3.640000000000   0.173652136735
  3.650000000000   0.173939252258
  3.660000000000   0.174238090914
  3.670000000000   0.174546149626
  3.680000000000   0.174860654228
  3.690000000000   0.175179117534
  3.700000000000   0.175499810123
  3.710000000000   0.175822044177
  3.720000000000   0.176146211505
  3.730000000000   0.176473559457
  3.740000000000   0.176805740420
  3.750000000000   0.177144226986
  3.760000000000   0.177489728253
  3.770000000000   0.177841759816
  3.780000000000   0.178198503935
  3.790000000000   0.178557039244
  3.800000000000   0.178913919357
  3.810000000000   0.179265959278
  3.820000000000   0.179610996488
  3.830000000000   0.179948382752
  3.840000000000   0.180279051982
  3.850000000000   0.180605162435
  3.860000000000   0.180929458033
  3.870000000000   0.181254573884
  3.880000000000   0.181582499021
  3.890000000000   0.181914316062
  3.900000000000   0.182250213192
  3.910000000000   0.182589679348
  3.920000000000   0.182931783716
  3.930000000000   0.183275474285
  3.940000000000   0.183619854608
  3.950000000000   0.183964397705
  3.960000000000   0.184309051209
  3.970000000000   0.184654198868
  3.980000000000   0.185000475990
  3.990000000000   0.185348479920
  4.000000000000   0.185698449754
  4.010000000000   0.186049998291
  4.020000000000   0.186401969396
  4.030000000000   0.186752472149
  4.040000000000   0.187099100863
  4.050000000000   0.187439284739
  4.060000000000   0.187770657300
  4.070000000000   0.188091341892
  4.080000000000   0.188400116310
  4.090000000000   0.188696484192
  4.100000000000   0.188980683828
  4.110000000000   0.189253620535
  4.120000000000   0.189516689676
  4.130000000000   0.189771507487
  4.140000000000   0.190019644312
  4.150000000000   0.190262476728
  4.160000000000   0.190501208287
  4.170000000000   0.190737001890
  4.180000000000   0.190971098240
  4.190000000000   0.191204806144
  4.200000000000   0.191439326291
  4.210000000000   0.191675463558
  4.220000000000   0.191913346866
  4.230000000000   0.192152281629
  4.240000000000   0.192390807287
  4.250000000000   0.192626951577
  4.260000000000   0.192858606569
  4.270000000000   0.193083921971
  4.280000000000   0.193301612380
  4.290000000000   0.193511096545
  4.300000000000   0.193712432940
  4.310000000000   0.193906088984
  4.320000000000   0.194092651520
  4.330000000000   0.194272603630
  4.340000000000   0.194446238162
  4.350000000000   0.194613690687
  4.360000000000   0.194775015977
  4.370000000000   0.194930228622
  4.380000000000   0.195079261932
  4.390000000000   0.195221845575
  4.400000000000   0.195357351523
  4.410000000000   0.195484695075
  4.420000000000   0.195602373527
  4.430000000000   0.195708664712
  4.440000000000   0.195801920344
  4.450000000000   0.195880833743
  4.460000000000   0.195944577546
  4.470000000000   0.195992782905
  4.480000000000   0.196025418806
  4.490000000000   0.196042677120
  4.500000000000   0.196044948364
  4.510000000000   0.196032895147
  4.520000000000   0.196007543336
  4.530000000000   0.195970275147
  4.540000000000   0.195922653104
  4.550000000000   0.195866103555
  4.560000000000   0.195801580054
  4.570000000000   0.195729352314
  4.580000000000   0.195649008350
  4.590000000000   0.195559649053
  4.600000000000   0.195460158169
  4.610000000000   0.195349401483
  4.620000000000   0.195226266298
  4.630000000000   0.195089564975
  4.640000000000   0.194937921880
  4.650000000000   0.194769774896
  4.660000000000   0.194583546510
  4.670000000000   0.194377935705
  4.680000000000   0.194152218323
  4.690000000000   0.193906446852
  4.700000000000   0.193641493412
  4.710000000000   0.193358942121
  4.720000000000   0.193060874378
  4.730000000000   0.192749594241
  4.740000000000   0.192427327085
  4.750000000000   0.192095917217
  4.760000000000   0.191756564930
  4.770000000000   0.191409672942
  4.780000000000   0.191054877940
  4.790000000000   0.190691289824
  4.800000000000   0.190317865752
  4.810000000000   0.189933773628
  4.820000000000   0.189538605370
  4.830000000000   0.189132379916
  4.840000000000   0.188715374763
  4.850000000000   0.188287886360
  4.860000000000   0.187850024379
  4.870000000000   0.187401609924
  4.880000000000   0.186942201249
  4.890000000000   0.186471229286
  4.900000000000   0.185988192049
  4.910000000000   0.185492835863
  4.920000000000   0.184985256209
  4.930000000000   0.184465887178
  4.940000000000   0.183935393201
  4.950000000000   0.183394501621
  4.960000000000   0.182843822362
  4.970000000000   0.182283709621
  4.980000000000   0.181714221597
  4.990000000000   0.181135203187
  5.000000000000   0.180546457453
  5.010000000000   0.179947921913
  5.020000000000   0.179339759842
  5.030000000000   0.178722323454
  5.040000000000   0.178096024015
  5.050000000000   0.177461206876
  5.060000000000   0.176818128890
  5.070000000000   0.176167066530
  5.080000000000   0.175508496328
  5.090000000000   0.174843246946
  5.100000000000   0.174172537712
  5.110000000000   0.173497858529
  5.120000000000   0.172820687372
  5.130000000000   0.172142096147
  5.140000000000   0.171462367628
  5.150000000000   0.170780790414
  5.160000000000   0.170095757125
  5.170000000000   0.169405164062
  5.180000000000   0.168706971762
  5.190000000000   0.167999719109
  5.200000000000   0.167282818334
  5.210000000000   0.166556562320
  5.220000000000   0.165821890015
  5.230000000000   0.165080030665
  5.240000000000   0.164332161170
  5.250000000000   0.163579170892
  5.260000000000   0.162821562460
  5.270000000000   0.162059457952
  5.280000000000   0.161292652464
  5.290000000000   0.160520669020
  5.300000000000   0.159742806197
  5.310000000000   0.158958202144
  5.320000000000   0.158165938738
  5.330000000000   0.157365181030
  5.340000000000   0.156555321851
  5.350000000000   0.155736102868
  5.360000000000   0.154907701427
  5.370000000000   0.154070782490
  5.380000000000   0.153226510608
  5.390000000000   0.152376513149
  5.400000000000   0.151522794662
  5.410000000000   0.150667615537
  5.420000000000   0.149813349819
  5.430000000000   0.148962324946
  5.440000000000   0.148116635878
  5.450000000000   0.147277936087
  5.460000000000   0.146447236979
  5.470000000000   0.145624770177
  5.480000000000   0.144809958275
  5.490000000000   0.144001503061
  5.500000000000   0.143197564802
  5.510000000000   0.142395992922
  5.520000000000   0.141594573265
  5.530000000000   0.140791264751
  5.540000000000   0.139984399373
  5.550000000000   0.139172816313
  5.560000000000   0.138355903943
  5.570000000000   0.137533544322
  5.580000000000   0.136705989557
  5.590000000000   0.135873723777
  5.600000000000   0.135037358876
  5.610000000000   0.134197584335
  5.620000000000   0.133355161898
  5.630000000000   0.132510933669
  5.640000000000   0.131665800837
  5.650000000000   0.130820640935
  5.660000000000   0.129976169503
  5.670000000000   0.129132796181
  5.680000000000   0.128290541937
  5.690000000000   0.127449058920
  5.700000000000   0.126607745052
  5.710000000000   0.125765903911
  5.720000000000   0.124922889503
  5.730000000000   0.124078197378
  5.740000000000   0.123231500328
  5.750000000000   0.122382653116
  5.760000000000   0.121531693613
  5.770000000000   0.120678855510
  5.780000000000   0.119824594942
  5.790000000000   0.118969623007
  5.800000000000   0.118114925501
  5.810000000000   0.117261746250
  5.820000000000   0.116411522679
  5.830000000000   0.115565787052
  5.840000000000   0.114726059237
  5.850000000000   0.113893741220
  5.860000000000   0.113069998939
  5.870000000000   0.112255617080
  5.880000000000   0.111450844325
  5.890000000000   0.110655280410
  5.900000000000   0.109867859551
  5.910000000000   0.109086954086
  5.920000000000   0.108310581604
  5.930000000000   0.107536673186
  5.940000000000   0.106763356128
  5.950000000000   0.105989211441
  5.960000000000   0.105213472159
  5.970000000000   0.104436131661
  5.980000000000   0.103657939807
  5.990000000000   0.102880283994
  6.000000000000   0.102104975734
  6.010000000000   0.101333979672
  6.020000000000   0.100569128006
  6.030000000000   0.099811864641
  6.040000000000   0.099063061149
  6.050000000000   0.098322934380
  6.060000000000   0.097591072139
  6.070000000000   0.096866549133
  6.080000000000   0.096148101344
  6.090000000000   0.095434324929
  6.100000000000   0.094723871641
  6.110000000000   0.094015620847
  6.120000000000   0.093308811394
  6.130000000000   0.092603111691
  6.140000000000   0.091898603726
  6.150000000000   0.091195671630
  6.160000000000   0.090494819585
  6.170000000000   0.089796480416
  6.180000000000   0.089100891461
  6.190000000000   0.088408092514
  6.200000000000   0.087718045099
  6.210000000000   0.087030811213
  6.220000000000   0.086346700751
  6.230000000000   0.085666317330
  6.240000000000   0.084990484099
  6.250000000000   0.084320081272
  6.260000000000   0.083655855236
  6.270000000000   0.082998264641
  6.280000000000   0.082347416437
  6.290000000000   0.081703114720
  6.300000000000   0.081065000080
  6.310000000000   0.080432715121
  6.320000000000   0.079806020505
  6.330000000000   0.079184817002
  6.340000000000   0.078569082207
  6.350000000000   0.077958770123
  6.360000000000   0.077353727180
  6.370000000000   0.076753656172
  6.380000000000   0.076158130130
  6.390000000000   0.075566636452
  6.400000000000   0.074978623645
  6.410000000000   0.074393530583
  6.420000000000   0.073810798350
  6.430000000000   0.073229884764
  6.440000000000   0.072650304981
  6.450000000000   0.072071703414
  6.460000000000   0.071493936249
  6.470000000000   0.070917130251
  6.480000000000   0.070341691212
  6.490000000000   0.069768257332
  6.500000000000   0.069197614635
  6.510000000000   0.068630602075
  6.520000000000   0.068068030263
  6.530000000000   0.067510625748
  6.540000000000   0.066959002569
  6.550000000000   0.066413659011
  6.560000000000   0.065874995510
  6.570000000000   0.065343343654
  6.580000000000   0.064818988616
  6.590000000000   0.064302168035
  6.600000000000   0.063793044513
  6.610000000000   0.063291668414
  6.620000000000   0.062797957021
  6.630000000000   0.062311707813
  6.640000000000   0.061832644221
  6.650000000000   0.061360473108
  6.660000000000   0.060894922317
  6.670000000000   0.060435730766
  6.680000000000   0.059982587802
  6.690000000000   0.059535054312
  6.700000000000   0.059092517948
  6.710000000000   0.058654216732
  6.720000000000   0.058219320946
  6.730000000000   0.057787030183
  6.740000000000   0.057356643854
  6.750000000000   0.056927588517
  6.760000000000   0.056499410260
  6.770000000000   0.056071753340
  6.780000000000   0.055644347787
  6.790000000000   0.055217020622
  6.800000000000   0.054789730608
  6.810000000000   0.054362612180
  6.820000000000   0.053936007519
  6.830000000000   0.053510468251
  6.840000000000   0.053086717044
  6.850000000000   0.052665571102
  6.860000000000   0.052247841011
  6.870000000000   0.051834224715
  6.880000000000   0.051425214965
  6.890000000000   0.051021032088
  6.900000000000   0.050621589113
  6.910000000000   0.050226496966
  6.920000000000   0.049835119924
  6.930000000000   0.049446685723
  6.940000000000   0.049060435828
  6.950000000000   0.048675779077
  6.960000000000   0.048292403825
  6.970000000000   0.047910318496
  6.980000000000   0.047529819802
  6.990000000000   0.047151413870
  7.000000000000   0.046775724217
  7.010000000000   0.046403410969
  7.020000000000   0.046035108512
  7.030000000000   0.045671376535
  7.040000000000   0.045312658624
  7.050000000000   0.044959249264
  7.060000000000   0.044611274728
  7.070000000000   0.044268689594
  7.080000000000   0.043931282834
  7.090000000000   0.043598686317
  7.100000000000   0.043270387799
  7.110000000000   0.042945760272
  7.120000000000   0.042624117660
  7.130000000000   0.042304794158
  7.140000000000   0.041987232002
  7.150000000000   0.041671057809
  7.160000000000   0.041356130176
  7.170000000000   0.041042547747
  7.180000000000   0.040730615715
  7.190000000000   0.040420778054
  7.200000000000   0.040113531802
  7.210000000000   0.039809345923
  7.220000000000   0.039508606049
  7.230000000000   0.039211594322
  7.240000000000   0.038918496861
  7.250000000000   0.038629421215
  7.260000000000   0.038344408338
  7.270000000000   0.038063434463
  7.280000000000   0.037786410132
  7.290000000000   0.037513188988
  7.300000000000   0.037243593004
  7.310000000000   0.036977446486
  7.320000000000   0.036714601080
  7.330000000000   0.036454939338
  7.340000000000   0.036198361597
  7.350000000000   0.035944773294
  7.360000000000   0.035694085214
  7.370000000000   0.035446223508
  7.380000000000   0.035201135280
  7.390000000000   0.034958777935
  7.400000000000   0.034719093014
  7.410000000000   0.034481978294
  7.420000000000   0.034247275705
  7.430000000000   0.034014782754
  7.440000000000   0.033784278397
  7.450000000000   0.033555545020
  7.460000000000   0.033328374228
  7.470000000000   0.033102559328
  7.480000000000   0.032877888203
  7.490000000000   0.032654149570
  7.500000000000   0.032431157379
  7.510000000000   0.032208789812
  7.520000000000   0.031987033564
  7.530000000000   0.031766019578
  7.540000000000   0.031546033571
  7.550000000000   0.031327487143
  7.560000000000   0.031110845988
  7.570000000000   0.030896529025
  7.580000000000   0.030684807376
  7.590000000000   0.030475734178
  7.600000000000   0.030269122701
  7.610000000000   0.030064570304
  7.620000000000   0.029861512244
  7.630000000000   0.029659288234
  7.640000000000   0.029457212806
  7.650000000000   0.029254650165
  7.660000000000   0.029051096814
  7.670000000000   0.028846267059
  7.680000000000   0.028640162673
  7.690000000000   0.028433100730
  7.700000000000   0.028225681641
  7.710000000000   0.028018698689
  7.720000000000   0.027813008011
  7.730000000000   0.027609386397
  7.740000000000   0.027408406611
  7.750000000000   0.027210360506
  7.760000000000   0.027015255080
  7.770000000000   0.026822887452
  7.780000000000   0.026632973243
  7.790000000000   0.026445276420
  7.800000000000   0.026259687738
  7.810000000000   0.026076227011
  7.820000000000   0.025894983529
  7.830000000000   0.025716034406
  7.840000000000   0.025539380952
  7.850000000000   0.025364924528
  7.860000000000   0.025192480837
  7.870000000000   0.025021817277
  7.880000000000   0.024852695757
  7.890000000000   0.024684910053
  7.900000000000   0.024518316006
  7.910000000000   0.024352858117
  7.920000000000   0.024188593568
  7.930000000000   0.024025706003
  7.940000000000   0.023864494133
  7.950000000000   0.023705323663
  7.960000000000   0.023548546824
  7.970000000000   0.023394412733
  7.980000000000   0.023243000073
  7.990000000000   0.023094194712
  8.000000000000   0.022947715251
