 -4.000000000000   0.003083072101
 -3.990000000000   0.003185944577
 -3.980000000000   0.003288098478
 -3.970000000000   0.003388106574
 -3.960000000000   0.003484836376
 -3.950000000000   0.003577510042
 -3.940000000000   0.003665695843
 -3.930000000000   0.003749253533
 -3.920000000000   0.003828261115
 -3.910000000000   0.003902945000
 -3.900000000000   0.003973625406
 -3.890000000000   0.004040678622
 -3.880000000000   0.004104511114
 -3.870000000000   0.004165539186
 -3.860000000000   0.004224171033
 -3.850000000000   0.004280791983
 -3.840000000000   0.004335755490
 -3.830000000000   0.004389381203
 -3.820000000000   0.004441958322
 -3.810000000000   0.004493749919
 -3.800000000000   0.004544994025
 -3.790000000000   0.004595900073
 -3.780000000000   0.004646642608
 -3.770000000000   0.004697355699
 -3.760000000000   0.004748130575
 -3.750000000000   0.004799017087
 -3.740000000000   0.004850028372
 -3.730000000000   0.004901148073
 -3.720000000000   0.004952340039
 -3.710000000000   0.005003560680
 -3.700000000000   0.005054773545
 -3.690000000000   0.005105963940
 -3.680000000000   0.005157149594
 -3.670000000000   0.005208383497
 -3.660000000000   0.005259747873
 -3.650000000000   0.005311341726
 -3.640000000000   0.005363265756
 -3.630000000000   0.005415607186
 -3.620000000000   0.005468425494
 -3.610000000000   0.005521740254
 -3.600000000000   0.005575524154
 -3.590000000000   0.005629705687
 -3.580000000000   0.005684184727
 -3.570000000000   0.005738859417
 -3.560000000000   0.005793656644
 -3.550000000000   0.005848555273
 -3.540000000000   0.005903594136
 -3.530000000000   0.005958864074
 -3.520000000000   0.006014490007
 -3.510000000000   0.006070611411
 -3.500000000000   0.006127367377
 -3.490000000000   0.006184888380
 -3.480000000000   0.006243293360
 -3.470000000000   0.006302689021
 -3.460000000000   0.006363168971
 -3.450000000000   0.006424812569
 -3.440000000000   0.006487684829
 -3.430000000000   0.006551837377
 -3.420000000000   0.006617307686
 -3.410000000000   0.006684113031
 -3.400000000000   0.006752238919
 -3.390000000000   0.006821627224
 -3.380000000000   0.006892172310
 -3.370000000000   0.006963731129
 -3.360000000000   0.007036146451
 -3.350000000000   0.007109275949
 -3.340000000000   0.007183018067
 -3.330000000000   0.007257328562
 -3.320000000000   0.007332225694
 -3.310000000000   0.007407783723
 -3.300000000000   0.007484114700
 -3.290000000000   0.007561341172
 -3.280000000000   0.007639567824
 -3.270000000000   0.007718863484
 -3.260000000000   0.007799261393
 -3.250000000000   0.007880776481
 -3.240000000000   0.007963429727
 -3.230000000000   0.008047266712
 -3.220000000000   0.008132360986
 -3.210000000000   0.008218800851
 -3.200000000000   0.008306667250
 -3.190000000000   0.008396016114
 -3.180000000000   0.008486876305
 -3.170000000000   0.008579264393
 -3.160000000000   0.008673206354
 -3.150000000000   0.008768752223
 -3.140000000000   0.008865975072
 -3.130000000000   0.008964955225
 -3.120000000000   0.009065757401
 -3.110000000000   0.009168409857
 -3.100000000000   0.009272892342
 -3.090000000000   0.009379136183
 -3.080000000000   0.009487036855
 -3.070000000000   0.009596477026
 -3.060000000000   0.009707355583
 -3.050000000000   0.009819615093
 -3.040000000000   0.009933258558
 -3.030000000000   0.010048348843
 -3.020000000000   0.010164990955
 -3.010000000000   0.010283304939
 -3.000000000000   0.010403401175
 -2.990000000000   0.010525368084
 -2.980000000000   0.010649275433
 -2.970000000000   0.010775188175
 -2.960000000000   0.010903180537
 -2.950000000000   0.011033341091
 -2.940000000000   0.011165766046
 -2.930000000000   0.011300545337
 -2.920000000000   0.011437749240
 -2.910000000000   0.011577420912
 -2.900000000000   0.011719575054
 -2.890000000000   0.011864199555
 -2.880000000000   0.012011258293
 -2.870000000000   0.012160697532
 -2.860000000000   0.012312460211
 -2.850000000000   0.012466508405
 -2.840000000000   0.012622847038
 -2.830000000000   0.012781538195
 -2.820000000000   0.012942698675
 -2.810000000000   0.013106481577
 -2.800000000000   0.013273050081
 -2.790000000000   0.013442553908
 -2.780000000000   0.013615116052
 -2.770000000000   0.013790831486
 -2.760000000000   0.013969773697
 -2.750000000000   0.014152002307
 -2.740000000000   0.014337567178
 -2.730000000000   0.014526508511
 -2.720000000000   0.014718853810
 -2.710000000000   0.014914610948
 -2.700000000000   0.015113756583
 -2.690000000000   0.015316223203
 -2.680000000000   0.015521891656
 -2.670000000000   0.015730594275
 -2.660000000000   0.015942127929
 -2.650000000000   0.016156272590
 -2.640000000000   0.016372812033
 -2.630000000000   0.016591555783
 -2.620000000000   0.016812361355
 -2.610000000000   0.017035153610
 -2.600000000000   0.017259938143
 -2.590000000000   0.017486809156
 -2.580000000000   0.017715954373
 -2.570000000000   0.017947654917
 -2.560000000000   0.018182269933
 -2.550000000000   0.018420194888
 -2.540000000000   0.018661795250
 -2.530000000000   0.018907335710
 -2.520000000000   0.019156933815
 -2.510000000000   0.019410557751
 -2.500000000000   0.019668067232
 -2.490000000000   0.019929277205
 -2.480000000000   0.020194016429
 -2.470000000000   0.020462159089
 -2.460000000000   0.020733623316
 -2.450000000000   0.021008347920
 -2.440000000000   0.021286269469
 -2.430000000000   0.021567319954
 -2.420000000000   0.021851451049
 -2.410000000000   0.022138672318
 -2.400000000000   0.022429080032
 -2.390000000000   0.022722858756
 -2.380000000000   0.023020255017
 -2.370000000000   0.023321537427
 -2.360000000000   0.023626960071
 -2.350000000000   0.023936737638
 -2.340000000000   0.024251031079
 -2.330000000000   0.024569937933
 -2.320000000000   0.024893482063
 -2.310000000000   0.025221600492
 -2.300000000000   0.025554127975
 -2.290000000000   0.025890782689
 -2.280000000000   0.026231159440
 -2.270000000000   0.026574738508
 -2.260000000000   0.026920914743
 -2.250000000000   0.027269041881
 -2.240000000000   0.027618477496
 -2.230000000000   0.027968612735
 -2.220000000000   0.028318880937
 -2.210000000000   0.028668753977
 -2.200000000000   0.029017743120
 -2.190000000000   0.029365414159
 -2.180000000000   0.029711409244
 -2.170000000000   0.030055456090
 -2.160000000000   0.030397351189
 -2.150000000000   0.030736923101
 -2.140000000000   0.031073997718
 -2.130000000000   0.031408386663
 -2.120000000000   0.031739904611
 -2.110000000000   0.032068403999
 -2.100000000000   0.032393806944
 -2.090000000000   0.032716116472
 -2.080000000000   0.033035398856
 -2.070000000000   0.033351741334
 -2.060000000000   0.033665199144
 -2.050000000000   0.033975747217
 -2.040000000000   0.034283244130
 -2.030000000000   0.034587405812
 -2.020000000000   0.034887783687
 -2.010000000000   0.035183750553
 -2.000000000000   0.035474510705
 -1.990000000000   0.035759153301
 -1.980000000000   0.036036749599
 -1.970000000000   0.036306463993
 -1.960000000000   0.036567629847
 -1.950000000000   0.036819753075
 -1.940000000000   0.037062443979
 -1.930000000000   0.037295316550
 -1.920000000000   0.037517910220
 -1.910000000000   0.037729675117
 -1.900000000000   0.037930028481
 -1.890000000000   0.038118455372
 -1.880000000000   0.038294608511
 -1.870000000000   0.038458367764
 -1.860000000000   0.038609842236
 -1.850000000000   0.038749321276
 -1.840000000000   0.038877194417
 -1.830000000000   0.038993864600
 -1.820000000000   0.039099676253
 -1.810000000000   0.039194870723
 -1.800000000000   0.039279569531
 -1.790000000000   0.039353776512
 -1.780000000000   0.039417385532
 -1.770000000000   0.039470182028
 -1.760000000000   0.039511837237
 -1.750000000000   0.039541911067
 -1.740000000000   0.039559888734
 -1.730000000000   0.039565263211
 -1.720000000000   0.039557644548
 -1.710000000000   0.039536851285
 -1.700000000000   0.039502940241
 -1.690000000000   0.039456161055
 -1.680000000000   0.039396861834
 -1.670000000000   0.039325395694
 -1.660000000000   0.039242069827
 -1.650000000000   0.039147147160
 -1.640000000000   0.039040879837
 -1.630000000000   0.038923543255
 -1.620000000000   0.038795450569
 -1.610000000000   0.038656946653
 -1.600000000000   0.038508393372
 -1.590000000000   0.038350160025
 -1.580000000000   0.038182627601
 -1.570000000000   0.038006209011
 -1.560000000000   0.037821383241
 -1.550000000000   0.037628737263
 -1.540000000000   0.037429002255
 -1.530000000000   0.037223063378
 -1.520000000000   0.037011924291
 -1.510000000000   0.036796623648
 -1.500000000000   0.036578124911
 -1.490000000000   0.036357219149
 -1.480000000000   0.036134480281
 -1.470000000000   0.035910290420
 -1.460000000000   0.035684920959
 -1.450000000000   0.035458631665
 -1.440000000000   0.035231748168
 -1.430000000000   0.035004696033
 -1.420000000000   0.034777993881
 -1.410000000000   0.034552225379
 -1.400000000000   0.034328014471
 -1.390000000000   0.034106020386
 -1.380000000000   0.033886952634
 -1.370000000000   0.033671588690
 -1.360000000000   0.033460768716
 -1.350000000000   0.033255349594
 -1.340000000000   0.033056121842
 -1.330000000000   0.032863715094
 -1.320000000000   0.032678526620
 -1.310000000000   0.032500698510
 -1.300000000000   0.032330150071
 -1.290000000000   0.032166654089
 -1.280000000000   0.032009934959
 -1.270000000000   0.031859764514
 -1.260000000000   0.031716037310
 -1.250000000000   0.031578817640
 -1.240000000000   0.031448359278
 -1.230000000000   0.031325102018
 -1.220000000000   0.031209649210
 -1.210000000000   0.031102730505
 -1.200000000000   0.031005153912
 -1.190000000000   0.030917751277
 -1.180000000000   0.030841323739
 -1.170000000000   0.030776598741
 -1.160000000000   0.030724212495
 -1.150000000000   0.030684725854
 -1.140000000000   0.030658668394
 -1.130000000000   0.030646593345
 -1.120000000000   0.030649122322
 -1.110000000000   0.030666963889
 -1.100000000000   0.030700899377
 -1.090000000000   0.030751740610
 -1.080000000000   0.030820275839
 -1.070000000000   0.030907226868
 -1.060000000000   0.031013235072
 -1.050000000000   0.031138877319
 -1.040000000000   0.031284696569
 -1.030000000000   0.031451228673
 -1.020000000000   0.031639017314
 -1.010000000000   0.031848621646
 -1.000000000000   0.032080625105
 -0.990000000000   0.032335649361
 -0.980000000000   0.032614371759
 -0.970000000000   0.032917543272
 -0.960000000000   0.033246005544
 -0.950000000000   0.033600706566
 -0.940000000000   0.033982714302
 -0.930000000000   0.034393228037
 -0.920000000000   0.034833587836
 -0.910000000000   0.035305281101
 -0.900000000000   0.035809943107
 -0.890000000000   0.036349350706
 -0.880000000000   0.036925415685
 -0.870000000000   0.037540189121
 -0.860000000000   0.038195882751
 -0.850000000000   0.038894900728
 -0.840000000000   0.039639866647
 -0.830000000000   0.040433634761
 -0.820000000000   0.041279287536
 -0.810000000000   0.042180132297
 -0.800000000000   0.043139708629
 -0.790000000000   0.044161808129
 -0.780000000000   0.045250500159
 -0.770000000000   0.046410157929
 -0.760000000000   0.047645483351
 -0.750000000000   0.048961529522
 -0.740000000000   0.050363718585
 -0.730000000000   0.051857857193
 -0.720000000000   0.053450159279
 -0.710000000000   0.055147285129
 -0.700000000000   0.056956391838
 -0.690000000000   0.058885172355
 -0.680000000000   0.060941853469
 -0.670000000000   0.063135135244
 -0.660000000000   0.065474080462
 -0.650000000000   0.067967986322
 -0.640000000000   0.070626275405
 -0.630000000000   0.073458424731
 -0.620000000000   0.076473920779
 -0.610000000000   0.079682199378
 -0.600000000000   0.083092512718
 -0.590000000000   0.086713666472
 -0.580000000000   0.090553588558
 -0.570000000000   0.094618722055
 -0.560000000000   0.098913267894
 -0.550000000000   0.103438326386
 -0.540000000000   0.108190991787
 -0.530000000000   0.113163439207
 -0.520000000000   0.118342017826
 -0.510000000000   0.123706346195
 -0.500000000000   0.129228409825
 -0.490000000000   0.134871693842
 -0.480000000000   0.140590437621
 -0.470000000000   0.146329156339
 -0.460000000000   0.152022614229
 -0.450000000000   0.157596443698
 -0.440000000000   0.162968585958
 -0.430000000000   0.168051683133
 -0.420000000000   0.172756467037
 -0.410000000000   0.176996056639
 -0.400000000000   0.180690909241
 -0.390000000000   0.183774010264
 -0.380000000000   0.186195782105
 -0.370000000000   0.187928174619
 -0.360000000000   0.188967464304
 -0.350000000000   0.189335412622
 -0.340000000000   0.189078606379
 -0.330000000000   0.188266028993
 -0.320000000000   0.186985165741
 -0.310000000000   0.185337151430
 -0.300000000000   0.183431549437
 -0.290000000000   0.181381302392
 -0.280000000000   0.179298279721
 -0.270000000000   0.177289723570
 -0.260000000000   0.175455769544
 -0.250000000000   0.173888072940
 -0.240000000000   0.172669411441
 -0.230000000000   0.171874013687
 -0.220000000000   0.171568336933
 -0.210000000000   0.171812087691
 -0.200000000000   0.172659379113
 -0.190000000000   0.174159967601
 -0.180000000000   0.176360486024
 -0.170000000000   0.179305531438
 -0.160000000000   0.183038413726
 -0.150000000000   0.187601338778
 -0.140000000000   0.193034785682
 -0.130000000000   0.199375850996
 -0.120000000000   0.206655369393
 -0.110000000000   0.214893643438
 -0.100000000000   0.224094593373
 -0.090000000000   0.234238097894
 -0.080000000000   0.245270342806
 -0.070000000000   0.257092269197
 -0.060000000000   0.269546841696
 -0.050000000000   0.282406898265
 -0.040000000000   0.295366720157
 -0.030000000000   0.308041853981
 -0.020000000000   0.319982438640
 -0.010000000000   0.330704309548
  0.000000000000   0.339738539996
  0.010000000000   0.346693898917
  0.020000000000   0.351319840747
  0.030000000000   0.353553584013
  0.040000000000   0.353536843508
  0.050000000000   0.351596313642
  0.060000000000   0.348193558471
  0.070000000000   0.343858952606
  0.080000000000   0.339126763368
  0.090000000000   0.334484413286
  0.100000000000   0.330341700702
  0.110000000000   0.327019091710
  0.120000000000   0.324750283382
  0.130000000000   0.323693200254
  0.140000000000   0.323944410836
  0.150000000000   0.325553509642
  0.160000000000   0.328535554054
  0.170000000000   0.332880825525
  0.180000000000   0.338561909789
  0.190000000000   0.345538414913
  0.200000000000   0.353759710755
  0.210000000000   0.363166050894
  0.220000000000   0.373688443058
  0.230000000000   0.385247665228
  0.240000000000   0.397752815351
  0.250000000000   0.411099711527
  0.260000000000   0.425169380466
  0.270000000000   0.439826838196
  0.280000000000   0.454920364812
  0.290000000000   0.470281451065
  0.300000000000   0.485725526273
  0.310000000000   0.501053504577
  0.320000000000   0.516054181079
  0.330000000000   0.530507598765
  0.340000000000   0.544189609347
  0.350000000000   0.556877810637
  0.360000000000   0.568358785018
  0.370000000000   0.578436196596
  0.380000000000   0.586939018696
  0.390000000000   0.593729045607
  0.400000000000   0.598706851293
  0.410000000000   0.601815460837
  0.420000000000   0.603041251501
  0.430000000000   0.602412039717
  0.440000000000   0.599992823743
  0.450000000000   0.595879998936
  0.460000000000   0.590194884429
  0.470000000000   0.583077174830
  0.480000000000   0.574678684639
  0.490000000000   0.565157623694
  0.500000000000   0.554673578260
  0.510000000000   0.543383275586
  0.520000000000   0.531437095830
  0.530000000000   0.518976263998
  0.540000000000   0.506130735797
  0.550000000000   0.493017887968
  0.560000000000   0.479742109792
  0.570000000000   0.466395241570
  0.580000000000   0.453057613045
  0.590000000000   0.439799325894
  0.600000000000   0.426681452706
  0.610000000000   0.413756952825
  0.620000000000   0.401071263010
  0.630000000000   0.388662650377
  0.640000000000   0.376562473166
  0.650000000000   0.364795468886
  0.660000000000   0.353380119833
  0.670000000000   0.342329097315
  0.680000000000   0.331649786570
  0.690000000000   0.321344920796
  0.700000000000   0.311413361709
  0.710000000000   0.301851026749
  0.720000000000   0.292651885557
  0.730000000000   0.283808873385
  0.740000000000   0.275314548054
  0.750000000000   0.267161371670
  0.760000000000   0.259341612166
  0.770000000000   0.251846991777
  0.780000000000   0.244668302892
  0.790000000000   0.237795211258
  0.800000000000   0.231216362226
  0.810000000000   0.224919756309
  0.820000000000   0.218893249275
  0.830000000000   0.213125003249
  0.840000000000   0.207603760706
  0.850000000000   0.202318903411
  0.860000000000   0.197260358052
  0.870000000000   0.192418474702
  0.880000000000   0.187783994131
  0.890000000000   0.183348135658
  0.900000000000   0.179102731240
  0.910000000000   0.175040278201
  0.920000000000   0.171153825667
  0.930000000000   0.167436722173
  0.940000000000   0.163882352225
  0.950000000000   0.160484002422
  0.960000000000   0.157234914262
  0.970000000000   0.154128463830
  0.980000000000   0.151158342034
  0.990000000000   0.148318635104
  1.000000000000   0.145603795387
  1.010000000000   0.143008575323
  1.020000000000   0.140528014896
  1.030000000000   0.138157519458
  1.040000000000   0.135892982850
  1.050000000000   0.133730858704
  1.060000000000   0.131668098695
  1.070000000000   0.129701951417
  1.080000000000   0.127829696508
  1.090000000000   0.126048419378
  1.100000000000   0.124354898335
  1.110000000000   0.122745614283
  1.120000000000   0.121216849951
  1.130000000000   0.119764836729
  1.140000000000   0.118385915150
  1.150000000000   0.117076677126
  1.160000000000   0.115834052184
  1.170000000000   0.114655304450
  1.180000000000   0.113537937413
  1.190000000000   0.112479549550
  1.200000000000   0.111477714431
  1.210000000000   0.110529950539
  1.220000000000   0.109633803936
  1.230000000000   0.108787015956
  1.240000000000   0.107987708904
  1.250000000000   0.107234504669
  1.260000000000   0.106526503557
  1.270000000000   0.105863101504
  1.280000000000   0.105243700213
  1.290000000000   0.104667425168
  1.300000000000   0.104132968793
  1.310000000000   0.103638614692
  1.320000000000   0.103182413576
  1.330000000000   0.102762425845
  1.340000000000   0.102376946426
  1.350000000000   0.102024666626
  1.360000000000   0.101704766396
  1.370000000000   0.101416944859
  1.380000000000   0.101161392299
  1.390000000000   0.100938700072
  1.400000000000   0.100749705419
  1.410000000000   0.100595275434
  1.420000000000   0.100476048141
  1.430000000000   0.100392173207
  1.440000000000   0.100343124344
  1.450000000000   0.100327663602
  1.460000000000   0.100343996815
  1.470000000000   0.100390076748
  1.480000000000   0.100463936586
  1.490000000000   0.100563925782
  1.500000000000   0.100688781411
  1.510000000000   0.100837555494
  1.520000000000   0.101009473967
  1.530000000000   0.101203802670
  1.540000000000   0.101419761506
  1.550000000000   0.101656496152
  1.560000000000   0.101913101588
  1.570000000000   0.102188680671
  1.580000000000   0.102482405079
  1.590000000000   0.102793538779
  1.600000000000   0.103121402929
  1.610000000000   0.103465298983
  1.620000000000   0.103824436350
  1.630000000000   0.104197910572
  1.640000000000   0.104584749400
  1.650000000000   0.104984007688
  1.660000000000   0.105394869073
  1.670000000000   0.105816713914
  1.680000000000   0.106249136539
  1.690000000000   0.106691925591
  1.700000000000   0.107145037346
  1.710000000000   0.107608579751
  1.720000000000   0.108082794517
  1.730000000000   0.108568005205
  1.740000000000   0.109064514013
  1.750000000000   0.109572470751
  1.760000000000   0.110091769803
  1.770000000000   0.110622026468
  1.780000000000   0.111162645325
  1.790000000000   0.111712948484
  1.800000000000   0.112272309145
  1.810000000000   0.112840245029
  1.820000000000   0.113416456153
  1.830000000000   0.114000822260
  1.840000000000   0.114593388697
  1.850000000000   0.115194358429
  1.860000000000   0.115804083942
  1.870000000000   0.116423038001
  1.880000000000   0.117051748637
  1.890000000000   0.117690702565
  1.900000000000   0.118340233744
  1.910000000000   0.119000410664
  1.920000000000   0.119670926385
  1.930000000000   0.120350996565
  1.940000000000   0.121039288636
  1.950000000000   0.121733924064
  1.960000000000   0.122432591351
  1.970000000000   0.123132771753
  1.980000000000   0.123832028550
  1.990000000000   0.124528274734
  2.000000000000   0.125219939356
  2.010000000000   0.125906002354
  2.020000000000   0.126585933490
  2.030000000000   0.127259608315
  2.040000000000   0.127927253808
  2.050000000000   0.128589413157
  2.060000000000   0.129246867045
  2.070000000000   0.129900458156
  2.080000000000   0.130550834428
  2.090000000000   0.131198197700
  2.100000000000   0.131842158097
  2.110000000000   0.132481745326
  2.120000000000   0.133115562048
  2.130000000000   0.133742026455
  2.140000000000   0.134359646075
  2.150000000000   0.134967270826
  2.160000000000   0.135564276309
  2.170000000000   0.136150634126
  2.180000000000   0.136726844853
  2.190000000000   0.137293741166
  2.200000000000   0.137852205867
  2.210000000000   0.138402882958
  2.220000000000   0.138945975955
  2.230000000000   0.139481207339
  2.240000000000   0.140007947152
  2.250000000000   0.140525432851
  2.260000000000   0.141032954360
  2.270000000000   0.141529907620
  2.280000000000   0.142015705949
  2.290000000000   0.142489620172
  2.300000000000   0.142950649332
  2.310000000000   0.143397495711
  2.320000000000   0.143828654154
  2.330000000000   0.144242563979
  2.340000000000   0.144637741970
  2.350000000000   0.145012824584
  2.360000000000   0.145366489575
  2.370000000000   0.145697288746
  2.380000000000   0.146003482939
  2.390000000000   0.146282995624
  2.400000000000   0.146533567974
  2.410000000000   0.146753111165
  2.420000000000   0.146940152015
  2.430000000000   0.147094211445
  2.440000000000   0.147215975381
  2.450000000000   0.147307201227
  2.460000000000   0.147370399354
  2.470000000000   0.147408391206
  2.480000000000   0.147423862914
  2.490000000000   0.147419021445
  2.500000000000   0.147395429371
  2.510000000000   0.147354038755
  2.520000000000   0.147295370241
  2.530000000000   0.147219726275
  2.540000000000   0.147127329046
  2.550000000000   0.147018336378
  2.560000000000   0.146892767640
  2.570000000000   0.146750417987
  2.580000000000   0.146590837852
  2.590000000000   0.146413417933
  2.600000000000   0.146217568188
  2.610000000000   0.146002935629
  2.620000000000   0.145769592253
  2.630000000000   0.145518143642
  2.640000000000   0.145249737209
  2.650000000000   0.144965964065
  2.660000000000   0.144668654650
  2.670000000000   0.144359585721
  2.680000000000   0.144040148714
  2.690000000000   0.143711057654
  2.700000000000   0.143372178754
  2.710000000000   0.143022536313
  2.720000000000   0.142660494935
  2.730000000000   0.142284055490
  2.740000000000   0.141891164459
  2.750000000000   0.141479948454
  2.760000000000   0.141048839493
  2.770000000000   0.140596614610
  2.780000000000   0.140122401743
  2.790000000000   0.139625697051
  2.800000000000   0.139106412571
  2.810000000000   0.138564944640
  2.820000000000   0.138002232100
  2.830000000000   0.137419762068
  2.840000000000   0.136819482287
  2.850000000000   0.136203596637
  2.860000000000   0.135574257111
  2.870000000000   0.134933214471
  2.880000000000   0.134281530582
  2.890000000000   0.133619458657
  2.900000000000   0.132946546622
  2.910000000000   0.132261931081
  2.920000000000   0.131564712491
  2.930000000000   0.130854279930
  2.940000000000   0.130130495811
  2.950000000000   0.129393730216
  2.960000000000   0.128644804209
  2.970000000000   0.127884919300
  2.980000000000   0.127115608476
  2.990000000000   0.126338682953
  3.000000000000   0.125556122826
  3.010000000000   0.124769886307
  3.020000000000   0.123981663379
  3.030000000000   0.123192640704
  3.040000000000   0.122403358609
  3.050000000000   0.121613720130
  3.060000000000   0.120823155967
  3.070000000000   0.120030881693
  3.080000000000   0.119236148207
  3.090000000000   0.118438407588
  3.100000000000   0.117637372963
  3.110000000000   0.116832998678
  3.120000000000   0.116025421960
  3.130000000000   0.115214898049
  3.140000000000   0.114401747252
  3.150000000000   0.113586322054
  3.160000000000   0.112768991035
  3.170000000000   0.111950124496
  3.180000000000   0.111130068252
  3.190000000000   0.110309115516
  3.200000000000   0.109487511870
  3.210000000000   0.108665519516
  3.220000000000   0.107843518206
  3.230000000000   0.107022072961
  3.240000000000   0.106201902531
  3.250000000000   0.105383741953
  3.260000000000   0.104568160687
  3.270000000000   0.103755423614
  3.280000000000   0.102945455111
  3.290000000000   0.102137913796
  3.300000000000   0.101332341139
  3.310000000000   0.100528329075
  3.320000000000   0.099725659132
  3.330000000000   0.098924385169
  3.340000000000   0.098124850255
  3.350000000000   0.097327641289
  3.360000000000   0.096533494947
  3.370000000000   0.095743176675
  3.380000000000   0.094957360076
  3.390000000000   0.094176536230
  3.400000000000   0.093400977726
  3.410000000000   0.092630767253
  3.420000000000   0.091865878925
  3.430000000000   0.091106281184
  3.440000000000   0.090352021905
  3.450000000000   0.089603262848
  3.460000000000   0.088860249813
  3.470000000000   0.088123229375
  3.480000000000   0.087392345062
  3.490000000000   0.086667558139
  3.500000000000   0.085948633204
  3.510000000000   0.085235202825
  3.520000000000   0.084526887238
  3.530000000000   0.083823413625
  3.540000000000   0.083124673454
  3.550000000000   0.082430684629
  3.560000000000   0.081741478622
  3.570000000000   0.081056981985
  3.580000000000   0.080376973582
  3.590000000000   0.079701160832
  3.600000000000   0.079029349912
  3.610000000000   0.078361626788
  3.620000000000   0.077698454320
  3.630000000000   0.077040632808
  3.640000000000   0.076389139593
  3.650000000000   0.075744915441
  3.660000000000   0.075108674064
  3.670000000000   0.074480782469
  3.680000000000   0.073861222836
  3.690000000000   0.073249625005
  3.700000000000   0.072645351427
  3.710000000000   0.072047610060
  3.720000000000   0.071455562880
  3.730000000000   0.070868401852
  3.740000000000   0.070285387542
  3.750000000000   0.069705872220
  3.760000000000   0.069129333783
  3.770000000000   0.068555423265
  3.780000000000   0.067983998374
  3.790000000000   0.067415107045
  3.800000000000   0.066848909228
  3.810000000000   0.066285565501
  3.820000000000   0.065725146182
  3.830000000000   0.065167604392
  3.840000000000   0.064612819972
  3.850000000000   0.064060685369
  3.860000000000   0.063511189183
  3.870000000000   0.062964459864
  3.880000000000   0.062420754017
  3.890000000000   0.061880401859
  3.900000000000   0.061343744723
  3.910000000000   0.060811103417
  3.920000000000   0.060282796308
  3.930000000000   0.059759192076
  3.940000000000   0.059240756986
  3.950000000000   0.058728060963
  3.960000000000   0.058221738635
  3.970000000000   0.057722434831
  3.980000000000   0.057230771202
  3.990000000000   0.056747347173
  4.000000000000   0.056272753949
  4.010000000000   0.055807560898
  4.020000000000   0.055352243014
  4.030000000000   0.054907050971
  4.040000000000   0.054471864061
  4.050000000000   0.054046089816
  4.060000000000   0.053628665570
  4.070000000000   0.053218176603
  4.080000000000   0.052813056536
  4.090000000000   0.052411807276
  4.100000000000   0.052013178162
  4.110000000000   0.051616266681
  4.120000000000   0.051220532851
  4.130000000000   0.050825747486
  4.140000000000   0.050431913700
  4.150000000000   0.050039202963
  4.160000000000   0.049647927989
  4.170000000000   0.049258543141
  4.180000000000   0.048871639272
  4.190000000000   0.048487901932
  4.200000000000   0.048108028207
  4.210000000000   0.047732626689
  4.220000000000   0.047362134363
  4.230000000000   0.046996769270
  4.240000000000   0.046636515274
  4.250000000000   0.046281125230
  4.260000000000   0.045930136589
  4.270000000000   0.045582906618
  4.280000000000   0.045238676361
  4.290000000000   0.044896659125
  4.300000000000   0.044556132796
  4.310000000000   0.044216513349
  4.320000000000   0.043877402921
  4.330000000000   0.043538622530
  4.340000000000   0.043200237603
  4.350000000000   0.042862565411
  4.360000000000   0.042526139738
  4.370000000000   0.042191618846
  4.380000000000   0.041859653859
  4.390000000000   0.041530763164
  4.400000000000   0.041205263652
  4.410000000000   0.040883287961
  4.420000000000   0.040564879712
  4.430000000000   0.040250123596
  4.440000000000   0.039939251530
  4.450000000000   0.039632679280
  4.460000000000   0.039330962988
  4.470000000000   0.039034700312
  4.480000000000   0.038744417220
  4.490000000000   0.038460475665
  4.500000000000   0.038183019626
  4.510000000000   0.037911958836
  4.520000000000   0.037646978506
  4.530000000000   0.037387563426
  4.540000000000   0.037133035128
  4.550000000000   0.036882611138
  4.560000000000   0.036635492290
  4.570000000000   0.036390965823
  4.580000000000   0.036148493578
  4.590000000000   0.035907753463
  4.600000000000   0.035668621342
  4.610000000000   0.035431107133
  4.620000000000   0.035195276705
  4.630000000000   0.034961191302
  4.640000000000   0.034728880694
  4.650000000000   0.034498345737
  4.660000000000   0.034269571847
  4.670000000000   0.034042534039
  4.680000000000   0.033817186924
  4.690000000000   0.033593451188
  4.700000000000   0.033371217094
  4.710000000000   0.033150376459
  4.720000000000   0.032930874218
  4.730000000000   0.032712755347
  4.740000000000   0.032496181668
  4.750000000000   0.032281404209
  4.760000000000   0.032068694481
  4.770000000000   0.031858256568
  4.780000000000   0.031650153729
  4.790000000000   0.031444280144
  4.800000000000   0.031240388978
  4.810000000000   0.031038162104
  4.820000000000   0.030837291519
  4.830000000000   0.030637546474
  4.840000000000   0.030438816006
  4.850000000000   0.030241128353
  4.860000000000   0.030044649129
  4.870000000000   0.029849654532
  4.880000000000   0.029656475690
  4.890000000000   0.029465422346
  4.900000000000   0.029276712652
  4.910000000000   0.029090442564
  4.920000000000   0.028906609589
  4.930000000000   0.028725170542
  4.940000000000   0.028546090448
  4.950000000000   0.028369349338
  4.960000000000   0.028194906759
  4.970000000000   0.028022653732
  4.980000000000   0.027852389512
  4.990000000000   0.027683844879
  5.000000000000   0.027516747370
  5.010000000000   0.027350902814
  5.020000000000   0.027186262642
  5.030000000000   0.027022957260
  5.040000000000   0.026861291692
  5.050000000000   0.026701709406
  5.060000000000   0.026544730353
  5.070000000000   0.026390865760
  5.080000000000   0.026240514376
  5.090000000000   0.026093856495
  5.100000000000   0.025950776366
  5.110000000000   0.025810846724
  5.120000000000   0.025673391957
  5.130000000000   0.025537614875
  5.140000000000   0.025402745134
  5.150000000000   0.025268162167
  5.160000000000   0.025133463424
  5.170000000000   0.024998474626
  5.180000000000   0.024863215087
  5.190000000000   0.024727833392
  5.200000000000   0.024592526253
  5.210000000000   0.024457454672
  5.220000000000   0.024322675892
  5.230000000000   0.024188110640
  5.240000000000   0.024053559657
  5.250000000000   0.023918770703
  5.260000000000   0.023783538537
  5.270000000000   0.023647802194
  5.280000000000   0.023511698623
  5.290000000000   0.023375547609
  5.300000000000   0.023239773916
  5.310000000000   0.023104800743
  5.320000000000   0.022970957060
  5.330000000000   0.022838427442
  5.340000000000   0.022707249731
  5.350000000000   0.022577349528
  5.360000000000   0.022448596921
  5.370000000000   0.022320872702
  5.380000000000   0.022194130234
  5.390000000000   0.022068435820
  5.400000000000   0.021943972948
  5.410000000000   0.021821008723
  5.420000000000   0.021699837986
  5.430000000000   0.021580729811
  5.440000000000   0.021463895085
  5.450000000000   0.021349476983
  5.460000000000   0.021237550436
  5.470000000000   0.021128113437
  5.480000000000   0.021021064150
  5.490000000000   0.020916173671
  5.500000000000   0.020813072753
  5.510000000000   0.020711267966
  5.520000000000   0.020610193610
  5.530000000000   0.020509293895
  5.540000000000   0.020408116476
  5.550000000000   0.020306389243
  5.560000000000   0.020204056502
  5.570000000000   0.020101268910
  5.580000000000   0.019998340035
  5.590000000000   0.019895688055
  5.600000000000   0.019793774523
  5.610000000000   0.019693045202
  5.620000000000   0.019593878274
  5.630000000000   0.019496549277
  5.640000000000   0.019401221957
  5.650000000000   0.019307966610
  5.660000000000   0.019216796906
  5.670000000000   0.019127709630
  5.680000000000   0.019040712625
  5.690000000000   0.018955832317
  5.700000000000   0.018873099605
  5.710000000000   0.018792519607
  5.720000000000   0.018714035549
  5.730000000000   0.018637498808
  5.740000000000   0.018562655387
  5.750000000000   0.018489154960
  5.760000000000   0.018416583003
  5.770000000000   0.018344510637
  5.780000000000   0.018272551572
  5.790000000000   0.018200412260
  5.800000000000   0.018127921455
  5.810000000000   0.018055030464
  5.820000000000   0.017981785504
  5.830000000000   0.017908285616
  5.840000000000   0.017834646918
  5.850000000000   0.017760990134
  5.860000000000   0.017687452650
  5.870000000000   0.017614207881
  5.880000000000   0.017541466998
  5.890000000000   0.017469448143
  5.900000000000   0.017398320088
  5.910000000000   0.017328145555
  5.920000000000   0.017258851221
  5.930000000000   0.017190236965
  5.940000000000   0.017122018451
  5.950000000000   0.017053886939
  5.960000000000   0.016985570069
  5.970000000000   0.016916881466
  5.980000000000   0.016847750529
  5.990000000000   0.016778226774
  6.000000000000   0.016708457230
  6.010000000000   0.016638641150
  6.020000000000   0.016568972584
  6.030000000000   0.016499586101
  6.040000000000   0.016430521658
  6.050000000000   0.016361719602
  6.060000000000   0.016293046861
  6.070000000000   0.016224345144
  6.080000000000   0.016155486612
  6.090000000000   0.016086422955
  6.100000000000   0.016017216258
  6.110000000000   0.015948041260
  6.120000000000   0.015879152033
  6.130000000000   0.015810817806
  6.140000000000   0.015743249999
  6.150000000000   0.015676552042
  6.160000000000   0.015610713932
  6.170000000000   0.015545649834
  6.180000000000   0.015481256508
  6.190000000000   0.015417465407
  6.200000000000   0.015354270389
  6.210000000000   0.015291726570
  6.220000000000   0.015229926664
  6.230000000000   0.015168967146
  6.240000000000   0.015108917201
  6.250000000000   0.015049798676
  6.260000000000   0.014991578093
  6.270000000000   0.014934167333
  6.280000000000   0.014877430873
  6.290000000000   0.014821201923
  6.300000000000   0.014765310596
  6.310000000000   0.014709620450
  6.320000000000   0.014654060368
  6.330000000000   0.014598636959
  6.340000000000   0.014543421933
  6.350000000000   0.014488522017
  6.360000000000   0.014434045980
  6.370000000000   0.014380081301
  6.380000000000   0.014326686163
  6.390000000000   0.014273895933
  6.400000000000   0.014221739576
  6.410000000000   0.014170259685
  6.420000000000   0.014119528823
  6.430000000000   0.014069654908
  6.440000000000   0.014020771184
  6.450000000000   0.013973011667
  6.460000000000   0.013926478568
  6.470000000000   0.013881211313
  6.480000000000   0.013837165959
  6.490000000000   0.013794209615
  6.500000000000   0.013752129266
  6.510000000000   0.013710651169
  6.520000000000   0.013669466656
  6.530000000000   0.013628261690
  6.540000000000   0.013586748660
  6.550000000000   0.013544698241
  6.560000000000   0.013501965979
  6.570000000000   0.013458505217
  6.580000000000   0.013414359051
  6.590000000000   0.013369630649
  6.600000000000   0.013324440056
  6.610000000000   0.013278881433
  6.620000000000   0.013232995148
  6.630000000000   0.013186764233
  6.640000000000   0.013140136032
  6.650000000000   0.013093059838
  6.660000000000   0.013045524276
  6.670000000000   0.012997578510
  6.680000000000   0.012949329915
  6.690000000000   0.012900923172
  6.700000000000   0.012852514427
  6.710000000000   0.012804253805
  6.720000000000   0.012756281281
  6.730000000000   0.012708731901
  6.740000000000   0.012661743622
  6.750000000000   0.012615464272
  6.760000000000   0.012570056783
  6.770000000000   0.012525699526
  6.780000000000   0.012482574446
  6.790000000000   0.012440836359
  6.800000000000   0.012400565689
  6.810000000000   0.012361719643
  6.820000000000   0.012324104215
  6.830000000000   0.012287384938
  6.840000000000   0.012251138899
  6.850000000000   0.012214932614
  6.860000000000   0.012178399655
  6.870000000000   0.012141293868
  6.880000000000   0.012103505765
  6.890000000000   0.012065043969
  6.900000000000   0.012025994307
  6.910000000000   0.011986473976
  6.920000000000   0.011946596604
  6.930000000000   0.011906456356
  6.940000000000   0.011866128731
  6.950000000000   0.011825678457
  6.960000000000   0.011785165110
  6.970000000000   0.011744643200
  6.980000000000   0.011704159467
  6.990000000000   0.011663751285
  7.000000000000   0.011623446992
  7.010000000000   0.011583266105
  7.020000000000   0.011543218064
  7.030000000000   0.011503300864
  7.040000000000   0.011463501284
  7.050000000000   0.011423795565
  7.060000000000   0.011384147687
  7.070000000000   0.011344505222
  7.080000000000   0.011304796750
  7.090000000000   0.011264934615
  7.100000000000   0.011224822171
  7.110000000000   0.011184361058
  7.120000000000   0.011143455548
  7.130000000000   0.011102016215
  7.140000000000   0.011059969025
  7.150000000000   0.011017274876
  7.160000000000   0.010973958627
  7.170000000000   0.010930139104
  7.180000000000   0.010886046483
  7.190000000000   0.010842014003
  7.200000000000   0.010798437871
  7.210000000000   0.010755710231
  7.220000000000   0.010714141022
  7.230000000000   0.010673890524
  7.240000000000   0.010634932854
  7.250000000000   0.010597062505
  7.260000000000   0.010559943603
  7.270000000000   0.010523188324
  7.280000000000   0.010486441804
  7.290000000000   0.010449450873
  7.300000000000   0.010412103097
  7.310000000000   0.010374434262
  7.320000000000   0.010336609351
  7.330000000000   0.010298882836
  7.340000000000   0.010261543511
  7.350000000000   0.010224851890
  7.360000000000   0.010188983657
  7.370000000000   0.010153995144
  7.380000000000   0.010119820956
  7.390000000000   0.010086300757
  7.400000000000   0.010053219784
  7.410000000000   0.010020344798
  7.420000000000   0.009987445215
  7.430000000000   0.009954300662
  7.440000000000   0.009920701789
  7.450000000000   0.009886449667
  7.460000000000   0.009851356232
  7.470000000000   0.009815248684
  7.480000000000   0.009777981867
  7.490000000000   0.009739460097
  7.500000000000   0.009699664009
  7.510000000000   0.009658673465
  7.520000000000   0.009616676908
  7.530000000000   0.009573960447
  7.540000000000   0.009530875460
  7.550000000000   0.009487791027
  7.560000000000   0.009445043867
  7.570000000000   0.009402899027
  7.580000000000   0.009361527908
  7.590000000000   0.009321001136
  7.600000000000   0.009281289271
  7.610000000000   0.009242266433
  7.620000000000   0.009203716414
  7.630000000000   0.009165343256
  7.640000000000   0.009126788462
  7.650000000000   0.009087657032
  7.660000000000   0.009047553532
  7.670000000000   0.009006124932
  7.680000000000   0.008963099856
  7.690000000000   0.008918309825
  7.700000000000   0.008871682402
  7.710000000000   0.008823208081
  7.720000000000   0.008772894595
  7.730000000000   0.008720725338
  7.740000000000   0.008666631583
  7.750000000000   0.008610478564
  7.760000000000   0.008552061642
  7.770000000000   0.008491110416
  7.780000000000   0.008427299770
  7.790000000000   0.008360263967
  7.800000000000   0.008289606174
  7.810000000000   0.008214896242
  7.820000000000   0.008135654623
  7.830000000000   0.008051326791
  7.840000000000   0.007961256387
  7.850000000000   0.007864665527
  7.860000000000   0.007760649054
  7.870000000000   0.007648187143
  7.880000000000   0.007526176518
  7.890000000000   0.007393474349
  7.900000000000   0.007248944469
  7.910000000000   0.007091498136
  7.920000000000   0.006920131778
  7.930000000000   0.006733977104
  7.940000000000   0.006532388040
  7.950000000000   0.006315088367
  7.960000000000   0.006082387647
  7.970000000000   0.005835437910
  7.980000000000   0.005576457537
  7.990000000000   0.005308816087
  8.000000000000   0.005036886325
