 -4.000000000000   0.000563560269
 -3.990000000000   0.000565158344
 -3.980000000000   0.000566763466
 -3.970000000000   0.000568375677
 -3.960000000000   0.000569995021
 -3.950000000000   0.000571621540
 -3.940000000000   0.000573255280
 -3.930000000000   0.000574896284
 -3.920000000000   0.000576544596
 -3.910000000000   0.000578200261
 -3.900000000000   0.000579863325
 -3.890000000000   0.000581533832
 -3.880000000000   0.000583211829
 -3.870000000000   0.000584897362
 -3.860000000000   0.000586590478
 -3.850000000000   0.000588291223
 -3.840000000000   0.000589999645
 -3.830000000000   0.000591715791
 -3.820000000000   0.000593439710
 -3.810000000000   0.000595171450
 -3.800000000000   0.000596911060
 -3.790000000000   0.000598658590
 -3.780000000000   0.000600414088
 -3.770000000000   0.000602177605
 -3.760000000000   0.000603949192
 -3.750000000000   0.000605728899
 -3.740000000000   0.000607516777
 -3.730000000000   0.000609312879
 -3.720000000000   0.000611117256
 -3.710000000000   0.000612929961
 -3.700000000000   0.000614751047
 -3.690000000000   0.000616580567
 -3.680000000000   0.000618418576
 -3.670000000000   0.000620265127
 -3.660000000000   0.000622120275
 -3.650000000000   0.000623984075
 -3.640000000000   0.000625856584
 -3.630000000000   0.000627737856
 -3.620000000000   0.000629627949
 -3.610000000000   0.000631526920
 -3.600000000000   0.000633434827
 -3.590000000000   0.000635351726
 -3.580000000000   0.000637277677
 -3.570000000000   0.000639212739
 -3.560000000000   0.000641156970
 -3.550000000000   0.000643110432
 -3.540000000000   0.000645073184
 -3.530000000000   0.000647045288
 -3.520000000000   0.000649026805
 -3.510000000000   0.000651017797
 -3.500000000000   0.000653018326
 -3.490000000000   0.000655028456
 -3.480000000000   0.000657048250
 -3.470000000000   0.000659077772
 -3.460000000000   0.000661117087
 -3.450000000000   0.000663166261
 -3.440000000000   0.000665225358
 -3.430000000000   0.000667294446
 -3.420000000000   0.000669373591
 -3.410000000000   0.000671462862
 -3.400000000000   0.000673562325
 -3.390000000000   0.000675672050
 -3.380000000000   0.000677792105
 -3.370000000000   0.000679922562
 -3.360000000000   0.000682063490
 -3.350000000000   0.000684214960
 -3.340000000000   0.000686377045
 -3.330000000000   0.000688549816
 -3.320000000000   0.000690733347
 -3.310000000000   0.000692927711
 -3.300000000000   0.000695132983
 -3.290000000000   0.000697349237
 -3.280000000000   0.000699576549
 -3.270000000000   0.000701814995
 -3.260000000000   0.000704064653
 -3.250000000000   0.000706325600
 -3.240000000000   0.000708597915
 -3.230000000000   0.000710881675
 -3.220000000000   0.000713176962
 -3.210000000000   0.000715483856
 -3.200000000000   0.000717802437
 -3.190000000000   0.000720132788
 -3.180000000000   0.000722474991
 -3.170000000000   0.000724829131
 -3.160000000000   0.000727195290
 -3.150000000000   0.000729573555
 -3.140000000000   0.000731964010
 -3.130000000000   0.000734366742
 -3.120000000000   0.000736781839
 -3.110000000000   0.000739209388
 -3.100000000000   0.000741649479
 -3.090000000000   0.000744102201
 -3.080000000000   0.000746567645
 -3.070000000000   0.000749045903
 -3.060000000000   0.000751537065
 -3.050000000000   0.000754041226
 -3.040000000000   0.000756558480
 -3.030000000000   0.000759088921
 -3.020000000000   0.000761632644
 -3.010000000000   0.000764189748
 -3.000000000000   0.000766760329
 -2.990000000000   0.000769344485
 -2.980000000000   0.000771942317
 -2.970000000000   0.000774553924
 -2.960000000000   0.000777179407
 -2.950000000000   0.000779818869
 -2.940000000000   0.000782472414
 -2.930000000000   0.000785140145
 -2.920000000000   0.000787822167
 -2.910000000000   0.000790518587
 -2.900000000000   0.000793229511
 -2.890000000000   0.000795955049
 -2.880000000000   0.000798695309
 -2.870000000000   0.000801450402
 -2.860000000000   0.000804220439
 -2.850000000000   0.000807005533
 -2.840000000000   0.000809805797
 -2.830000000000   0.000812621347
 -2.820000000000   0.000815452296
 -2.810000000000   0.000818298764
 -2.800000000000   0.000821160868
 -2.790000000000   0.000824038726
 -2.780000000000   0.000826932461
 -2.770000000000   0.000829842192
 -2.760000000000   0.000832768044
 -2.750000000000   0.000835710139
 -2.740000000000   0.000838668605
 -2.730000000000   0.000841643566
 -2.720000000000   0.000844635151
 -2.710000000000   0.000847643489
 -2.700000000000   0.000850668711
 -2.690000000000   0.000853710947
 -2.680000000000   0.000856770332
 -2.670000000000   0.000859846999
 -2.660000000000   0.000862941084
 -2.650000000000   0.000866052725
 -2.640000000000   0.000869182059
 -2.630000000000   0.000872329228
 -2.620000000000   0.000875494372
 -2.610000000000   0.000878677634
 -2.600000000000   0.000881879158
 -2.590000000000   0.000885099091
 -2.580000000000   0.000888337579
 -2.570000000000   0.000891594772
 -2.560000000000   0.000894870819
 -2.550000000000   0.000898165873
 -2.540000000000   0.000901480088
 -2.530000000000   0.000904813617
 -2.520000000000   0.000908166619
 -2.510000000000   0.000911539252
 -2.500000000000   0.000914931675
 -2.490000000000   0.000918344051
 -2.480000000000   0.000921776543
 -2.470000000000   0.000925229316
 -2.460000000000   0.000928702537
 -2.450000000000   0.000932196375
 -2.440000000000   0.000935711001
 -2.430000000000   0.000939246588
 -2.420000000000   0.000942803308
 -2.410000000000   0.000946381339
 -2.400000000000   0.000949980859
 -2.390000000000   0.000953602047
 -2.380000000000   0.000957245086
 -2.370000000000   0.000960910160
 -2.360000000000   0.000964597454
 -2.350000000000   0.000968307156
 -2.340000000000   0.000972039458
 -2.330000000000   0.000975794550
 -2.320000000000   0.000979572627
 -2.310000000000   0.000983373885
 -2.300000000000   0.000987198524
 -2.290000000000   0.000991046743
 -2.280000000000   0.000994918747
 -2.270000000000   0.000998814739
 -2.260000000000   0.001002734929
 -2.250000000000   0.001006679526
 -2.240000000000   0.001010648742
 -2.230000000000   0.001014642793
 -2.220000000000   0.001018661894
 -2.210000000000   0.001022706267
 -2.200000000000   0.001026776133
 -2.190000000000   0.001030871717
 -2.180000000000   0.001034993245
 -2.170000000000   0.001039140949
 -2.160000000000   0.001043315061
 -2.150000000000   0.001047515816
 -2.140000000000   0.001051743451
 -2.130000000000   0.001055998208
 -2.120000000000   0.001060280331
 -2.110000000000   0.001064590065
 -2.100000000000   0.001068927660
 -2.090000000000   0.001073293368
 -2.080000000000   0.001077687445
 -2.070000000000   0.001082110148
 -2.060000000000   0.001086561739
 -2.050000000000   0.001091042482
 -2.040000000000   0.001095552646
 -2.030000000000   0.001100092499
 -2.020000000000   0.001104662318
 -2.010000000000   0.001109262378
 -2.000000000000   0.001113892961
 -1.990000000000   0.001118554351
 -1.980000000000   0.001123246835
 -1.970000000000   0.001127970704
 -1.960000000000   0.001132726253
 -1.950000000000   0.001137513780
 -1.940000000000   0.001142333586
 -1.930000000000   0.001147185978
 -1.920000000000   0.001152071264
 -1.910000000000   0.001156989758
 -1.900000000000   0.001161941777
 -1.890000000000   0.001166927642
 -1.880000000000   0.001171947678
 -1.870000000000   0.001177002214
 -1.860000000000   0.001182091584
 -1.850000000000   0.001187216124
 -1.840000000000   0.001192376177
 -1.830000000000   0.001197572088
 -1.820000000000   0.001202804209
 -1.810000000000   0.001208072894
 -1.800000000000   0.001213378502
 -1.790000000000   0.001218721399
 -1.780000000000   0.001224101952
 -1.770000000000   0.001229520536
 -1.760000000000   0.001234977529
 -1.750000000000   0.001240473315
 -1.740000000000   0.001246008281
 -1.730000000000   0.001251582822
 -1.720000000000   0.001257197336
 -1.710000000000   0.001262852228
 -1.700000000000   0.001268547906
 -1.690000000000   0.001274284786
 -1.680000000000   0.001280063288
 -1.670000000000   0.001285883838
 -1.660000000000   0.001291746867
 -1.650000000000   0.001297652814
 -1.640000000000   0.001303602121
 -1.630000000000   0.001309595239
 -1.620000000000   0.001315632622
 -1.610000000000   0.001321714734
 -1.600000000000   0.001327842041
 -1.590000000000   0.001334015018
 -1.580000000000   0.001340234147
 -1.570000000000   0.001346499916
 -1.560000000000   0.001352812818
 -1.550000000000   0.001359173357
 -1.540000000000   0.001365582040
 -1.530000000000   0.001372039383
 -1.520000000000   0.001378545909
 -1.510000000000   0.001385102148
 -1.500000000000   0.001391708639
 -1.490000000000   0.001398365927
 -1.480000000000   0.001405074566
 -1.470000000000   0.001411835117
 -1.460000000000   0.001418648149
 -1.450000000000   0.001425514241
 -1.440000000000   0.001432433979
 -1.430000000000   0.001439407957
 -1.420000000000   0.001446436779
 -1.410000000000   0.001453521057
 -1.400000000000   0.001460661414
 -1.390000000000   0.001467858478
 -1.380000000000   0.001475112891
 -1.370000000000   0.001482425303
 -1.360000000000   0.001489796372
 -1.350000000000   0.001497226768
 -1.340000000000   0.001504717170
 -1.330000000000   0.001512268269
 -1.320000000000   0.001519880764
 -1.310000000000   0.001527555368
 -1.300000000000   0.001535292801
 -1.290000000000   0.001543093797
 -1.280000000000   0.001550959101
 -1.270000000000   0.001558889469
 -1.260000000000   0.001566885669
 -1.250000000000   0.001574948481
 -1.240000000000   0.001583078699
 -1.230000000000   0.001591277126
 -1.220000000000   0.001599544582
 -1.210000000000   0.001607881898
 -1.200000000000   0.001616289917
 -1.190000000000   0.001624769499
 -1.180000000000   0.001633321515
 -1.170000000000   0.001641946852
 -1.160000000000   0.001650646412
 -1.150000000000   0.001659421109
 -1.140000000000   0.001668271876
 -1.130000000000   0.001677199659
 -1.120000000000   0.001686205421
 -1.110000000000   0.001695290140
 -1.100000000000   0.001704454813
 -1.090000000000   0.001713700451
 -1.080000000000   0.001723028085
 -1.070000000000   0.001732438762
 -1.060000000000   0.001741933547
 -1.050000000000   0.001751513527
 -1.040000000000   0.001761179803
 -1.030000000000   0.001770933499
 -1.020000000000   0.001780775758
 -1.010000000000   0.001790707743
 -1.000000000000   0.001800730638
 -0.990000000000   0.001810845650
 -0.980000000000   0.001821054006
 -0.970000000000   0.001831356955
 -0.960000000000   0.001841755773
 -0.950000000000   0.001852251755
 -0.940000000000   0.001862846224
 -0.930000000000   0.001873540525
 -0.920000000000   0.001884336031
 -0.910000000000   0.001895234141
 -0.900000000000   0.001906236279
 -0.890000000000   0.001917343898
 -0.880000000000   0.001928558482
 -0.870000000000   0.001939881540
 -0.860000000000   0.001951314614
 -0.850000000000   0.001962859278
 -0.840000000000   0.001974517134
 -0.830000000000   0.001986289822
 -0.820000000000   0.001998179012
 -0.810000000000   0.002010186411
 -0.800000000000   0.002022313763
 -0.790000000000   0.002034562847
 -0.780000000000   0.002046935483
 -0.770000000000   0.002059433529
 -0.760000000000   0.002072058885
 -0.750000000000   0.002084813494
 -0.740000000000   0.002097699344
 -0.730000000000   0.002110718468
 -0.720000000000   0.002123872945
 -0.710000000000   0.002137164906
 -0.700000000000   0.002150596533
 -0.690000000000   0.002164170060
 -0.680000000000   0.002177887779
 -0.670000000000   0.002191752036
 -0.660000000000   0.002205765242
 -0.650000000000   0.002219929869
 -0.640000000000   0.002234248455
 -0.630000000000   0.002248723608
 -0.620000000000   0.002263358009
 -0.610000000000   0.002278154415
 -0.600000000000   0.002293115662
 -0.590000000000   0.002308244674
 -0.580000000000   0.002323544460
 -0.570000000000   0.002339018128
 -0.560000000000   0.002354668883
 -0.550000000000   0.002370500037
 -0.540000000000   0.002386515017
 -0.530000000000   0.002402717367
 -0.520000000000   0.002419110762
 -0.510000000000   0.002435699015
 -0.500000000000   0.002452486086
 -0.490000000000   0.002469476094
 -0.480000000000   0.002486673332
 -0.470000000000   0.002504082276
 -0.460000000000   0.002521707604
 -0.450000000000   0.002539554216
 -0.440000000000   0.002557627247
 -0.430000000000   0.002575932096
 -0.420000000000   0.002594474450
 -0.410000000000   0.002613260312
 -0.400000000000   0.002632296033
 -0.390000000000   0.002651588352
 -0.380000000000   0.002671144441
 -0.370000000000   0.002690971950
 -0.360000000000   0.002711079068
 -0.350000000000   0.002731474587
 -0.340000000000   0.002752167983
 -0.330000000000   0.002773169497
 -0.320000000000   0.002794490247
 -0.310000000000   0.002816142341
 -0.300000000000   0.002838139022
 -0.290000000000   0.002860494830
 -0.280000000000   0.002883225789
 -0.270000000000   0.002906349637
 -0.260000000000   0.002929886080
 -0.250000000000   0.002953857099
 -0.240000000000   0.002978287295
 -0.230000000000   0.003003204301
 -0.220000000000   0.003028639239
 -0.210000000000   0.003054627244
 -0.200000000000   0.003081208036
 -0.190000000000   0.003108426537
 -0.180000000000   0.003136333489
 -0.170000000000   0.003164986020
 -0.160000000000   0.003194448047
 -0.150000000000   0.003224790331
 -0.140000000000   0.003256089902
 -0.130000000000   0.003288428393
 -0.120000000000   0.003321888597
 -0.110000000000   0.003356548294
 -0.100000000000   0.003392470022
 -0.090000000000   0.003429685288
 -0.080000000000   0.003468171738
 -0.070000000000   0.003507822785
 -0.060000000000   0.003548411639
 -0.050000000000   0.003589556421
 -0.040000000000   0.003630699972
 -0.030000000000   0.003671124403
 -0.020000000000   0.003710020469
 -0.010000000000   0.003746617476
  0.000000000000   0.003780349297
  0.010000000000   0.003811000182
  0.020000000000   0.003838767164
  0.030000000000   0.003864209031
  0.040000000000   0.003888106544
  0.050000000000   0.003911295523
  0.060000000000   0.003934531441
  0.070000000000   0.003958413620
  0.080000000000   0.003983365828
  0.090000000000   0.004009653897
  0.100000000000   0.004037419884
  0.110000000000   0.004066718386
  0.120000000000   0.004097547695
  0.130000000000   0.004129873462
  0.140000000000   0.004163645215
  0.150000000000   0.004198807144
  0.160000000000   0.004235304685
  0.170000000000   0.004273088245
  0.180000000000   0.004312115064
  0.190000000000   0.004352349941
  0.200000000000   0.004393765281
  0.210000000000   0.004436340787
  0.220000000000   0.004480062957
  0.230000000000   0.004524924520
  0.240000000000   0.004570923862
  0.250000000000   0.004618064487
  0.260000000000   0.004666354545
  0.270000000000   0.004715806423
  0.280000000000   0.004766436421
  0.290000000000   0.004818264493
  0.300000000000   0.004871314063
  0.310000000000   0.004925611901
  0.320000000000   0.004981188057
  0.330000000000   0.005038075843
  0.340000000000   0.005096311865
  0.350000000000   0.005155936110
  0.360000000000   0.005216992044
  0.370000000000   0.005279526717
  0.380000000000   0.005343590803
  0.390000000000   0.005409238568
  0.400000000000   0.005476527801
  0.410000000000   0.005545519761
  0.420000000000   0.005616279232
  0.430000000000   0.005688874723
  0.440000000000   0.005763378798
  0.450000000000   0.005839868460
  0.460000000000   0.005918425491
  0.470000000000   0.005999136691
  0.480000000000   0.006082094066
  0.490000000000   0.006167395095
  0.500000000000   0.006255143221
  0.510000000000   0.006345448645
  0.520000000000   0.006438429363
  0.530000000000   0.006534212320
  0.540000000000   0.006632934559
  0.550000000000   0.006734744273
  0.560000000000   0.006839801736
  0.570000000000   0.006948280058
  0.580000000000   0.007060365703
  0.590000000000   0.007176258714
  0.600000000000   0.007296172672
  0.610000000000   0.007420334586
  0.620000000000   0.007548984957
  0.630000000000   0.007682378154
  0.640000000000   0.007820782934
  0.650000000000   0.007964482681
  0.660000000000   0.008113774977
  0.670000000000   0.008268970440
  0.680000000000   0.008430391292
  0.690000000000   0.008598370244
  0.700000000000   0.008773249831
  0.710000000000   0.008955381459
  0.720000000000   0.009145122964
  0.730000000000   0.009342834018
  0.740000000000   0.009548870087
  0.750000000000   0.009763577153
  0.760000000000   0.009987289850
  0.770000000000   0.010220334537
  0.780000000000   0.010463036603
  0.790000000000   0.010715729579
  0.800000000000   0.010978763557
  0.810000000000   0.011252511595
  0.820000000000   0.011537373567
  0.830000000000   0.011833776780
  0.840000000000   0.012142172942
  0.850000000000   0.012463032688
  0.860000000000   0.012796840717
  0.870000000000   0.013144094452
  0.880000000000   0.013505306520
  0.890000000000   0.013881008502
  0.900000000000   0.014271752620
  0.910000000000   0.014678110456
  0.920000000000   0.015100671583
  0.930000000000   0.015540047052
  0.940000000000   0.015996880619
  0.950000000000   0.016471865315
  0.960000000000   0.016965757975
  0.970000000000   0.017479383148
  0.980000000000   0.018013621478
  0.990000000000   0.018569384372
  1.000000000000   0.019147583723
  1.010000000000   0.019749109538
  1.020000000000   0.020374826196
  1.030000000000   0.021025589113
  1.040000000000   0.021702272862
  1.050000000000   0.022405797574
  1.060000000000   0.023137146327
  1.070000000000   0.023897376497
  1.080000000000   0.024687632882
  1.090000000000   0.025509165953
  1.100000000000   0.026363349896
  1.110000000000   0.027251690222
  1.120000000000   0.028175812866
  1.130000000000   0.029137432770
  1.140000000000   0.030138305079
  1.150000000000   0.031180164392
  1.160000000000   0.032264658608
  1.170000000000   0.033393286923
  1.180000000000   0.034567356817
  1.190000000000   0.035787977774
  1.200000000000   0.037056102658
  1.210000000000   0.038372607882
  1.220000000000   0.039738379752
  1.230000000000   0.041154364900
  1.240000000000   0.042621558870
  1.250000000000   0.044140939912
  1.260000000000   0.045713382183
  1.270000000000   0.047339587804
  1.280000000000   0.049020062591
  1.290000000000   0.050755138838
  1.300000000000   0.052545031046
  1.310000000000   0.054389901690
  1.320000000000   0.056289915713
  1.330000000000   0.058245272526
  1.340000000000   0.060256216009
  1.350000000000   0.062323027826
  1.360000000000   0.064446006908
  1.370000000000   0.066625436551
  1.380000000000   0.068861547243
  1.390000000000   0.071154493942
  1.400000000000   0.073504369512
  1.410000000000   0.075911261823
  1.420000000000   0.078375332155
  1.430000000000   0.080896863653
  1.440000000000   0.083476225421
  1.450000000000   0.086113731872
  1.460000000000   0.088809431035
  1.470000000000   0.091562894635
  1.480000000000   0.094373081255
  1.490000000000   0.097238303513
  1.500000000000   0.100156278775
  1.510000000000   0.103124214280
  1.520000000000   0.106138885379
  1.530000000000   0.109196692783
  1.540000000000   0.112293704318
  1.550000000000   0.115425689853
  1.560000000000   0.118588156691
  1.570000000000   0.121776396560
  1.580000000000   0.124985558648
  1.590000000000   0.128210757623
  1.600000000000   0.131447215068
  1.610000000000   0.134690424023
  1.620000000000   0.137936314618
  1.630000000000   0.141181376476
  1.640000000000   0.144422673925
  1.650000000000   0.147657705612
  1.660000000000   0.150884124060
  1.670000000000   0.154099408417
  1.680000000000   0.157300619080
  1.690000000000   0.160484330538
  1.700000000000   0.163646761034
  1.710000000000   0.166784039106
  1.720000000000   0.169892500761
  1.730000000000   0.172968905329
  1.740000000000   0.176010485344
  1.750000000000   0.179014798643
  1.760000000000   0.181979422600
  1.770000000000   0.184901600856
  1.780000000000   0.187777984754
  1.790000000000   0.190604575493
  1.800000000000   0.193376881214
  1.810000000000   0.196090212078
  1.820000000000   0.198740002937
  1.830000000000   0.201322083997
  1.840000000000   0.203832867270
  1.850000000000   0.206269435733
  1.860000000000   0.208629520573
  1.870000000000   0.210911367017
  1.880000000000   0.213113526577
  1.890000000000   0.215234642187
  1.900000000000   0.217273291903
  1.910000000000   0.219227933961
  1.920000000000   0.221096962858
  1.930000000000   0.222878847745
  1.940000000000   0.224572295515
  1.950000000000   0.226176384584
  1.960000000000   0.227690653908
  1.970000000000   0.229115172475
  1.980000000000   0.230450619986
  1.990000000000   0.231698378557
  2.000000000000   0.232860602606
  2.010000000000   0.233940225362
  2.020000000000   0.234940865676
  2.030000000000   0.235866603700
  2.040000000000   0.236721617338
  2.050000000000   0.237509736059
  2.060000000000   0.238234043069
  2.070000000000   0.238896667635
  2.080000000000   0.239498825846
  2.090000000000   0.240041051807
  2.100000000000   0.240523508440
  2.110000000000   0.240946304931
  2.120000000000   0.241309809396
  2.130000000000   0.241614952026
  2.140000000000   0.241863461494
  2.150000000000   0.242057931628
  2.160000000000   0.242201640961
  2.170000000000   0.242298148393
  2.180000000000   0.242350802402
  2.190000000000   0.242362349759
  2.200000000000   0.242334774439
  2.210000000000   0.242269370111
  2.220000000000   0.242166934288
  2.230000000000   0.242027946419
  2.240000000000   0.241852662875
  2.250000000000   0.241641156803
  2.260000000000   0.241393369038
  2.270000000000   0.241109202676
  2.280000000000   0.240788635841
  2.290000000000   0.240431795489
  2.300000000000   0.240038948239
  2.310000000000   0.239610413590
  2.320000000000   0.239146463782
  2.330000000000   0.238647304494
  2.340000000000   0.238113202039
  2.350000000000   0.237544745821
  2.360000000000   0.236943155121
  2.370000000000   0.236310500546
  2.380000000000   0.235649729177
  2.390000000000   0.234964450885
  2.400000000000   0.234258536430
  2.410000000000   0.233535653389
  2.420000000000   0.232798883522
  2.430000000000   0.232050520168
  2.440000000000   0.231292069431
  2.450000000000   0.230524408987
  2.460000000000   0.229748011905
  2.470000000000   0.228963135406
  2.480000000000   0.228169920301
  2.490000000000   0.227368430078
  2.500000000000   0.226558721736
  2.510000000000   0.225741025855
  2.520000000000   0.224916024433
  2.530000000000   0.224085121770
  2.540000000000   0.223250576805
  2.550000000000   0.222415414766
  2.560000000000   0.221583119478
  2.570000000000   0.220757181285
  2.580000000000   0.219940617156
  2.590000000000   0.219135578265
  2.600000000000   0.218343115521
  2.610000000000   0.217563108813
  2.620000000000   0.216794321632
  2.630000000000   0.216034540689
  2.640000000000   0.215280783394
  2.650000000000   0.214529572115
  2.660000000000   0.213777268923
  2.670000000000   0.213020446782
  2.680000000000   0.212256256772
  2.690000000000   0.211482743180
  2.700000000000   0.210699059374
  2.710000000000   0.209905544897
  2.720000000000   0.209103641597
  2.730000000000   0.208295658129
  2.740000000000   0.207484425669
  2.750000000000   0.206672901990
  2.760000000000   0.205863776759
  2.770000000000   0.205059131609
  2.780000000000   0.204260223198
  2.790000000000   0.203467458699
  2.800000000000   0.202680586541
  2.810000000000   0.201899037975
  2.820000000000   0.201122284231
  2.830000000000   0.200350075085
  2.840000000000   0.199582499105
  2.850000000000   0.198819903253
  2.860000000000   0.198062774219
  2.870000000000   0.197311686020
  2.880000000000   0.196567359954
  2.890000000000   0.195830795995
  2.900000000000   0.195103374930
  2.910000000000   0.194386840207
  2.920000000000   0.193683135552
  2.930000000000   0.192994144140
  2.940000000000   0.192321404114
  2.950000000000   0.191665863944
  2.960000000000   0.191027715163
  2.970000000000   0.190406322872
  2.980000000000   0.189800276658
  2.990000000000   0.189207595104
  3.000000000000   0.188626100452
  3.010000000000   0.188053909328
  3.020000000000   0.187489891353
  3.030000000000   0.186933912329
  3.040000000000   0.186386759641
  3.050000000000   0.185849801629
  3.060000000000   0.185324542440
  3.070000000000   0.184812224209
  3.080000000000   0.184313540743
  3.090000000000   0.183828457701
  3.100000000000   0.183356127645
  3.110000000000   0.182894912623
  3.120000000000   0.182442535200
  3.130000000000   0.181996360734
  3.140000000000   0.181553788355
  3.150000000000   0.181112706484
  3.160000000000   0.180671943942
  3.170000000000   0.180231618556
  3.180000000000   0.179793272978
  3.190000000000   0.179359717223
  3.200000000000   0.178934570579
  3.210000000000   0.178521588232
  3.220000000000   0.178123939515
  3.230000000000   0.177743645420
  3.240000000000   0.177381351776
  3.250000000000   0.177036499209
  3.260000000000   0.176707794471
  3.270000000000   0.176393777343
  3.280000000000   0.176093275978
  3.290000000000   0.175805632619
  3.300000000000   0.175530684248
  3.310000000000   0.175268544560
  3.320000000000   0.175019266590
  3.330000000000   0.174782501140
  3.340000000000   0.174557289233
  3.350000000000   0.174342088351
  3.360000000000   0.174135028350
  3.370000000000   0.173934287964
  3.380000000000   0.173738443270
  3.390000000000   0.173546673519
  3.400000000000   0.173358782236
  3.410000000000   0.173175065171
  3.420000000000   0.172996104653
  3.430000000000   0.172822575488
  3.440000000000   0.172655113866
  3.450000000000   0.172494254236
  3.460000000000   0.172340410539
  3.470000000000   0.172193878852
  3.480000000000   0.172054851617
  3.490000000000   0.171923433218
  3.500000000000   0.171799631926
  3.510000000000   0.171683306818
  3.520000000000   0.171574092867
  3.530000000000   0.171471380161
  3.540000000000   0.171374420859
  3.550000000000   0.171282561462
  3.560000000000   0.171195503272
  3.570000000000   0.171113455727
  3.580000000000   0.171037097046
  3.590000000000   0.170967361633
  3.600000000000   0.170905161782
  3.610000000000   0.170851162794
  3.620000000000   0.170805669923
  3.630000000000   0.170768614232
  3.640000000000   0.170739596053
  3.650000000000   0.170717957859
  3.660000000000   0.170702877977
  3.670000000000   0.170693478794
  3.680000000000   0.170688927967
  3.690000000000   0.170688495746
  3.700000000000   0.170691541751
  3.710000000000   0.170697449970
  3.720000000000   0.170705579242
  3.730000000000   0.170715297529
  3.740000000000   0.170726112362
  3.750000000000   0.170737843373
  3.760000000000   0.170750755835
  3.770000000000   0.170765591114
  3.780000000000   0.170783466465
  3.790000000000   0.170805660865
  3.800000000000   0.170833354275
  3.810000000000   0.170867423319
  3.820000000000   0.170908381613
  3.830000000000   0.170956482360
  3.840000000000   0.171011918323
  3.850000000000   0.171075016824
  3.860000000000   0.171146351892
  3.870000000000   0.171226746997
  3.880000000000   0.171317175698
  3.890000000000   0.171418576129
  3.900000000000   0.171531604726
  3.910000000000   0.171656383435
  3.920000000000   0.171792326768
  3.930000000000   0.171938134983
  3.940000000000   0.172091990900
  3.950000000000   0.172251917858
  3.960000000000   0.172416182098
  3.970000000000   0.172583590257
  3.980000000000   0.172753565725
  3.990000000000   0.172925984419
  4.000000000000   0.173100867307
  4.010000000000   0.173278093668
  4.020000000000   0.173457270978
  4.030000000000   0.173637793482
  4.040000000000   0.173819007590
  4.050000000000   0.174000345349
  4.060000000000   0.174181321298
  4.070000000000   0.174361393229
  4.080000000000   0.174539791486
  4.090000000000   0.174715448036
  4.100000000000   0.174887093992
  4.110000000000   0.175053502018
  4.120000000000   0.175213790709
  4.130000000000   0.175367692402
  4.140000000000   0.175515692858
  4.150000000000   0.175658975202
  4.160000000000   0.175799151792
  4.170000000000   0.175937841066
  4.180000000000   0.176076212836
  4.190000000000   0.176214652853
  4.200000000000   0.176352666860
  4.210000000000   0.176489060614
  4.220000000000   0.176622330131
  4.230000000000   0.176751125085
  4.240000000000   0.176874635940
  4.250000000000   0.176992793037
  4.260000000000   0.177106230125
  4.270000000000   0.177216040908
  4.280000000000   0.177323428346
  4.290000000000   0.177429383882
  4.300000000000   0.177534513743
  4.310000000000   0.177639057462
  4.320000000000   0.177743053669
  4.330000000000   0.177846542448
  4.340000000000   0.177949682963
  4.350000000000   0.178052714387
  4.360000000000   0.178155772289
  4.370000000000   0.178258650463
  4.380000000000   0.178360635022
  4.390000000000   0.178460518778
  4.400000000000   0.178556836711
  4.410000000000   0.178648275688
  4.420000000000   0.178734139059
  4.430000000000   0.178814712018
  4.440000000000   0.178891382714
  4.450000000000   0.178966429637
  4.460000000000   0.179042486775
  4.470000000000   0.179121819671
  4.480000000000   0.179205634539
  4.490000000000   0.179293647404
  4.500000000000   0.179384050453
  4.510000000000   0.179473871475
  4.520000000000   0.179559594383
  4.530000000000   0.179637840109
  4.540000000000   0.179705908861
  4.550000000000   0.179762048387
  4.560000000000   0.179805421054
  4.570000000000   0.179835863121
  4.580000000000   0.179853609444
  4.590000000000   0.179859143401
  4.600000000000   0.179853223590
  4.610000000000   0.179837007739
  4.620000000000   0.179812130681
  4.630000000000   0.179780625465
  4.640000000000   0.179744662028
  4.650000000000   0.179706161125
  4.660000000000   0.179666394756
  4.670000000000   0.179625699807
  4.680000000000   0.179583401738
  4.690000000000   0.179537971733
  4.700000000000   0.179487355515
  4.710000000000   0.179429365866
  4.720000000000   0.179362045682
  4.730000000000   0.179283951974
  4.740000000000   0.179194336468
  4.750000000000   0.179093197300
  4.760000000000   0.178981178836
  4.770000000000   0.178859327354
  4.780000000000   0.178728761347
  4.790000000000   0.178590357317
  4.800000000000   0.178444556094
  4.810000000000   0.178291348028
  4.820000000000   0.178130413156
  4.830000000000   0.177961319489
  4.840000000000   0.177783668508
  4.850000000000   0.177597134695
  4.860000000000   0.177401432569
  4.870000000000   0.177196292160
  4.880000000000   0.176981494981
  4.890000000000   0.176756945393
  4.900000000000   0.176522697788
  4.910000000000   0.176278879767
  4.920000000000   0.176025528125
  4.930000000000   0.175762418088
  4.940000000000   0.175488967843
  4.950000000000   0.175204256239
  4.960000000000   0.174907147931
  4.970000000000   0.174596495549
  4.980000000000   0.174271369908
  4.990000000000   0.173931253987
  5.000000000000   0.173576141654
  5.010000000000   0.173206517509
  5.020000000000   0.172823244539
  5.030000000000   0.172427424866
  5.040000000000   0.172020302643
  5.050000000000   0.171603240265
  5.060000000000   0.171177740050
  5.070000000000   0.170745443296
  5.080000000000   0.170308045704
  5.090000000000   0.169867117409
  5.100000000000   0.169423876153
  5.110000000000   0.168978999476
  5.120000000000   0.168532555871
  5.130000000000   0.168084083803
  5.140000000000   0.167632773204
  5.150000000000   0.167177650484
  5.160000000000   0.166717679256
  5.170000000000   0.166251767735
  5.180000000000   0.165778762210
  5.190000000000   0.165297524203
  5.200000000000   0.164807112429
  5.210000000000   0.164306983059
  5.220000000000   0.163797080734
  5.230000000000   0.163277758691
  5.240000000000   0.162749583039
  5.250000000000   0.162213141616
  5.260000000000   0.161668940141
  5.270000000000   0.161117374479
  5.280000000000   0.160558712934
  5.290000000000   0.159993053564
  5.300000000000   0.159420293776
  5.310000000000   0.158840176986
  5.320000000000   0.158252427470
  5.330000000000   0.157656900226
  5.340000000000   0.157053642161
  5.350000000000   0.156442817949
  5.360000000000   0.155824553452
  5.370000000000   0.155198808737
  5.380000000000   0.154565362960
  5.390000000000   0.153923904087
  5.400000000000   0.153274148596
  5.410000000000   0.152615923469
  5.420000000000   0.151949200843
  5.430000000000   0.151274117124
  5.440000000000   0.150590993643
  5.450000000000   0.149900328048
  5.460000000000   0.149202703270
  5.470000000000   0.148498600978
  5.480000000000   0.147788184379
  5.490000000000   0.147071164673
  5.500000000000   0.146346841282
  5.510000000000   0.145614323779
  5.520000000000   0.144872856015
  5.530000000000   0.144122115184
  5.540000000000   0.143362368720
  5.550000000000   0.142594434342
  5.560000000000   0.141819473645
  5.570000000000   0.141038714358
  5.580000000000   0.140253212022
  5.590000000000   0.139463734432
  5.600000000000   0.138670806396
  5.610000000000   0.137874900412
  5.620000000000   0.137076701332
  5.630000000000   0.136277327425
  5.640000000000   0.135478394025
  5.650000000000   0.134681876556
  5.660000000000   0.133889830775
  5.670000000000   0.133104091339
  5.680000000000   0.132326053834
  5.690000000000   0.131556573965
  5.700000000000   0.130795954797
  5.710000000000   0.130043980307
  5.720000000000   0.129299976634
  5.730000000000   0.128562900000
  5.740000000000   0.127831443327
  5.750000000000   0.127104139408
  5.760000000000   0.126379441600
  5.770000000000   0.125655784188
  5.780000000000   0.124931641282
  5.790000000000   0.124205599150
  5.800000000000   0.123476440675
  5.810000000000   0.122743231171
  5.820000000000   0.122005396927
  5.830000000000   0.121262788900
  5.840000000000   0.120515712991
  5.850000000000   0.119764894273
  5.860000000000   0.119011349853
  5.870000000000   0.118256183460
  5.880000000000   0.117500361623
  5.890000000000   0.116744550468
  5.900000000000   0.115989070340
  5.910000000000   0.115233976728
  5.920000000000   0.114479223557
  5.930000000000   0.113724829772
  5.940000000000   0.112970970578
  5.950000000000   0.112217953587
  5.960000000000   0.111466096095
  5.970000000000   0.110715560937
  5.980000000000   0.109966219977
  5.990000000000   0.109217602534
  6.000000000000   0.108468961598
  6.010000000000   0.107719455973
  6.020000000000   0.106968403905
  6.030000000000   0.106215528715
  6.040000000000   0.105461113334
  6.050000000000   0.104706016065
  6.060000000000   0.103951553292
  6.070000000000   0.103199292776
  6.080000000000   0.102450809243
  6.090000000000   0.101707447914
  6.100000000000   0.100970140436
  6.110000000000   0.100239314347
  6.120000000000   0.099514911725
  6.130000000000   0.098796490310
  6.140000000000   0.098083354173
  6.150000000000   0.097374672212
  6.160000000000   0.096669574878
  6.170000000000   0.095967239116
  6.180000000000   0.095266964481
  6.190000000000   0.094568225399
  6.200000000000   0.093870679660
  6.210000000000   0.093174130876
  6.220000000000   0.092478472624
  6.230000000000   0.091783662688
  6.240000000000   0.091089767027
  6.250000000000   0.090397071816
  6.260000000000   0.089706211629
  6.270000000000   0.089018238146
  6.280000000000   0.088334573386
  6.290000000000   0.087656840042
  6.300000000000   0.086986611019
  6.310000000000   0.086325150730
  6.320000000000   0.085673223540
  6.330000000000   0.085031019150
  6.340000000000   0.084398198941
  6.350000000000   0.083774021032
  6.360000000000   0.083157479308
  6.370000000000   0.082547406293
  6.380000000000   0.081942530591
  6.390000000000   0.081341516663
  6.400000000000   0.080743024086
  6.410000000000   0.080145805698
  6.420000000000   0.079548837585
  6.430000000000   0.078951454634
  6.440000000000   0.078353456926
  6.450000000000   0.077755151955
  6.460000000000   0.077157306317
  6.470000000000   0.076561001794
  6.480000000000   0.075967421996
  6.490000000000   0.075377624316
  6.500000000000   0.074792362601
  6.510000000000   0.074212010245
  6.520000000000   0.073636594472
  6.530000000000   0.073065907939
  6.540000000000   0.072499638447
  6.550000000000   0.071937465110
  6.560000000000   0.071379100381
  6.570000000000   0.070824289378
  6.580000000000   0.070272794933
  6.590000000000   0.069724395442
  6.600000000000   0.069178907953
  6.610000000000   0.068636230374
  6.620000000000   0.068096385472
  6.630000000000   0.067559551077
  6.640000000000   0.067026068501
  6.650000000000   0.066496424503
  6.660000000000   0.065971202142
  6.670000000000   0.065451001471
  6.680000000000   0.064936342628
  6.690000000000   0.064427571021
  6.700000000000   0.063924781080
  6.710000000000   0.063427767575
  6.720000000000   0.062936010309
  6.730000000000   0.062448699774
  6.740000000000   0.061964812719
  6.750000000000   0.061483240391
  6.760000000000   0.061002953783
  6.770000000000   0.060523164856
  6.780000000000   0.060043430215
  6.790000000000   0.059563663350
  6.800000000000   0.059084067112
  6.810000000000   0.058605037248
  6.820000000000   0.058127091517
  6.830000000000   0.057650846494
  6.840000000000   0.057177021451
  6.850000000000   0.056706426073
  6.860000000000   0.056239899947
  6.870000000000   0.055778205466
  6.880000000000   0.055321906526
  6.890000000000   0.054871275525
  6.900000000000   0.054426261966
  6.910000000000   0.053986537764
  6.920000000000   0.053551612183
  6.930000000000   0.053120983961
  6.940000000000   0.052694278362
  6.950000000000   0.052271319056
  6.960000000000   0.051852115743
  6.970000000000   0.051436790741
  6.980000000000   0.051025491344
  6.990000000000   0.050618326008
  7.000000000000   0.050215334767
  7.010000000000   0.049816482509
  7.020000000000   0.049421660642
  7.030000000000   0.049030694073
  7.040000000000   0.048643362965
  7.050000000000   0.048259448895
  7.060000000000   0.047878797860
  7.070000000000   0.047501369095
  7.080000000000   0.047127231933
  7.090000000000   0.046756496349
  7.100000000000   0.046389202647
  7.110000000000   0.046025221902
  7.120000000000   0.045664213548
  7.130000000000   0.045305658118
  7.140000000000   0.044948952779
  7.150000000000   0.044593538970
  7.160000000000   0.044239026618
  7.170000000000   0.043885284048
  7.180000000000   0.043532473814
  7.190000000000   0.043181029555
  7.200000000000   0.042831583490
  7.210000000000   0.042484864743
  7.220000000000   0.042141592457
  7.230000000000   0.041802383659
  7.240000000000   0.041467687001
  7.250000000000   0.041137746631
  7.260000000000   0.040812598705
  7.270000000000   0.040492101171
  7.280000000000   0.040175989421
  7.290000000000   0.039863939798
  7.300000000000   0.039555620771
  7.310000000000   0.039250721586
  7.320000000000   0.038948961854
  7.330000000000   0.038650091750
  7.340000000000   0.038353889084
  7.350000000000   0.038060152402
  7.360000000000   0.037768686514
  7.370000000000   0.037479282236
  7.380000000000   0.037191701651
  7.390000000000   0.036905684483
  7.400000000000   0.036620983868
  7.410000000000   0.036337423358
  7.420000000000   0.036054952110
  7.430000000000   0.035773673314
  7.440000000000   0.035493834255
  7.450000000000   0.035215785241
  7.460000000000   0.034939925437
  7.470000000000   0.034666651004
  7.480000000000   0.034396311157
  7.490000000000   0.034129171466
  7.500000000000   0.033865385924
  7.510000000000   0.033604985283
  7.520000000000   0.033347889965
  7.530000000000   0.033093946882
  7.540000000000   0.032842976200
  7.550000000000   0.032594807721
  7.560000000000   0.032349294795
  7.570000000000   0.032106310395
  7.580000000000   0.031865739621
  7.590000000000   0.031627476861
  7.600000000000   0.031391423354
  7.610000000000   0.031157478201
  7.620000000000   0.030925526749
  7.630000000000   0.030695441099
  7.640000000000   0.030467103702
  7.650000000000   0.030240447873
  7.660000000000   0.030015494345
  7.670000000000   0.029792363838
  7.680000000000   0.029571259296
  7.690000000000   0.029352424710
  7.700000000000   0.029136092205
  7.710000000000   0.028922427983
  7.720000000000   0.028711486628
  7.730000000000   0.028503183086
  7.740000000000   0.028297290249
  7.750000000000   0.028093465921
  7.760000000000   0.027891305590
  7.770000000000   0.027690409251
  7.780000000000   0.027490445887
  7.790000000000   0.027291200896
  7.800000000000   0.027092597434
  7.810000000000   0.026894688748
  7.820000000000   0.026697624757
  7.830000000000   0.026501602812
  7.840000000000   0.026306817640
  7.850000000000   0.026113425306
  7.860000000000   0.025921529531
  7.870000000000   0.025731188547
  7.880000000000   0.025542432384
  7.890000000000   0.025355278511
  7.900000000000   0.025169738410
  7.910000000000   0.024985815135
  7.920000000000   0.024803497599
  7.930000000000   0.024622757815
  7.940000000000   0.024443552775
  7.950000000000   0.024265827410
  7.960000000000   0.024089514303
  7.970000000000   0.023914529476
  7.980000000000   0.023740768511
  7.990000000000   0.023568110669
  8.000000000000   0.023396438652
