 -4.000000000000   0.004594385385
 -3.990000000000   0.004799398413
 -3.980000000000   0.004996636479
 -3.970000000000   0.005182138454
 -3.960000000000   0.005352971228
 -3.950000000000   0.005507388262
 -3.940000000000   0.005644772214
 -3.930000000000   0.005765433393
 -3.920000000000   0.005870350058
 -3.910000000000   0.005960915796
 -3.900000000000   0.006038727159
 -3.890000000000   0.006105419846
 -3.880000000000   0.006162550464
 -3.870000000000   0.006211519592
 -3.860000000000   0.006253533049
 -3.850000000000   0.006289596471
 -3.840000000000   0.006320533513
 -3.830000000000   0.006347014027
 -3.820000000000   0.006369579869
 -3.810000000000   0.006388663366
 -3.800000000000   0.006404602001
 -3.790000000000   0.006417656497
 -3.780000000000   0.006428036838
 -3.770000000000   0.006435935554
 -3.760000000000   0.006441563167
 -3.750000000000   0.006445177595
 -3.740000000000   0.006447098045
 -3.730000000000   0.006447696626
 -3.720000000000   0.006447368428
 -3.710000000000   0.006446490214
 -3.700000000000   0.006445383542
 -3.690000000000   0.006444296286
 -3.680000000000   0.006443407457
 -3.670000000000   0.006442849329
 -3.660000000000   0.006442734258
 -3.650000000000   0.006443174306
 -3.640000000000   0.006444287232
 -3.630000000000   0.006446188827
 -3.620000000000   0.006448976346
 -3.610000000000   0.006452710559
 -3.600000000000   0.006457404383
 -3.590000000000   0.006463023746
 -3.580000000000   0.006469501460
 -3.570000000000   0.006476759580
 -3.560000000000   0.006484732136
 -3.550000000000   0.006493379636
 -3.540000000000   0.006502689432
 -3.530000000000   0.006512661622
 -3.520000000000   0.006523286713
 -3.510000000000   0.006534524834
 -3.500000000000   0.006546294081
 -3.490000000000   0.006558469758
 -3.480000000000   0.006570892094
 -3.470000000000   0.006583380609
 -3.460000000000   0.006595756044
 -3.450000000000   0.006607871102
 -3.440000000000   0.006619646981
 -3.430000000000   0.006631105840
 -3.420000000000   0.006642385130
 -3.410000000000   0.006653723271
 -3.400000000000   0.006665417074
 -3.390000000000   0.006677763302
 -3.380000000000   0.006691002692
 -3.370000000000   0.006705282367
 -3.360000000000   0.006720644285
 -3.350000000000   0.006737037687
 -3.340000000000   0.006754346542
 -3.330000000000   0.006772421144
 -3.320000000000   0.006791105878
 -3.310000000000   0.006810259903
 -3.300000000000   0.006829771163
 -3.290000000000   0.006849564970
 -3.280000000000   0.006869607148
 -3.270000000000   0.006889900971
 -3.260000000000   0.006910478954
 -3.250000000000   0.006931393793
 -3.240000000000   0.006952713556
 -3.230000000000   0.006974522268
 -3.220000000000   0.006996921136
 -3.210000000000   0.007020023467
 -3.200000000000   0.007043940608
 -3.190000000000   0.007068763137
 -3.180000000000   0.007094545104
 -3.170000000000   0.007121297155
 -3.160000000000   0.007148989342
 -3.150000000000   0.007177559810
 -3.140000000000   0.007206923192
 -3.130000000000   0.007236973967
 -3.120000000000   0.007267585220
 -3.110000000000   0.007298608979
 -3.100000000000   0.007329885427
 -3.090000000000   0.007361263018
 -3.080000000000   0.007392623917
 -3.070000000000   0.007423905322
 -3.060000000000   0.007455109749
 -3.050000000000   0.007486303542
 -3.040000000000   0.007517607917
 -3.030000000000   0.007549187783
 -3.020000000000   0.007581241039
 -3.010000000000   0.007613987867
 -3.000000000000   0.007647658389
 -2.990000000000   0.007682478360
 -2.980000000000   0.007718654870
 -2.970000000000   0.007756364704
 -2.960000000000   0.007795746770
 -2.950000000000   0.007836898430
 -2.940000000000   0.007879874985
 -2.930000000000   0.007924691881
 -2.920000000000   0.007971329502
 -2.910000000000   0.008019740394
 -2.900000000000   0.008069858177
 -2.890000000000   0.008121605941
 -2.880000000000   0.008174900949
 -2.870000000000   0.008229653906
 -2.860000000000   0.008285765238
 -2.850000000000   0.008343124843
 -2.840000000000   0.008401621773
 -2.830000000000   0.008461164863
 -2.820000000000   0.008521707317
 -2.810000000000   0.008583263380
 -2.800000000000   0.008645908633
 -2.790000000000   0.008709765507
 -2.780000000000   0.008774983368
 -2.770000000000   0.008841721074
 -2.760000000000   0.008910132913
 -2.750000000000   0.008980355711
 -2.740000000000   0.009052498406
 -2.730000000000   0.009126638967
 -2.720000000000   0.009202831253
 -2.710000000000   0.009281118303
 -2.700000000000   0.009361545250
 -2.690000000000   0.009444167599
 -2.680000000000   0.009529055627
 -2.670000000000   0.009616297670
 -2.660000000000   0.009706002458
 -2.650000000000   0.009798297241
 -2.640000000000   0.009893319293
 -2.630000000000   0.009991203341
 -2.620000000000   0.010092071046
 -2.610000000000   0.010196026929
 -2.600000000000   0.010303160026
 -2.590000000000   0.010413547386
 -2.580000000000   0.010527256459
 -2.570000000000   0.010644346498
 -2.560000000000   0.010764871476
 -2.550000000000   0.010888887530
 -2.540000000000   0.011016466738
 -2.530000000000   0.011147715746
 -2.520000000000   0.011282793112
 -2.510000000000   0.011421915663
 -2.500000000000   0.011565345217
 -2.490000000000   0.011713354302
 -2.480000000000   0.011866180603
 -2.470000000000   0.012023987690
 -2.460000000000   0.012186848260
 -2.450000000000   0.012354755766
 -2.440000000000   0.012527658170
 -2.430000000000   0.012705501179
 -2.420000000000   0.012888269364
 -2.410000000000   0.013076017925
 -2.400000000000   0.013268891472
 -2.390000000000   0.013467128563
 -2.380000000000   0.013671052923
 -2.370000000000   0.013881054571
 -2.360000000000   0.014097566051
 -2.350000000000   0.014321040265
 -2.340000000000   0.014551935984
 -2.330000000000   0.014790713912
 -2.320000000000   0.015037840797
 -2.310000000000   0.015293794179
 -2.300000000000   0.015559059567
 -2.290000000000   0.015834116922
 -2.280000000000   0.016119421408
 -2.270000000000   0.016415388272
 -2.260000000000   0.016722389478
 -2.250000000000   0.017040762957
 -2.240000000000   0.017370830269
 -2.230000000000   0.017712917506
 -2.220000000000   0.018067375840
 -2.210000000000   0.018434599837
 -2.200000000000   0.018815043594
 -2.190000000000   0.019209236398
 -2.180000000000   0.019617798743
 -2.170000000000   0.020041454747
 -2.160000000000   0.020481031788
 -2.150000000000   0.020937438908
 -2.140000000000   0.021411624359
 -2.130000000000   0.021904524127
 -2.120000000000   0.022417019290
 -2.110000000000   0.022949916749
 -2.100000000000   0.023503958588
 -2.090000000000   0.024079856422
 -2.080000000000   0.024678342459
 -2.070000000000   0.025300227213
 -2.060000000000   0.025946451166
 -2.050000000000   0.026618114915
 -2.040000000000   0.027316475307
 -2.030000000000   0.028042907466
 -2.020000000000   0.028798849023
 -2.010000000000   0.029585752248
 -2.000000000000   0.030405065864
 -1.990000000000   0.031258253824
 -1.980000000000   0.032146840495
 -1.970000000000   0.033072458259
 -1.960000000000   0.034036869920
 -1.950000000000   0.035041946924
 -1.940000000000   0.036089601585
 -1.930000000000   0.037181688856
 -1.920000000000   0.038319902338
 -1.910000000000   0.039505686731
 -1.900000000000   0.040740177492
 -1.890000000000   0.042024164663
 -1.880000000000   0.043358069335
 -1.870000000000   0.044741922787
 -1.860000000000   0.046175347333
 -1.850000000000   0.047657545435
 -1.840000000000   0.049187303514
 -1.830000000000   0.050763011875
 -1.820000000000   0.052382697551
 -1.810000000000   0.054044061429
 -1.800000000000   0.055744501032
 -1.790000000000   0.057481092983
 -1.780000000000   0.059250518737
 -1.770000000000   0.061048944729
 -1.760000000000   0.062871892780
 -1.750000000000   0.064714136108
 -1.740000000000   0.066569633593
 -1.730000000000   0.068431493305
 -1.720000000000   0.070291951195
 -1.710000000000   0.072142357486
 -1.700000000000   0.073973170906
 -1.690000000000   0.075773966339
 -1.680000000000   0.077533466111
 -1.670000000000   0.079239605943
 -1.660000000000   0.080879638016
 -1.650000000000   0.082440259139
 -1.640000000000   0.083907746569
 -1.630000000000   0.085268098836
 -1.620000000000   0.086507205357
 -1.610000000000   0.087611082829
 -1.600000000000   0.088566199699
 -1.590000000000   0.089359868023
 -1.580000000000   0.089980644339
 -1.570000000000   0.090418679827
 -1.560000000000   0.090665996794
 -1.550000000000   0.090716708359
 -1.540000000000   0.090567205243
 -1.530000000000   0.090216309371
 -1.520000000000   0.089665370363
 -1.510000000000   0.088918280341
 -1.500000000000   0.087981399225
 -1.490000000000   0.086863397630
 -1.480000000000   0.085575025234
 -1.470000000000   0.084128803250
 -1.460000000000   0.082538637752
 -1.450000000000   0.080819369864
 -1.440000000000   0.078986312449
 -1.430000000000   0.077054845814
 -1.420000000000   0.075040135767
 -1.410000000000   0.072956996622
 -1.400000000000   0.070819871418
 -1.390000000000   0.068642869779
 -1.380000000000   0.066439803469
 -1.370000000000   0.064224181261
 -1.360000000000   0.062009148791
 -1.350000000000   0.059807374583
 -1.340000000000   0.057630891217
 -1.330000000000   0.055490906376
 -1.320000000000   0.053397605629
 -1.310000000000   0.051359976565
 -1.300000000000   0.049385686943
 -1.290000000000   0.047481041848
 -1.280000000000   0.045651024902
 -1.270000000000   0.043899404306
 -1.260000000000   0.042228868510
 -1.250000000000   0.040641156584
 -1.240000000000   0.039137161664
 -1.230000000000   0.037717001012
 -1.220000000000   0.036380056706
 -1.210000000000   0.035124999853
 -1.200000000000   0.033949822369
 -1.190000000000   0.032851906874
 -1.180000000000   0.031828155401
 -1.170000000000   0.030875170988
 -1.160000000000   0.029989458638
 -1.150000000000   0.029167601490
 -1.140000000000   0.028406378684
 -1.130000000000   0.027702814478
 -1.120000000000   0.027054170872
 -1.110000000000   0.026457909693
 -1.100000000000   0.025911651656
 -1.090000000000   0.025413151359
 -1.080000000000   0.024960293091
 -1.070000000000   0.024551099256
 -1.060000000000   0.024183737473
 -1.050000000000   0.023856516077
 -1.040000000000   0.023567866800
 -1.030000000000   0.023316320570
 -1.020000000000   0.023100483416
 -1.010000000000   0.022919015724
 -1.000000000000   0.022770614795
 -0.990000000000   0.022654001770
 -0.980000000000   0.022567917560
 -0.970000000000   0.022511133200
 -0.960000000000   0.022482475401
 -0.950000000000   0.022480861298
 -0.940000000000   0.022505333092
 -0.930000000000   0.022555085353
 -0.920000000000   0.022629482228
 -0.910000000000   0.022728065009
 -0.900000000000   0.022850551580
 -0.890000000000   0.022996829572
 -0.880000000000   0.023166944671
 -0.870000000000   0.023361083655
 -0.860000000000   0.023579549604
 -0.850000000000   0.023822727721
 -0.840000000000   0.024091045099
 -0.830000000000   0.024384933530
 -0.820000000000   0.024704806968
 -0.810000000000   0.025051063382
 -0.800000000000   0.025424115243
 -0.790000000000   0.025824444874
 -0.780000000000   0.026252671928
 -0.770000000000   0.026709614752
 -0.760000000000   0.027196330626
 -0.750000000000   0.027714132812
 -0.740000000000   0.028264597000
 -0.730000000000   0.028849574727
 -0.720000000000   0.029471222400
 -0.710000000000   0.030132038653
 -0.700000000000   0.030834892359
 -0.690000000000   0.031583026217
 -0.680000000000   0.032380034207
 -0.670000000000   0.033229826215
 -0.660000000000   0.034136601428
 -0.650000000000   0.035104850991
 -0.640000000000   0.036139401480
 -0.630000000000   0.037245497943
 -0.620000000000   0.038428914305
 -0.610000000000   0.039696075264
 -0.600000000000   0.041054179205
 -0.590000000000   0.042511322082
 -0.580000000000   0.044076630703
 -0.570000000000   0.045760415713
 -0.560000000000   0.047574351460
 -0.550000000000   0.049531686642
 -0.540000000000   0.051647489090
 -0.530000000000   0.053938928280
 -0.520000000000   0.056425597841
 -0.510000000000   0.059129878268
 -0.500000000000   0.062077340049
 -0.490000000000   0.065297187919
 -0.480000000000   0.068822743448
 -0.470000000000   0.072691955044
 -0.460000000000   0.076947915540
 -0.450000000000   0.081639355434
 -0.440000000000   0.086821051575
 -0.430000000000   0.092554036814
 -0.420000000000   0.098905420160
 -0.410000000000   0.105947537047
 -0.400000000000   0.113756039768
 -0.390000000000   0.122406393575
 -0.380000000000   0.131968063352
 -0.370000000000   0.142495496063
 -0.360000000000   0.154014919714
 -0.350000000000   0.166506161208
 -0.340000000000   0.179879398462
 -0.330000000000   0.193948346692
 -0.320000000000   0.208404106462
 -0.310000000000   0.222797609094
 -0.300000000000   0.236542127135
 -0.290000000000   0.248948153253
 -0.280000000000   0.259297827786
 -0.270000000000   0.266953327619
 -0.260000000000   0.271476367889
 -0.250000000000   0.272723234651
 -0.240000000000   0.270881816651
 -0.230000000000   0.266436663891
 -0.220000000000   0.260075658583
 -0.210000000000   0.252571708803
 -0.200000000000   0.244675174303
 -0.190000000000   0.237040029436
 -0.180000000000   0.230189380441
 -0.170000000000   0.224513068512
 -0.160000000000   0.220284906442
 -0.150000000000   0.217687864503
 -0.140000000000   0.216838916787
 -0.130000000000   0.217808767109
 -0.120000000000   0.220634190578
 -0.110000000000   0.225322168565
 -0.100000000000   0.231845753280
 -0.090000000000   0.240132208455
 -0.080000000000   0.250044952358
 -0.070000000000   0.261362524799
 -0.060000000000   0.273760100945
 -0.050000000000   0.286801047147
 -0.040000000000   0.299945852938
 -0.030000000000   0.312581761958
 -0.020000000000   0.324069003115
 -0.010000000000   0.333792757913
  0.000000000000   0.341209570884
  0.010000000000   0.345884509778
  0.020000000000   0.347524896133
  0.030000000000   0.346017832934
  0.040000000000   0.341468008866
  0.050000000000   0.334217600858
  0.060000000000   0.324826518631
  0.070000000000   0.314005896992
  0.080000000000   0.302521121216
  0.090000000000   0.291094979778
  0.100000000000   0.280337767036
  0.110000000000   0.270715366661
  0.120000000000   0.262550788385
  0.130000000000   0.256046770559
  0.140000000000   0.251316888179
  0.150000000000   0.248416398040
  0.160000000000   0.247368372933
  0.170000000000   0.248183843072
  0.180000000000   0.250876404063
  0.190000000000   0.255472428455
  0.200000000000   0.262018090120
  0.210000000000   0.270584211990
  0.220000000000   0.281269661827
  0.230000000000   0.294203725328
  0.240000000000   0.309547601340
  0.250000000000   0.327494881611
  0.260000000000   0.348270573749
  0.270000000000   0.372127875795
  0.280000000000   0.399341500129
  0.290000000000   0.430195869196
  0.300000000000   0.464965959683
  0.310000000000   0.503887961543
  0.320000000000   0.547116352576
  0.330000000000   0.594663826717
  0.340000000000   0.646321484400
  0.350000000000   0.701559898282
  0.360000000000   0.759418375490
  0.370000000000   0.818400759610
  0.380000000000   0.876410448709
  0.390000000000   0.930770158269
  0.400000000000   0.978373641725
  0.410000000000   1.015995275451
  0.420000000000   1.040733917438
  0.430000000000   1.050502342816
  0.440000000000   1.044425597462
  0.450000000000   1.023016999604
  0.460000000000   0.988069657377
  0.470000000000   0.942303129781
  0.480000000000   0.888884904083
  0.490000000000   0.830966490177
  0.500000000000   0.771336234896
  0.510000000000   0.712227846772
  0.520000000000   0.655269566692
  0.530000000000   0.601530848505
  0.540000000000   0.551619760347
  0.550000000000   0.505794662011
  0.560000000000   0.464067890454
  0.570000000000   0.426291223196
  0.580000000000   0.392220836152
  0.590000000000   0.361563693468
  0.600000000000   0.334008952997
  0.610000000000   0.309248140415
  0.620000000000   0.286987322975
  0.630000000000   0.266953788888
  0.640000000000   0.248899071894
  0.650000000000   0.232599644661
  0.660000000000   0.217856225322
  0.670000000000   0.204492349367
  0.680000000000   0.192352618548
  0.690000000000   0.181300842099
  0.700000000000   0.171218145024
  0.710000000000   0.162001047448
  0.720000000000   0.153559516744
  0.730000000000   0.145815036239
  0.740000000000   0.138698782606
  0.750000000000   0.132150023365
  0.760000000000   0.126114817472
  0.770000000000   0.120545034012
  0.780000000000   0.115397631474
  0.790000000000   0.110634103231
  0.800000000000   0.106220006169
  0.810000000000   0.102124527951
  0.820000000000   0.098320082891
  0.830000000000   0.094781941606
  0.840000000000   0.091487898726
  0.850000000000   0.088417977436
  0.860000000000   0.085554167968
  0.870000000000   0.082880200933
  0.880000000000   0.080381360846
  0.890000000000   0.078044344786
  0.900000000000   0.075857164192
  0.910000000000   0.073809077672
  0.920000000000   0.071890534834
  0.930000000000   0.070093109948
  0.940000000000   0.068409410629
  0.950000000000   0.066832956822
  0.960000000000   0.065358034896
  0.970000000000   0.063979537702
  0.980000000000   0.062692803945
  0.990000000000   0.061493470952
  1.000000000000   0.060377356775
  1.010000000000   0.059340389012
  1.020000000000   0.058378592511
  1.030000000000   0.057488132002
  1.040000000000   0.056665384625
  1.050000000000   0.055907004952
  1.060000000000   0.055209951726
  1.070000000000   0.054571470481
  1.080000000000   0.053989057698
  1.090000000000   0.053460449491
  1.100000000000   0.052983663835
  1.110000000000   0.052557084058
  1.120000000000   0.052179531500
  1.130000000000   0.051850268988
  1.140000000000   0.051568912860
  1.150000000000   0.051335286188
  1.160000000000   0.051149281463
  1.170000000000   0.051010791758
  1.180000000000   0.050919722566
  1.190000000000   0.050876047577
  1.200000000000   0.050879856045
  1.210000000000   0.050931361973
  1.220000000000   0.051030879291
  1.230000000000   0.051178785403
  1.240000000000   0.051375492318
  1.250000000000   0.051621430430
  1.260000000000   0.051917036626
  1.270000000000   0.052262734804
  1.280000000000   0.052658907738
  1.290000000000   0.053105879393
  1.300000000000   0.053603940172
  1.310000000000   0.054153436509
  1.320000000000   0.054754909117
  1.330000000000   0.055409224778
  1.340000000000   0.056117637066
  1.350000000000   0.056881743373
  1.360000000000   0.057703357227
  1.370000000000   0.058584350895
  1.380000000000   0.059526527115
  1.390000000000   0.060531561378
  1.400000000000   0.061601032753
  1.410000000000   0.062736532592
  1.420000000000   0.063939805332
  1.430000000000   0.065212850330
  1.440000000000   0.066557922977
  1.450000000000   0.067977420534
  1.460000000000   0.069473695297
  1.470000000000   0.071048869086
  1.480000000000   0.072704714590
  1.490000000000   0.074442631625
  1.500000000000   0.076263701948
  1.510000000000   0.078168776071
  1.520000000000   0.080158544541
  1.530000000000   0.082233574043
  1.540000000000   0.084394323458
  1.550000000000   0.086641168980
  1.560000000000   0.088974451707
  1.570000000000   0.091394532224
  1.580000000000   0.093901818675
  1.590000000000   0.096496740077
  1.600000000000   0.099179656864
  1.610000000000   0.101950718376
  1.620000000000   0.104809685323
  1.630000000000   0.107755742164
  1.640000000000   0.110787332433
  1.650000000000   0.113902049428
  1.660000000000   0.117096601237
  1.670000000000   0.120366857190
  1.680000000000   0.123707983325
  1.690000000000   0.127114673636
  1.700000000000   0.130581459477
  1.710000000000   0.134103033961
  1.720000000000   0.137674493682
  1.730000000000   0.141291407947
  1.740000000000   0.144949676237
  1.750000000000   0.148645199150
  1.760000000000   0.152373437345
  1.770000000000   0.156128956638
  1.780000000000   0.159905059760
  1.790000000000   0.163693590230
  1.800000000000   0.167484963429
  1.810000000000   0.171268438379
  1.820000000000   0.175032595687
  1.830000000000   0.178765935103
  1.840000000000   0.182457458804
  1.850000000000   0.186097086563
  1.860000000000   0.189675788005
  1.870000000000   0.193185423155
  1.880000000000   0.196618408292
  1.890000000000   0.199967389052
  1.900000000000   0.203225065331
  1.910000000000   0.206384210836
  1.920000000000   0.209437838041
  1.930000000000   0.212379415184
  1.940000000000   0.215203036616
  1.950000000000   0.217903465218
  1.960000000000   0.220476007294
  1.970000000000   0.222916245434
  1.980000000000   0.225219719245
  1.990000000000   0.227381674807
  2.000000000000   0.229396984440
  2.010000000000   0.231260275405
  2.020000000000   0.232966225302
  2.030000000000   0.234509921507
  2.040000000000   0.235887174803
  2.050000000000   0.237094723237
  2.060000000000   0.238130323698
  2.070000000000   0.238992762859
  2.080000000000   0.239681818610
  2.090000000000   0.240198193398
  2.100000000000   0.240543436931
  2.110000000000   0.240719862219
  2.120000000000   0.240730428283
  2.130000000000   0.240578548696
  2.140000000000   0.240267826825
  2.150000000000   0.239801799419
  2.160000000000   0.239183820648
  2.170000000000   0.238417186381
  2.180000000000   0.237505495453
  2.190000000000   0.236453128364
  2.200000000000   0.235265657697
  2.210000000000   0.233950026681
  2.220000000000   0.232514429416
  2.230000000000   0.230967937035
  2.240000000000   0.229319981178
  2.250000000000   0.227579822049
  2.260000000000   0.225756114411
  2.270000000000   0.223856647432
  2.280000000000   0.221888272770
  2.290000000000   0.219856977367
  2.300000000000   0.217768042333
  2.310000000000   0.215626252231
  2.320000000000   0.213436131400
  2.330000000000   0.211202159946
  2.340000000000   0.208928898498
  2.350000000000   0.206620980920
  2.360000000000   0.204283014431
  2.370000000000   0.201919489067
  2.380000000000   0.199534780221
  2.390000000000   0.197133241095
  2.400000000000   0.194719304402
  2.410000000000   0.192297507329
  2.420000000000   0.189872410437
  2.430000000000   0.187448443737
  2.440000000000   0.185029739499
  2.450000000000   0.182619996475
  2.460000000000   0.180222384014
  2.470000000000   0.177839466538
  2.480000000000   0.175473130566
  2.490000000000   0.173124526706
  2.500000000000   0.170794075070
  2.510000000000   0.168481596544
  2.520000000000   0.166186605096
  2.530000000000   0.163908727702
  2.540000000000   0.161648138727
  2.550000000000   0.159405855344
  2.560000000000   0.157183773997
  2.570000000000   0.154984423847
  2.580000000000   0.152810523942
  2.590000000000   0.150664504208
  2.600000000000   0.148548154555
  2.610000000000   0.146462502296
  2.620000000000   0.144407920834
  2.630000000000   0.142384394244
  2.640000000000   0.140391834208
  2.650000000000   0.138430357786
  2.660000000000   0.136500459540
  2.670000000000   0.134603038393
  2.680000000000   0.132739275199
  2.690000000000   0.130910401802
  2.700000000000   0.129117439122
  2.710000000000   0.127360989932
  2.720000000000   0.125641145625
  2.730000000000   0.123957517056
  2.740000000000   0.122309350097
  2.750000000000   0.120695662730
  2.760000000000   0.119115357124
  2.770000000000   0.117567302055
  2.780000000000   0.116050408571
  2.790000000000   0.114563708959
  2.800000000000   0.113106415773
  2.810000000000   0.111677929397
  2.820000000000   0.110277793815
  2.830000000000   0.108905635810
  2.840000000000   0.107561122698
  2.850000000000   0.106243940962
  2.860000000000   0.104953771142
  2.870000000000   0.103690241860
  2.880000000000   0.102452879308
  2.890000000000   0.101241092779
  2.900000000000   0.100054224070
  2.910000000000   0.098891645237
  2.920000000000   0.097752850371
  2.930000000000   0.096637483772
  2.940000000000   0.095545279370
  2.950000000000   0.094475931999
  2.960000000000   0.093428956998
  2.970000000000   0.092403605240
  2.980000000000   0.091398878889
  2.990000000000   0.090413646743
  3.000000000000   0.089446812766
  3.010000000000   0.088497472773
  3.020000000000   0.087565007202
  3.030000000000   0.086649087706
  3.040000000000   0.085749606842
  3.050000000000   0.084866565584
  3.060000000000   0.083999964561
  3.070000000000   0.083149733141
  3.080000000000   0.082315701959
  3.090000000000   0.081497603858
  3.100000000000   0.080695092937
  3.110000000000   0.079907788854
  3.120000000000   0.079135354486
  3.130000000000   0.078377590132
  3.140000000000   0.077634499980
  3.150000000000   0.076906287065
  3.160000000000   0.076193266218
  3.170000000000   0.075495727232
  3.180000000000   0.074813803853
  3.190000000000   0.074147394574
  3.200000000000   0.073496146373
  3.210000000000   0.072859478134
  3.220000000000   0.072236612957
  3.230000000000   0.071626609559
  3.240000000000   0.071028406464
  3.250000000000   0.070440892288
  3.260000000000   0.069862994024
  3.270000000000   0.069293758229
  3.280000000000   0.068732405779
  3.290000000000   0.068178361300
  3.300000000000   0.067631270479
  3.310000000000   0.067091010305
  3.320000000000   0.066557678832
  3.330000000000   0.066031543051
  3.340000000000   0.065512937918
  3.350000000000   0.065002139286
  3.360000000000   0.064499257302
  3.370000000000   0.064004195473
  3.380000000000   0.063516692176
  3.390000000000   0.063036422355
  3.400000000000   0.062563111193
  3.410000000000   0.062096613520
  3.420000000000   0.061636939560
  3.430000000000   0.061184239876
  3.440000000000   0.060738776743
  3.450000000000   0.060300899306
  3.460000000000   0.059871022888
  3.470000000000   0.059449606691
  3.480000000000   0.059037124947
  3.490000000000   0.058634021409
  3.500000000000   0.058240632177
  3.510000000000   0.057857075692
  3.520000000000   0.057483140362
  3.530000000000   0.057118223002
  3.540000000000   0.056761360398
  3.550000000000   0.056411356619
  3.560000000000   0.056066968719
  3.570000000000   0.055727097177
  3.580000000000   0.055390935411
  3.590000000000   0.055058050559
  3.600000000000   0.054728386155
  3.610000000000   0.054402195234
  3.620000000000   0.054079927873
  3.630000000000   0.053762104687
  3.640000000000   0.053449204968
  3.650000000000   0.053141588034
  3.660000000000   0.052839452662
  3.670000000000   0.052542826432
  3.680000000000   0.052251569935
  3.690000000000   0.051965384691
  3.700000000000   0.051683825984
  3.710000000000   0.051406333941
  3.720000000000   0.051132297791
  3.730000000000   0.050861155728
  3.740000000000   0.050592512103
  3.750000000000   0.050326236839
  3.760000000000   0.050062509446
  3.770000000000   0.049801785086
  3.780000000000   0.049544687372
  3.790000000000   0.049291858341
  3.800000000000   0.049043806308
  3.810000000000   0.048800785142
  3.820000000000   0.048562725373
  3.830000000000   0.048329229304
  3.840000000000   0.048099635786
  3.850000000000   0.047873146519
  3.860000000000   0.047648984605
  3.870000000000   0.047426538981
  3.880000000000   0.047205446402
  3.890000000000   0.046985580886
  3.900000000000   0.046766956140
  3.910000000000   0.046549585367
  3.920000000000   0.046333362929
  3.930000000000   0.046118020293
  3.940000000000   0.045903171774
  3.950000000000   0.045688425544
  3.960000000000   0.045473512774
  3.970000000000   0.045258389385
  3.980000000000   0.045043283666
  3.990000000000   0.044828685860
  4.000000000000   0.044615291927
  4.010000000000   0.044403918636
  4.020000000000   0.044195403973
  4.030000000000   0.043990502475
  4.040000000000   0.043789784714
  4.050000000000   0.043593553233
  4.060000000000   0.043401790428
  4.070000000000   0.043214154321
  4.080000000000   0.043030032713
  4.090000000000   0.042848651521
  4.100000000000   0.042669212037
  4.110000000000   0.042491016647
  4.120000000000   0.042313546614
  4.130000000000   0.042136478140
  4.140000000000   0.041959648869
  4.150000000000   0.041783001076
  4.160000000000   0.041606527341
  4.170000000000   0.041430236038
  4.180000000000   0.041254143809
  4.190000000000   0.041078292527
  4.200000000000   0.040902779780
  4.210000000000   0.040727786764
  4.220000000000   0.040553587169
  4.230000000000   0.040380525687
  4.240000000000   0.040208966106
  4.250000000000   0.040039225315
  4.260000000000   0.039871521835
  4.270000000000   0.039705962406
  4.280000000000   0.039542567053
  4.290000000000   0.039381310149
  4.300000000000   0.039222152133
  4.310000000000   0.039065054015
  4.320000000000   0.038909986420
  4.330000000000   0.038756948545
  4.340000000000   0.038605997767
  4.350000000000   0.038457271599
  4.360000000000   0.038310977966
  4.370000000000   0.038167343161
  4.380000000000   0.038026530843
  4.390000000000   0.037888564598
  4.400000000000   0.037753289133
  4.410000000000   0.037620389397
  4.420000000000   0.037489462073
  4.430000000000   0.037360112706
  4.440000000000   0.037232041242
  4.450000000000   0.037105080736
  4.460000000000   0.036979169960
  4.470000000000   0.036854269500
  4.480000000000   0.036730260702
  4.490000000000   0.036606878166
  4.500000000000   0.036483708448
  4.510000000000   0.036360250412
  4.520000000000   0.036236001457
  4.530000000000   0.036110527657
  4.540000000000   0.035983493691
  4.550000000000   0.035854655464
  4.560000000000   0.035723839461
  4.570000000000   0.035590937474
  4.580000000000   0.035455929944
  4.590000000000   0.035318925543
  4.600000000000   0.035180189817
  4.610000000000   0.035040142886
  4.620000000000   0.034899325480
  4.630000000000   0.034758345044
  4.640000000000   0.034617813521
  4.650000000000   0.034478285084
  4.660000000000   0.034340203809
  4.670000000000   0.034203873500
  4.680000000000   0.034069455920
  4.690000000000   0.033936990880
  4.700000000000   0.033806423809
  4.710000000000   0.033677631094
  4.720000000000   0.033550444317
  4.730000000000   0.033424678939
  4.740000000000   0.033300167165
  4.750000000000   0.033176786763
  4.760000000000   0.033054477340
  4.770000000000   0.032933242466
  4.780000000000   0.032813141537
  4.790000000000   0.032694273752
  4.800000000000   0.032576752110
  4.810000000000   0.032460666267
  4.820000000000   0.032346041043
  4.830000000000   0.032232803982
  4.840000000000   0.032120773245
  4.850000000000   0.032009669004
  4.860000000000   0.031899146083
  4.870000000000   0.031788844106
  4.880000000000   0.031678446519
  4.890000000000   0.031567729782
  4.900000000000   0.031456580033
  4.910000000000   0.031344967790
  4.920000000000   0.031232895517
  4.930000000000   0.031120347875
  4.940000000000   0.031007267989
  4.950000000000   0.030893564206
  4.960000000000   0.030779137874
  4.970000000000   0.030663918949
  4.980000000000   0.030547895705
  4.990000000000   0.030431123917
  5.000000000000   0.030313706421
  5.010000000000   0.030195750678
  5.020000000000   0.030077329805
  5.030000000000   0.029958473862
  5.040000000000   0.029839198480
  5.050000000000   0.029719552021
  5.060000000000   0.029599651365
  5.070000000000   0.029479687432
  5.080000000000   0.029359904124
  5.090000000000   0.029240570337
  5.100000000000   0.029121963645
  5.110000000000   0.029004370224
  5.120000000000   0.028888091137
  5.130000000000   0.028773439989
  5.140000000000   0.028660722271
  5.150000000000   0.028550198217
  5.160000000000   0.028442042928
  5.170000000000   0.028336324047
  5.180000000000   0.028233012315
  5.190000000000   0.028132022528
  5.200000000000   0.028033260580
  5.210000000000   0.027936642675
  5.220000000000   0.027842066099
  5.230000000000   0.027749340654
  5.240000000000   0.027658116276
  5.250000000000   0.027567848115
  5.260000000000   0.027477822926
  5.270000000000   0.027387242139
  5.280000000000   0.027295334115
  5.290000000000   0.027201461700
  5.300000000000   0.027105201236
  5.310000000000   0.027006386468
  5.320000000000   0.026905123296
  5.330000000000   0.026801781867
  5.340000000000   0.026696963202
  5.350000000000   0.026591429705
  5.360000000000   0.026485994163
  5.370000000000   0.026381380780
  5.380000000000   0.026278091573
  5.390000000000   0.026176317854
  5.400000000000   0.026075925390
  5.410000000000   0.025976518475
  5.420000000000   0.025877562034
  5.430000000000   0.025778522677
  5.440000000000   0.025678988329
  5.450000000000   0.025578741619
  5.460000000000   0.025477783201
  5.470000000000   0.025376314695
  5.480000000000   0.025274693883
  5.490000000000   0.025173373886
  5.500000000000   0.025072838420
  5.510000000000   0.024973545338
  5.520000000000   0.024875886424
  5.530000000000   0.024780163421
  5.540000000000   0.024686573768
  5.550000000000   0.024595198884
  5.560000000000   0.024505993132
  5.570000000000   0.024418778576
  5.580000000000   0.024333253553
  5.590000000000   0.024249018675
  5.600000000000   0.024165615910
  5.610000000000   0.024082571634
  5.620000000000   0.023999436391
  5.630000000000   0.023915818948
  5.640000000000   0.023831415343
  5.650000000000   0.023746033297
  5.660000000000   0.023659609949
  5.670000000000   0.023572218156
  5.680000000000   0.023484055579
  5.690000000000   0.023395413460
  5.700000000000   0.023306627842
  5.710000000000   0.023218021853
  5.720000000000   0.023129850645
  5.730000000000   0.023042261085
  5.740000000000   0.022955276706
  5.750000000000   0.022868813667
  5.760000000000   0.022782725053
  5.770000000000   0.022696861316
  5.780000000000   0.022611127381
  5.790000000000   0.022525514367
  5.800000000000   0.022440089598
  5.810000000000   0.022354944802
  5.820000000000   0.022270123199
  5.830000000000   0.022185558456
  5.840000000000   0.022101053322
  5.850000000000   0.022016307251
  5.860000000000   0.021930982473
  5.870000000000   0.021844785953
  5.880000000000   0.021757542304
  5.890000000000   0.021669237854
  5.900000000000   0.021580026412
  5.910000000000   0.021490199998
  5.920000000000   0.021400138067
  5.930000000000   0.021310252003
  5.940000000000   0.021220937364
  5.950000000000   0.021132539254
  5.960000000000   0.021045330906
  5.970000000000   0.020959503453
  5.980000000000   0.020875164456
  5.990000000000   0.020792342609
  6.000000000000   0.020710995829
  6.010000000000   0.020631019716
  6.020000000000   0.020552253949
  6.030000000000   0.020474486600
  6.040000000000   0.020397460222
  6.050000000000   0.020320886308
  6.060000000000   0.020244472245
  6.070000000000   0.020167956732
  6.080000000000   0.020091140840
  6.090000000000   0.020013899962
  6.100000000000   0.019936169817
  6.110000000000   0.019857913288
  6.120000000000   0.019779086584
  6.130000000000   0.019699625782
  6.140000000000   0.019619465560
  6.150000000000   0.019538584964
  6.160000000000   0.019457059744
  6.170000000000   0.019375095769
  6.180000000000   0.019293025771
  6.190000000000   0.019211266962
  6.200000000000   0.019130251590
  6.210000000000   0.019050350032
  6.220000000000   0.018971806488
  6.230000000000   0.018894703560
  6.240000000000   0.018818965861
  6.250000000000   0.018744402944
  6.260000000000   0.018670779003
  6.270000000000   0.018597886924
  6.280000000000   0.018525604122
  6.290000000000   0.018453917080
  6.300000000000   0.018382912763
  6.310000000000   0.018312742243
  6.320000000000   0.018243566175
  6.330000000000   0.018175497132
  6.340000000000   0.018108557711
  6.350000000000   0.018042668893
  6.360000000000   0.017977669493
  6.370000000000   0.017913354000
  6.380000000000   0.017849512502
  6.390000000000   0.017785962176
  6.400000000000   0.017722567189
  6.410000000000   0.017659246974
  6.420000000000   0.017595972745
  6.430000000000   0.017532752495
  6.440000000000   0.017469607037
  6.450000000000   0.017406541808
  6.460000000000   0.017343519984
  6.470000000000   0.017280443077
  6.480000000000   0.017217146470
  6.490000000000   0.017153417195
  6.500000000000   0.017089036098
  6.510000000000   0.017023835946
  6.520000000000   0.016957755916
  6.530000000000   0.016890869396
  6.540000000000   0.016823370673
  6.550000000000   0.016755523234
  6.560000000000   0.016687588530
  6.570000000000   0.016619761197
  6.580000000000   0.016552132919
  6.590000000000   0.016484695788
  6.600000000000   0.016417381355
  6.610000000000   0.016350117958
  6.620000000000   0.016282880772
  6.630000000000   0.016215712063
  6.640000000000   0.016148704780
  6.650000000000   0.016081963202
  6.660000000000   0.016015565767
  6.670000000000   0.015949549909
  6.680000000000   0.015883922897
  6.690000000000   0.015818687963
  6.700000000000   0.015753868880
  6.710000000000   0.015689519615
  6.720000000000   0.015625716639
  6.730000000000   0.015562543382
  6.740000000000   0.015500079953
  6.750000000000   0.015438402592
  6.760000000000   0.015377584683
  6.770000000000   0.015317687904
  6.780000000000   0.015258742181
  6.790000000000   0.015200725952
  6.800000000000   0.015143561219
  6.810000000000   0.015087128542
  6.820000000000   0.015031294424
  6.830000000000   0.014975937865
  6.840000000000   0.014920967636
  6.850000000000   0.014866330744
  6.860000000000   0.014812016708
  6.870000000000   0.014758059220
  6.880000000000   0.014704532454
  6.890000000000   0.014651539853
  6.900000000000   0.014599197618
  6.910000000000   0.014547617648
  6.920000000000   0.014496892282
  6.930000000000   0.014447079469
  6.940000000000   0.014398187804
  6.950000000000   0.014350167071
  6.960000000000   0.014302913929
  6.970000000000   0.014256296583
  6.980000000000   0.014210188829
  6.990000000000   0.014164494121
  7.000000000000   0.014119143105
  7.010000000000   0.014074061456
  7.020000000000   0.014029120759
  7.030000000000   0.013984095832
  7.040000000000   0.013938652911
  7.050000000000   0.013892382420
  7.060000000000   0.013844870678
  7.070000000000   0.013795785942
  7.080000000000   0.013744946836
  7.090000000000   0.013692350398
  7.100000000000   0.013638156076
  7.110000000000   0.013582638640
  7.120000000000   0.013526129594
  7.130000000000   0.013468964636
  7.140000000000   0.013411448938
  7.150000000000   0.013353845512
  7.160000000000   0.013296384528
  7.170000000000   0.013239282808
  7.180000000000   0.013182755907
  7.190000000000   0.013127006940
  7.200000000000   0.013072190396
  7.210000000000   0.013018368778
  7.220000000000   0.012965489588
  7.230000000000   0.012913400094
  7.240000000000   0.012861894639
  7.250000000000   0.012810771886
  7.260000000000   0.012759878534
  7.270000000000   0.012709128276
  7.280000000000   0.012658498614
  7.290000000000   0.012608015367
  7.300000000000   0.012557734152
  7.310000000000   0.012507723621
  7.320000000000   0.012458051237
  7.330000000000   0.012408771337
  7.340000000000   0.012359916311
  7.350000000000   0.012311492685
  7.360000000000   0.012263483110
  7.370000000000   0.012215853014
  7.380000000000   0.012168558878
  7.390000000000   0.012121555447
  7.400000000000   0.012074801019
  7.410000000000   0.012028261298
  7.420000000000   0.011981912005
  7.430000000000   0.011935739705
  7.440000000000   0.011889740202
  7.450000000000   0.011843913914
  7.460000000000   0.011798257080
  7.470000000000   0.011752747323
  7.480000000000   0.011707323935
  7.490000000000   0.011661867712
  7.500000000000   0.011616189541
  7.510000000000   0.011570036281
  7.520000000000   0.011523114887
  7.530000000000   0.011475126165
  7.540000000000   0.011425795081
  7.550000000000   0.011374888286
  7.560000000000   0.011322218480
  7.570000000000   0.011267643657
  7.580000000000   0.011211071850
  7.590000000000   0.011152476233
  7.600000000000   0.011091914495
  7.610000000000   0.011029538151
  7.620000000000   0.010965578892
  7.630000000000   0.010900309960
  7.640000000000   0.010833993291
  7.650000000000   0.010766829726
  7.660000000000   0.010698927179
  7.670000000000   0.010630293713
  7.680000000000   0.010560853582
  7.690000000000   0.010490477431
  7.700000000000   0.010419014723
  7.710000000000   0.010346317910
  7.720000000000   0.010272252793
  7.730000000000   0.010196695083
  7.740000000000   0.010119517238
  7.750000000000   0.010040571240
  7.760000000000   0.009959671328
  7.770000000000   0.009876576611
  7.780000000000   0.009790970612
  7.790000000000   0.009702437588
  7.800000000000   0.009610443091
  7.810000000000   0.009514331698
  7.820000000000   0.009413350510
  7.830000000000   0.009306693053
  7.840000000000   0.009193543353
  7.850000000000   0.009073095674
  7.860000000000   0.008944536234
  7.870000000000   0.008806992892
  7.880000000000   0.008659475403
  7.890000000000   0.008500833701
  7.900000000000   0.008329754531
  7.910000000000   0.008144804762
  7.920000000000   0.007944521513
  7.930000000000   0.007727548958
  7.940000000000   0.007492825578
  7.950000000000   0.007239824215
  7.960000000000   0.006968832686
  7.970000000000   0.006681234212
  7.980000000000   0.006379712780
  7.990000000000   0.006068287236
  8.000000000000   0.005752094286
