        0.02000000        -0.30260263        -0.00500157         0.00000453         0.00000104
        0.06000000        -0.30339358        -0.00785308         0.00000208         0.00000060
        0.10000000        -0.30316835        -0.01197144         0.00000185         0.00000051
        0.14000000        -0.30272276        -0.01629014         0.00000177         0.00000046
        0.18000000        -0.30210625        -0.02065028         0.00000173         0.00000043
        0.22000000        -0.30133080        -0.02500151         0.00000169         0.00000041
        0.26000000        -0.30040318        -0.02931964         0.00000166         0.00000041
        0.30000000        -0.29932938        -0.03358942         0.00000164         0.00000041
        0.34000000        -0.29811545        -0.03779957         0.00000162         0.00000042
        0.38000000        -0.29676769        -0.04194101         0.00000160         0.00000044
        0.42000000        -0.29529269        -0.04600611         0.00000157         0.00000046
        0.46000000        -0.29369729        -0.04998835         0.00000155         0.00000049
        0.50000000        -0.29198851        -0.05388221         0.00000153         0.00000051
        0.54000000        -0.29017351        -0.05768298         0.00000151         0.00000054
        0.58000000        -0.28825951        -0.06138679         0.00000149         0.00000057
        0.62000000        -0.28625373        -0.06499047         0.00000146         0.00000060
        0.66000000        -0.28416335        -0.06849152         0.00000144         0.00000063
        0.70000000        -0.28199543        -0.07188809         0.00000141         0.00000065
        0.74000000        -0.27975689        -0.07517890         0.00000139         0.00000068
        0.78000000        -0.27745444        -0.07836322         0.00000136         0.00000071
        0.82000000        -0.27509459        -0.08144077         0.00000133         0.00000073
        0.86000000        -0.27268358        -0.08441171         0.00000131         0.00000075
        0.90000000        -0.27022738        -0.08727662         0.00000128         0.00000078
        0.94000000        -0.26773168        -0.09003637         0.00000125         0.00000080
        0.98000000        -0.26520188        -0.09269218         0.00000122         0.00000082
        1.02000000        -0.26264307        -0.09524548         0.00000119         0.00000084
        1.06000000        -0.26006006        -0.09769795         0.00000117         0.00000085
        1.10000000        -0.25745733        -0.10005146         0.00000114         0.00000087
        1.14000000        -0.25483911        -0.10230801         0.00000111         0.00000089
        1.18000000        -0.25220931        -0.10446973         0.00000108         0.00000090
        1.22000000        -0.24957160        -0.10653888         0.00000105         0.00000091
        1.26000000        -0.24692936        -0.10851776         0.00000102         0.00000092
        1.30000000        -0.24428573        -0.11040875         0.00000099         0.00000093
        1.34000000        -0.24164361        -0.11221425         0.00000096         0.00000094
        1.38000000        -0.23900566        -0.11393669         0.00000094         0.00000095
        1.42000000        -0.23637434        -0.11557851         0.00000091         0.00000096
        1.46000000        -0.23375191        -0.11714216         0.00000088         0.00000097
        1.50000000        -0.23114042        -0.11863005         0.00000085         0.00000097
        1.54000000        -0.22854175        -0.12004459         0.00000083         0.00000098
        1.58000000        -0.22595763        -0.12138815         0.00000080         0.00000098
        1.62000000        -0.22338960        -0.12266308         0.00000077         0.00000098
        1.66000000        -0.22083908        -0.12387167         0.00000075         0.00000099
        1.70000000        -0.21830735        -0.12501617         0.00000072         0.00000099
        1.74000000        -0.21579554        -0.12609881         0.00000070         0.00000099
        1.78000000        -0.21330468        -0.12712174         0.00000067         0.00000099
        1.82000000        -0.21083571        -0.12808706         0.00000065         0.00000099
        1.86000000        -0.20838942        -0.12899683         0.00000062         0.00000099
        1.90000000        -0.20596655        -0.12985306         0.00000060         0.00000099
        1.94000000        -0.20356772        -0.13065769         0.00000058         0.00000099
        1.98000000        -0.20119350        -0.13141262         0.00000056         0.00000098
        2.02000000        -0.19884434        -0.13211967         0.00000053         0.00000098
        2.06000000        -0.19652067        -0.13278064         0.00000051         0.00000098
        2.10000000        -0.19422282        -0.13339725         0.00000049         0.00000097
        2.14000000        -0.19195107        -0.13397117         0.00000047         0.00000097
        2.18000000        -0.18970566        -0.13450402         0.00000045         0.00000097
        2.22000000        -0.18748675        -0.13499738         0.00000043         0.00000096
        2.26000000        -0.18529448        -0.13545276         0.00000042         0.00000096
        2.30000000        -0.18312894        -0.13587162         0.00000040         0.00000095
        2.34000000        -0.18099016        -0.13625539         0.00000038         0.00000094
        2.38000000        -0.17887817        -0.13660543         0.00000036         0.00000094
        2.42000000        -0.17679294        -0.13692306         0.00000034         0.00000093
        2.46000000        -0.17473441        -0.13720957         0.00000033         0.00000093
        2.50000000        -0.17270250        -0.13746618         0.00000031         0.00000092
        2.54000000        -0.17069711        -0.13769408         0.00000030         0.00000091
        2.58000000        -0.16871811        -0.13789441         0.00000028         0.00000091
        2.62000000        -0.16676535        -0.13806829         0.00000027         0.00000090
        2.66000000        -0.16483865        -0.13821677         0.00000025         0.00000089
        2.70000000        -0.16293783        -0.13834087         0.00000024         0.00000088
        2.74000000        -0.16106269        -0.13844160         0.00000023         0.00000088
        2.78000000        -0.15921301        -0.13851990         0.00000021         0.00000087
        2.82000000        -0.15738856        -0.13857668         0.00000020         0.00000086
        2.86000000        -0.15558911        -0.13861284         0.00000019         0.00000085
        2.90000000        -0.15381439        -0.13862921         0.00000018         0.00000085
        2.94000000        -0.15206416        -0.13862663         0.00000016         0.00000084
        2.98000000        -0.15033814        -0.13860587         0.00000015         0.00000083
        3.02000000        -0.14863606        -0.13856770         0.00000014         0.00000082
        3.06000000        -0.14695765        -0.13851284         0.00000013         0.00000081
        3.10000000        -0.14530263        -0.13844199         0.00000012         0.00000081
        3.14000000        -0.14367069        -0.13835584         0.00000011         0.00000080
        3.18000000        -0.14206156        -0.13825503         0.00000011         0.00000079
        3.22000000        -0.14047495        -0.13814018         0.00000010         0.00000078
        3.26000000        -0.13891054        -0.13801190         0.00000009         0.00000077
        3.30000000        -0.13736806        -0.13787077         0.00000008         0.00000077
        3.34000000        -0.13584720        -0.13771734         0.00000007         0.00000076
        3.38000000        -0.13434767        -0.13755214         0.00000007         0.00000075
        3.42000000        -0.13286916        -0.13737570         0.00000006         0.00000074
        3.46000000        -0.13141138        -0.13718850         0.00000006         0.00000073
        3.50000000        -0.12997403        -0.13699102         0.00000005         0.00000073
        3.54000000        -0.12855683        -0.13678371         0.00000005         0.00000072
        3.58000000        -0.12715946        -0.13656703         0.00000005         0.00000071
        3.62000000        -0.12578165        -0.13634139         0.00000005         0.00000070
        3.66000000        -0.12442311        -0.13610719         0.00000005         0.00000070
        3.70000000        -0.12308353        -0.13586483         0.00000005         0.00000069
        3.74000000        -0.12176265        -0.13561469         0.00000005         0.00000068
        3.78000000        -0.12046017        -0.13535712         0.00000005         0.00000067
        3.82000000        -0.11917582        -0.13509247         0.00000006         0.00000066
        3.86000000        -0.11790931        -0.13482109         0.00000006         0.00000066
        3.90000000        -0.11666038        -0.13454328         0.00000006         0.00000065
        3.94000000        -0.11542876        -0.13425935         0.00000007         0.00000064
        3.98000000        -0.11421416        -0.13396962         0.00000007         0.00000063
        4.02000000        -0.11301634        -0.13367435         0.00000007         0.00000063
        4.06000000        -0.11183503        -0.13337383         0.00000008         0.00000062
        4.10000000        -0.11066997        -0.13306832         0.00000008         0.00000061
        4.14000000        -0.10952090        -0.13275807         0.00000009         0.00000061
        4.18000000        -0.10838758        -0.13244333         0.00000009         0.00000060
        4.22000000        -0.10726975        -0.13212433         0.00000009         0.00000059
        4.26000000        -0.10616718        -0.13180130         0.00000010         0.00000058
        4.30000000        -0.10507962        -0.13147446         0.00000010         0.00000058
        4.34000000        -0.10400683        -0.13114401         0.00000010         0.00000057
        4.38000000        -0.10294859        -0.13081016         0.00000011         0.00000056
        4.42000000        -0.10190466        -0.13047310         0.00000011         0.00000056
        4.46000000        -0.10087482        -0.13013302         0.00000011         0.00000055
        4.50000000        -0.09985884        -0.12979009         0.00000012         0.00000054
        4.54000000        -0.09885650        -0.12944448         0.00000012         0.00000054
        4.58000000        -0.09786759        -0.12909637         0.00000012         0.00000053
        4.62000000        -0.09689190        -0.12874591         0.00000012         0.00000053
        4.66000000        -0.09592921        -0.12839325         0.00000013         0.00000052
        4.70000000        -0.09497932        -0.12803855         0.00000013         0.00000051
        4.74000000        -0.09404204        -0.12768193         0.00000013         0.00000051
        4.78000000        -0.09311715        -0.12732355         0.00000013         0.00000050
        4.82000000        -0.09220447        -0.12696352         0.00000014         0.00000049
        4.86000000        -0.09130380        -0.12660199         0.00000014         0.00000049
        4.90000000        -0.09041495        -0.12623905         0.00000014         0.00000048
        4.94000000        -0.08953774        -0.12587485         0.00000014         0.00000048
        4.98000000        -0.08867198        -0.12550947         0.00000014         0.00000047
        5.02000000        -0.08781751        -0.12514304         0.00000015         0.00000047
        5.06000000        -0.08697413        -0.12477566         0.00000015         0.00000046
        5.10000000        -0.08614167        -0.12440743         0.00000015         0.00000045
        5.14000000        -0.08531997        -0.12403843         0.00000015         0.00000045
        5.18000000        -0.08450886        -0.12366878         0.00000015         0.00000044
        5.22000000        -0.08370817        -0.12329854         0.00000015         0.00000044
        5.26000000        -0.08291773        -0.12292781         0.00000015         0.00000043
        5.30000000        -0.08213741        -0.12255668         0.00000016         0.00000043
        5.34000000        -0.08136702        -0.12218521         0.00000016         0.00000042
        5.38000000        -0.08060643        -0.12181349         0.00000016         0.00000042
        5.42000000        -0.07985548        -0.12144159         0.00000016         0.00000041
        5.46000000        -0.07911402        -0.12106957         0.00000016         0.00000041
        5.50000000        -0.07838190        -0.12069751         0.00000016         0.00000040
        5.54000000        -0.07765899        -0.12032546         0.00000016         0.00000040
        5.58000000        -0.07694514        -0.11995350         0.00000016         0.00000039
        5.62000000        -0.07624022        -0.11958168         0.00000016         0.00000039
        5.66000000        -0.07554408        -0.11921006         0.00000016         0.00000038
        5.70000000        -0.07485659        -0.11883869         0.00000017         0.00000038
        5.74000000        -0.07417763        -0.11846763         0.00000017         0.00000037
        5.78000000        -0.07350707        -0.11809692         0.00000017         0.00000037
        5.82000000        -0.07284477        -0.11772662         0.00000017         0.00000036
        5.86000000        -0.07219061        -0.11735677         0.00000017         0.00000036
        5.90000000        -0.07154447        -0.11698742         0.00000017         0.00000036
        5.94000000        -0.07090623        -0.11661860         0.00000017         0.00000035
        5.98000000        -0.07027577        -0.11625037         0.00000017         0.00000035
        6.02000000        -0.06965298        -0.11588276         0.00000017         0.00000034
        6.06000000        -0.06903773        -0.11551581         0.00000017         0.00000034
        6.10000000        -0.06842993        -0.11514955         0.00000017         0.00000033
        6.14000000        -0.06782945        -0.11478402         0.00000017         0.00000033
        6.18000000        -0.06723619        -0.11441926         0.00000017         0.00000033
        6.22000000        -0.06665005        -0.11405529         0.00000017         0.00000032
        6.26000000        -0.06607091        -0.11369214         0.00000017         0.00000032
        6.30000000        -0.06549868        -0.11332985         0.00000017         0.00000032
        6.34000000        -0.06493325        -0.11296844         0.00000017         0.00000031
        6.38000000        -0.06437452        -0.11260794         0.00000017         0.00000031
        6.42000000        -0.06382240        -0.11224838         0.00000017         0.00000030
        6.46000000        -0.06327679        -0.11188978         0.00000017         0.00000030
        6.50000000        -0.06273760        -0.11153215         0.00000017         0.00000030
        6.54000000        -0.06220472        -0.11117554         0.00000017         0.00000029
        6.58000000        -0.06167808        -0.11081995         0.00000017         0.00000029
        6.62000000        -0.06115758        -0.11046541         0.00000017         0.00000029
        6.66000000        -0.06064313        -0.11011193         0.00000017         0.00000028
        6.70000000        -0.06013465        -0.10975953         0.00000017         0.00000028
        6.74000000        -0.05963204        -0.10940824         0.00000017         0.00000028
        6.78000000        -0.05913524        -0.10905807         0.00000017         0.00000027
        6.82000000        -0.05864414        -0.10870903         0.00000017         0.00000027
        6.86000000        -0.05815868        -0.10836114         0.00000017         0.00000027
        6.90000000        -0.05767877        -0.10801441         0.00000017         0.00000026
        6.94000000        -0.05720433        -0.10766886         0.00000017         0.00000026
        6.98000000        -0.05673529        -0.10732450         0.00000017         0.00000026
        7.02000000        -0.05627157        -0.10698134         0.00000017         0.00000025
        7.06000000        -0.05581310        -0.10663940         0.00000017         0.00000025
        7.10000000        -0.05535979        -0.10629868         0.00000017         0.00000025
        7.14000000        -0.05491159        -0.10595919         0.00000017         0.00000025
        7.18000000        -0.05446841        -0.10562094         0.00000017         0.00000024
        7.22000000        -0.05403020        -0.10528395         0.00000017         0.00000024
        7.26000000        -0.05359687        -0.10494822         0.00000017         0.00000024
        7.30000000        -0.05316836        -0.10461375         0.00000017         0.00000024
        7.34000000        -0.05274461        -0.10428056         0.00000017         0.00000023
        7.38000000        -0.05232555        -0.10394866         0.00000017         0.00000023
        7.42000000        -0.05191111        -0.10361804         0.00000017         0.00000023
        7.46000000        -0.05150124        -0.10328872         0.00000016         0.00000022
        7.50000000        -0.05109586        -0.10296070         0.00000016         0.00000022
        7.54000000        -0.05069492        -0.10263398         0.00000016         0.00000022
        7.58000000        -0.05029836        -0.10230857         0.00000016         0.00000022
        7.62000000        -0.04990612        -0.10198448         0.00000016         0.00000021
        7.66000000        -0.04951814        -0.10166170         0.00000016         0.00000021
        7.70000000        -0.04913435        -0.10134024         0.00000016         0.00000021
        7.74000000        -0.04875472        -0.10102011         0.00000016         0.00000021
        7.78000000        -0.04837917        -0.10070130         0.00000016         0.00000020
        7.82000000        -0.04800765        -0.10038382         0.00000016         0.00000020
        7.86000000        -0.04764012        -0.10006768         0.00000016         0.00000020
        7.90000000        -0.04727651        -0.09975286         0.00000016         0.00000020
        7.94000000        -0.04691678        -0.09943938         0.00000016         0.00000020
        7.98000000        -0.04656087        -0.09912723         0.00000016         0.00000019