        0.02000000        -1.14380724        -1.86913527         0.00000799         0.00011527
        0.06000000        -0.89371143        -1.33842853         0.00003278         0.00003532
        0.10000000        -0.76006562        -1.06485703         0.00001901         0.00002642
        0.14000000        -0.70653186        -0.95530428         0.00001389         0.00002750
        0.18000000        -0.67080764        -0.90475029         0.00001294         0.00002818
        0.22000000        -0.63762294        -0.87562053         0.00001372         0.00002741
        0.26000000        -0.60364247        -0.85385190         0.00001505         0.00002551
        0.30000000        -0.56895595        -0.83406857         0.00001629         0.00002296
        0.34000000        -0.53448171        -0.81434235         0.00001720         0.00002014
        0.38000000        -0.50111470        -0.79415521         0.00001770         0.00001731
        0.42000000        -0.46949253        -0.77354899         0.00001781         0.00001463
        0.46000000        -0.43998356        -0.75275691         0.00001760         0.00001220
        0.50000000        -0.41274298        -0.73204493         0.00001715         0.00001005
        0.54000000        -0.38777788        -0.71164809         0.00001654         0.00000819
        0.58000000        -0.36500192        -0.69175042         0.00001581         0.00000659
        0.62000000        -0.34427562        -0.67248390         0.00001502         0.00000525
        0.66000000        -0.32543403        -0.65393506         0.00001421         0.00000412
        0.70000000        -0.30830450        -0.63615378         0.00001340         0.00000319
        0.74000000        -0.29271758        -0.61916180         0.00001262         0.00000242
        0.78000000        -0.27851324        -0.60296013         0.00001186         0.00000178
        0.82000000        -0.26554403        -0.58753503         0.00001114         0.00000127
        0.86000000        -0.25367623        -0.57286268         0.00001046         0.00000085
        0.90000000        -0.24278995        -0.55891275         0.00000983         0.00000051
        0.94000000        -0.23277846        -0.54565102         0.00000924         0.00000026
        0.98000000        -0.22354726        -0.53304130         0.00000870         0.00000012
        1.02000000        -0.21501291        -0.52104683         0.00000820         0.00000019
        1.06000000        -0.20710189        -0.50963119         0.00000774         0.00000031
        1.10000000        -0.19974950        -0.49875898         0.00000731         0.00000040
        1.14000000        -0.19289877        -0.48839622         0.00000692         0.00000047
        1.18000000        -0.18649956        -0.47851064         0.00000656         0.00000052
        1.22000000        -0.18050771        -0.46907175         0.00000623         0.00000056
        1.26000000        -0.17488424        -0.46005094         0.00000593         0.00000058
        1.30000000        -0.16959474        -0.45142150         0.00000565         0.00000059
        1.34000000        -0.16460875        -0.44315847         0.00000539         0.00000059
        1.38000000        -0.15989931        -0.43523870         0.00000515         0.00000059
        1.42000000        -0.15544244        -0.42764064         0.00000493         0.00000058
        1.46000000        -0.15121685        -0.42034435         0.00000473         0.00000056
        1.50000000        -0.14720354        -0.41333132         0.00000454         0.00000055
        1.54000000        -0.14338553        -0.40658440         0.00000437         0.00000053
        1.58000000        -0.13974764        -0.40008773         0.00000421         0.00000050
        1.62000000        -0.13627625        -0.39382658         0.00000406         0.00000048
        1.66000000        -0.13295911        -0.38778734         0.00000392         0.00000046
        1.70000000        -0.12978517        -0.38195736         0.00000379         0.00000044
        1.74000000        -0.12674448        -0.37632493         0.00000367         0.00000041
        1.78000000        -0.12382802        -0.37087917         0.00000356         0.00000039
        1.82000000        -0.12102760        -0.36561000         0.00000345         0.00000037
        1.86000000        -0.11833580        -0.36050803         0.00000335         0.00000035
        1.90000000        -0.11574584        -0.35556454         0.00000326         0.00000033
        1.94000000        -0.11325156        -0.35077140         0.00000317         0.00000031
        1.98000000        -0.11084729        -0.34612105         0.00000309         0.00000029
        2.02000000        -0.10852786        -0.34160645         0.00000301         0.00000027
        2.06000000        -0.10628852        -0.33722100         0.00000294         0.00000025
        2.10000000        -0.10412490        -0.33295857         0.00000287         0.00000023
        2.14000000        -0.10203295        -0.32881341         0.00000280         0.00000022
        2.18000000        -0.10000896        -0.32478014         0.00000274         0.00000020
        2.22000000        -0.09804949        -0.32085373         0.00000268         0.00000019
        2.26000000        -0.09615133        -0.31702944         0.00000262         0.00000017
        2.30000000        -0.09431152        -0.31330286         0.00000256         0.00000016
        2.34000000        -0.09252731        -0.30966981         0.00000251         0.00000015
        2.38000000        -0.09079612        -0.30612639         0.00000246         0.00000014
        2.42000000        -0.08911555        -0.30266891         0.00000241         0.00000013
        2.46000000        -0.08748338        -0.29929391         0.00000236         0.00000012
        2.50000000        -0.08589748        -0.29599810         0.00000232         0.00000011
        2.54000000        -0.08435591        -0.29277841         0.00000227         0.00000010
        2.58000000        -0.08285682        -0.28963193         0.00000223         0.00000009
        2.62000000        -0.08139846        -0.28655588         0.00000219         0.00000009
        2.66000000        -0.07997921        -0.28354768         0.00000215         0.00000008
        2.70000000        -0.07859753        -0.28060484         0.00000211         0.00000008
        2.74000000        -0.07725196        -0.27772504         0.00000208         0.00000007
        2.78000000        -0.07594114        -0.27490604         0.00000204         0.00000006
        2.82000000        -0.07466376        -0.27214575         0.00000201         0.00000006
        2.86000000        -0.07341859        -0.26944216         0.00000197         0.00000006
        2.90000000        -0.07220447        -0.26679337         0.00000194         0.00000005
        2.94000000        -0.07102030        -0.26419756         0.00000191         0.00000005
        2.98000000        -0.06986502        -0.26165302         0.00000188         0.00000005
        3.02000000        -0.06873764        -0.25915810         0.00000185         0.00000004
        3.06000000        -0.06763721        -0.25671123         0.00000182         0.00000004
        3.10000000        -0.06656281        -0.25431091         0.00000179         0.00000004
        3.14000000        -0.06551359        -0.25195573         0.00000176         0.00000004
        3.18000000        -0.06448872        -0.24964431         0.00000173         0.00000004
        3.22000000        -0.06348743        -0.24737534         0.00000171         0.00000004
        3.26000000        -0.06250895        -0.24514759         0.00000168         0.00000003
        3.30000000        -0.06155256        -0.24295985         0.00000165         0.00000003
        3.34000000        -0.06061759        -0.24081098         0.00000163         0.00000003
        3.38000000        -0.05970338        -0.23869987         0.00000160         0.00000003
        3.42000000        -0.05880928        -0.23662549         0.00000158         0.00000003
        3.46000000        -0.05793470        -0.23458680         0.00000156         0.00000003
        3.50000000        -0.05707906        -0.23258286         0.00000153         0.00000003
        3.54000000        -0.05624180        -0.23061271         0.00000151         0.00000003
        3.58000000        -0.05542238        -0.22867546         0.00000149         0.00000003
        3.62000000        -0.05462029        -0.22677026         0.00000147         0.00000003
        3.66000000        -0.05383504        -0.22489626         0.00000145         0.00000003
        3.70000000        -0.05306615        -0.22305268         0.00000143         0.00000003
        3.74000000        -0.05231316        -0.22123873         0.00000141         0.00000003
        3.78000000        -0.05157562        -0.21945369         0.00000139         0.00000003
        3.82000000        -0.05085313        -0.21769682         0.00000137         0.00000003
        3.86000000        -0.05014526        -0.21596745         0.00000135         0.00000003
        3.90000000        -0.04945162        -0.21426490         0.00000133         0.00000003
        3.94000000        -0.04877183        -0.21258854         0.00000131         0.00000002
        3.98000000        -0.04810552        -0.21093773         0.00000129         0.00000002
        4.02000000        -0.04745233        -0.20931189         0.00000127         0.00000002
        4.06000000        -0.04681193        -0.20771042         0.00000126         0.00000002
        4.10000000        -0.04618398        -0.20613277         0.00000124         0.00000002
        4.14000000        -0.04556817        -0.20457840         0.00000122         0.00000002
        4.18000000        -0.04496417        -0.20304677         0.00000121         0.00000002
        4.22000000        -0.04437170        -0.20153739         0.00000119         0.00000002
        4.26000000        -0.04379046        -0.20004975         0.00000117         0.00000002
        4.30000000        -0.04322017        -0.19858337         0.00000116         0.00000002
        4.34000000        -0.04266056        -0.19713781         0.00000114         0.00000002
        4.38000000        -0.04211137        -0.19571260         0.00000113         0.00000002
        4.42000000        -0.04157235        -0.19430732         0.00000111         0.00000002
        4.46000000        -0.04104324        -0.19292153         0.00000110         0.00000002
        4.50000000        -0.04052380        -0.19155484         0.00000108         0.00000002
        4.54000000        -0.04001381        -0.19020683         0.00000107         0.00000002
        4.58000000        -0.03951304        -0.18887713         0.00000106         0.00000002
        4.62000000        -0.03902128        -0.18756537         0.00000104         0.00000002
        4.66000000        -0.03853830        -0.18627117         0.00000103         0.00000002
        4.70000000        -0.03806391        -0.18499418         0.00000102         0.00000002
        4.74000000        -0.03759791        -0.18373406         0.00000100         0.00000002
        4.78000000        -0.03714009        -0.18249047         0.00000099         0.00000002
        4.82000000        -0.03669028        -0.18126309         0.00000098         0.00000002
        4.86000000        -0.03624830        -0.18005160         0.00000097         0.00000002
        4.90000000        -0.03581396        -0.17885569         0.00000095         0.00000002
        4.94000000        -0.03538709        -0.17767506         0.00000094         0.00000002
        4.98000000        -0.03496753        -0.17650943         0.00000093         0.00000002
        5.02000000        -0.03455511        -0.17535850         0.00000092         0.00000002
        5.06000000        -0.03414967        -0.17422200         0.00000091         0.00000002
        5.10000000        -0.03375106        -0.17309965         0.00000090         0.00000002
        5.14000000        -0.03335914        -0.17199120         0.00000088         0.00000002
        5.18000000        -0.03297375        -0.17089640         0.00000087         0.00000002
        5.22000000        -0.03259476        -0.16981498         0.00000086         0.00000002
        5.26000000        -0.03222202        -0.16874670         0.00000085         0.00000002
        5.30000000        -0.03185540        -0.16769134         0.00000084         0.00000002
        5.34000000        -0.03149477        -0.16664865         0.00000083         0.00000002
        5.38000000        -0.03114001        -0.16561841         0.00000082         0.00000002
        5.42000000        -0.03079099        -0.16460040         0.00000081         0.00000002
        5.46000000        -0.03044759        -0.16359441         0.00000080         0.00000002
        5.50000000        -0.03010969        -0.16260022         0.00000079         0.00000002
        5.54000000        -0.02977718        -0.16161762         0.00000078         0.00000002
        5.58000000        -0.02944995        -0.16064643         0.00000077         0.00000002
        5.62000000        -0.02912789        -0.15968644         0.00000077         0.00000002
        5.66000000        -0.02881088        -0.15873746         0.00000076         0.00000002
        5.70000000        -0.02849884        -0.15779931         0.00000075         0.00000002
        5.74000000        -0.02819166        -0.15687179         0.00000074         0.00000002
        5.78000000        -0.02788924        -0.15595474         0.00000073         0.00000002
        5.82000000        -0.02759148        -0.15504799         0.00000072         0.00000002
        5.86000000        -0.02729829        -0.15415135         0.00000071         0.00000002
        5.90000000        -0.02700959        -0.15326466         0.00000071         0.00000002
        5.94000000        -0.02672527        -0.15238776         0.00000070         0.00000002
        5.98000000        -0.02644527        -0.15152049         0.00000069         0.00000002
        6.02000000        -0.02616948        -0.15066270         0.00000068         0.00000002
        6.06000000        -0.02589783        -0.14981423         0.00000067         0.00000002
        6.10000000        -0.02563025        -0.14897493         0.00000067         0.00000002
        6.14000000        -0.02536664        -0.14814466         0.00000066         0.00000002
        6.18000000        -0.02510693        -0.14732327         0.00000065         0.00000002
        6.22000000        -0.02485105        -0.14651062         0.00000065         0.00000002
        6.26000000        -0.02459893        -0.14570658         0.00000064         0.00000002
        6.30000000        -0.02435049        -0.14491102         0.00000063         0.00000002
        6.34000000        -0.02410567        -0.14412379         0.00000062         0.00000002
        6.38000000        -0.02386439        -0.14334478         0.00000062         0.00000002
        6.42000000        -0.02362659        -0.14257385         0.00000061         0.00000002
        6.46000000        -0.02339221        -0.14181089         0.00000060         0.00000002
        6.50000000        -0.02316117        -0.14105577         0.00000060         0.00000002
        6.54000000        -0.02293343        -0.14030838         0.00000059         0.00000002
        6.58000000        -0.02270891        -0.13956859         0.00000059         0.00000002
        6.62000000        -0.02248757        -0.13883630         0.00000058         0.00000002
        6.66000000        -0.02226933        -0.13811138         0.00000057         0.00000002
        6.70000000        -0.02205415        -0.13739375         0.00000057         0.00000002
        6.74000000        -0.02184197        -0.13668328         0.00000056         0.00000002
        6.78000000        -0.02163273        -0.13597987         0.00000055         0.00000002
        6.82000000        -0.02142639        -0.13528342         0.00000055         0.00000002
        6.86000000        -0.02122288        -0.13459382         0.00000054         0.00000002
        6.90000000        -0.02102217        -0.13391099         0.00000054         0.00000002
        6.94000000        -0.02082419        -0.13323482         0.00000053         0.00000002
        6.98000000        -0.02062891        -0.13256521         0.00000053         0.00000002
        7.02000000        -0.02043627        -0.13190207         0.00000052         0.00000002
        7.06000000        -0.02024623        -0.13124532         0.00000052         0.00000002
        7.10000000        -0.02005874        -0.13059485         0.00000051         0.00000002
        7.14000000        -0.01987376        -0.12995059         0.00000051         0.00000002
        7.18000000        -0.01969124        -0.12931245         0.00000050         0.00000002
        7.22000000        -0.01951114        -0.12868033         0.00000050         0.00000002
        7.26000000        -0.01933343        -0.12805416         0.00000049         0.00000002
        7.30000000        -0.01915806        -0.12743386         0.00000049         0.00000002
        7.34000000        -0.01898498        -0.12681934         0.00000048         0.00000002
        7.38000000        -0.01881416        -0.12621053         0.00000048         0.00000002
        7.42000000        -0.01864557        -0.12560734         0.00000047         0.00000002
        7.46000000        -0.01847916        -0.12500971         0.00000047         0.00000002
        7.50000000        -0.01831490        -0.12441755         0.00000046         0.00000002
        7.54000000        -0.01815275        -0.12383080         0.00000046         0.00000002
        7.58000000        -0.01799268        -0.12324937         0.00000045         0.00000002
        7.62000000        -0.01783465        -0.12267321         0.00000045         0.00000002
        7.66000000        -0.01767863        -0.12210224         0.00000044         0.00000002
        7.70000000        -0.01752459        -0.12153639         0.00000044         0.00000002
        7.74000000        -0.01737249        -0.12097559         0.00000044         0.00000002
        7.78000000        -0.01722230        -0.12041978         0.00000043         0.00000002
        7.82000000        -0.01707398        -0.11986890         0.00000043         0.00000002
        7.86000000        -0.01692752        -0.11932288         0.00000042         0.00000002
        7.90000000        -0.01678288        -0.11878165         0.00000042         0.00000002
        7.94000000        -0.01664003        -0.11824515         0.00000042         0.00000002
        7.98000000        -0.01649894        -0.11771334         0.00000041         0.00000002