        0.02000000         5.73748915        -0.11741868         0.00030855         0.00005094
        0.06000000         5.73519113        -0.25955875         0.00031104         0.00009565
        0.10000000         5.72212952        -0.35245145         0.00030961         0.00011882
        0.14000000         5.70921970        -0.42803729         0.00030813         0.00013886
        0.18000000         5.69630565        -0.49184963         0.00030663         0.00015544
        0.22000000         5.68321910        -0.54591304         0.00030508         0.00016860
        0.26000000         5.67031499        -0.59186965         0.00030351         0.00017877
        0.30000000         5.65802940        -0.63113729         0.00030192         0.00018648
        0.34000000         5.64670301        -0.66489285         0.00030035         0.00019218
        0.38000000         5.63654813        -0.69409063         0.00029881         0.00019626
        0.42000000         5.62766468        -0.71949724         0.00029733         0.00019904
        0.46000000         5.62006814        -0.74172696         0.00029591         0.00020076
        0.50000000         5.61371636        -0.76127246         0.00029454         0.00020161
        0.54000000         5.60853151        -0.77853009         0.00029324         0.00020176
        0.58000000         5.60441625        -0.79382023         0.00029199         0.00020133
        0.62000000         5.60126515        -0.80740353         0.00029078         0.00020041
        0.66000000         5.59897220        -0.81949364         0.00028962         0.00019910
        0.70000000         5.59743550        -0.83026734         0.00028847         0.00019745
        0.74000000         5.59656000        -0.83987223         0.00028735         0.00019551
        0.78000000         5.59625883        -0.84843290         0.00028624         0.00019335
        0.82000000         5.59645373        -0.85605553         0.00028513         0.00019099
        0.86000000         5.59707496        -0.86283153         0.00028402         0.00018847
        0.90000000         5.59806088        -0.86884038         0.00028290         0.00018582
        0.94000000         5.59935725        -0.87415177         0.00028177         0.00018306
        0.98000000         5.60091663        -0.87882729         0.00028062         0.00018022
        1.02000000         5.60269758        -0.88292177         0.00027946         0.00017731
        1.06000000         5.60466401        -0.88648433         0.00027828         0.00017435
        1.10000000         5.60678454        -0.88955922         0.00027708         0.00017136
        1.14000000         5.60903189        -0.89218644         0.00027586         0.00016834
        1.18000000         5.61138235        -0.89440236         0.00027462         0.00016532
        1.22000000         5.61381534        -0.89624010         0.00027337         0.00016229
        1.26000000         5.61631297        -0.89772995         0.00027210         0.00015927
        1.30000000         5.61885969        -0.89889964         0.00027082         0.00015626
        1.34000000         5.62144199        -0.89977462         0.00026952         0.00015328
        1.38000000         5.62404812        -0.90037831         0.00026822         0.00015032
        1.42000000         5.62666785        -0.90073225         0.00026690         0.00014740
        1.46000000         5.62929227        -0.90085628         0.00026557         0.00014451
        1.50000000         5.63191364        -0.90076874         0.00026424         0.00014166
        1.54000000         5.63452522        -0.90048653         0.00026290         0.00013885
        1.58000000         5.63712113        -0.90002528         0.00026157         0.00013609
        1.62000000         5.63969628        -0.89939943         0.00026022         0.00013338
        1.66000000         5.64224623        -0.89862234         0.00025888         0.00013072
        1.70000000         5.64476714        -0.89770638         0.00025754         0.00012810
        1.74000000         5.64725568        -0.89666298         0.00025621         0.00012554
        1.78000000         5.64970899        -0.89550273         0.00025487         0.00012303
        1.82000000         5.65212459        -0.89423544         0.00025354         0.00012057
        1.86000000         5.65450038        -0.89287020         0.00025222         0.00011816
        1.90000000         5.65683454        -0.89141541         0.00025090         0.00011581
        1.94000000         5.65912557        -0.88987887         0.00024960         0.00011351
        1.98000000         5.66137220        -0.88826779         0.00024830         0.00011126
        2.02000000         5.66357338        -0.88658887         0.00024701         0.00010906
        2.06000000         5.66572825        -0.88484830         0.00024573         0.00010692
        2.10000000         5.66783615        -0.88305182         0.00024446         0.00010482
        2.14000000         5.66989656        -0.88120475         0.00024320         0.00010278
        2.18000000         5.67190910        -0.87931200         0.00024196         0.00010078
        2.22000000         5.67387351        -0.87737815         0.00024073         0.00009884
        2.26000000         5.67578968        -0.87540741         0.00023951         0.00009694
        2.30000000         5.67765755        -0.87340369         0.00023830         0.00009508
        2.34000000         5.67947718        -0.87137060         0.00023711         0.00009328
        2.38000000         5.68124872        -0.86931150         0.00023593         0.00009152
        2.42000000         5.68297236        -0.86722947         0.00023476         0.00008980
        2.46000000         5.68464837        -0.86512738         0.00023361         0.00008813
        2.50000000         5.68627710        -0.86300787         0.00023247         0.00008650
        2.54000000         5.68785891        -0.86087338         0.00023134         0.00008491
        2.58000000         5.68939424        -0.85872617         0.00023023         0.00008336
        2.62000000         5.69088354        -0.85656833         0.00022914         0.00008185
        2.66000000         5.69232734        -0.85440176         0.00022805         0.00008038
        2.70000000         5.69372615        -0.85222824         0.00022699         0.00007894
        2.74000000         5.69508055        -0.85004939         0.00022593         0.00007754
        2.78000000         5.69639112        -0.84786672         0.00022489         0.00007618
        2.82000000         5.69765846        -0.84568161         0.00022387         0.00007485
        2.86000000         5.69888320        -0.84349531         0.00022286         0.00007356
        2.90000000         5.70006598        -0.84130900         0.00022186         0.00007229
        2.94000000         5.70120746        -0.83912373         0.00022088         0.00007106
        2.98000000         5.70230829        -0.83694048         0.00021991         0.00006986
        3.02000000         5.70336915        -0.83476015         0.00021895         0.00006869
        3.06000000         5.70439073        -0.83258353         0.00021801         0.00006755
        3.10000000         5.70537370        -0.83041139         0.00021708         0.00006644
        3.14000000         5.70631875        -0.82824438         0.00021616         0.00006536
        3.18000000         5.70722658        -0.82608313         0.00021526         0.00006430
        3.22000000         5.70809787        -0.82392818         0.00021437         0.00006327
        3.26000000         5.70893331        -0.82178003         0.00021349         0.00006226
        3.30000000         5.70973360        -0.81963915         0.00021262         0.00006128
        3.34000000         5.71049943        -0.81750593         0.00021177         0.00006032
        3.38000000         5.71123147        -0.81538073         0.00021093         0.00005939
        3.42000000         5.71193041        -0.81326388         0.00021010         0.00005848
        3.46000000         5.71259692        -0.81115567         0.00020928         0.00005759
        3.50000000         5.71323168        -0.80905634         0.00020847         0.00005672
        3.54000000         5.71383535        -0.80696613         0.00020768         0.00005587
        3.58000000         5.71440860        -0.80488521         0.00020690         0.00005504
        3.62000000         5.71495207        -0.80281376         0.00020612         0.00005423
        3.66000000         5.71546640        -0.80075192         0.00020536         0.00005344
        3.70000000         5.71595225        -0.79869980         0.00020461         0.00005267
        3.74000000         5.71641023        -0.79665750         0.00020387         0.00005192
        3.78000000         5.71684098        -0.79462511         0.00020314         0.00005118
        3.82000000         5.71724509        -0.79260268         0.00020242         0.00005047
        3.86000000         5.71762319        -0.79059026         0.00020171         0.00004976
        3.90000000         5.71797587        -0.78858787         0.00020101         0.00004908
        3.94000000         5.71830372        -0.78659553         0.00020032         0.00004841
        3.98000000         5.71860731        -0.78461325         0.00019964         0.00004775
        4.02000000         5.71888722        -0.78264102         0.00019897         0.00004711
        4.06000000         5.71914401        -0.78067881         0.00019831         0.00004648
        4.10000000         5.71937824        -0.77872660         0.00019765         0.00004587
        4.14000000         5.71959043        -0.77678435         0.00019701         0.00004527
        4.18000000         5.71978114        -0.77485202         0.00019637         0.00004468
        4.22000000         5.71995088        -0.77292956         0.00019575         0.00004411
        4.26000000         5.72010018        -0.77101691         0.00019513         0.00004354
        4.30000000         5.72022953        -0.76911400         0.00019452         0.00004299
        4.34000000         5.72033943        -0.76722077         0.00019391         0.00004246
        4.38000000         5.72043038        -0.76533714         0.00019332         0.00004193
        4.42000000         5.72050286        -0.76346304         0.00019273         0.00004141
        4.46000000         5.72055733        -0.76159838         0.00019215         0.00004091
        4.50000000         5.72059425        -0.75974308         0.00019158         0.00004041
        4.54000000         5.72061408        -0.75789706         0.00019102         0.00003993
        4.58000000         5.72061727        -0.75606022         0.00019046         0.00003945
        4.62000000         5.72060424        -0.75423248         0.00018991         0.00003899
        4.66000000         5.72057543        -0.75241375         0.00018937         0.00003853
        4.70000000         5.72053125        -0.75060392         0.00018883         0.00003808
        4.74000000         5.72047211        -0.74880290         0.00018830         0.00003764
        4.78000000         5.72039842        -0.74701061         0.00018778         0.00003722
        4.82000000         5.72031057        -0.74522693         0.00018727         0.00003679
        4.86000000         5.72020894        -0.74345178         0.00018676         0.00003638
        4.90000000         5.72009391        -0.74168507         0.00018625         0.00003598
        4.94000000         5.71996586        -0.73992668         0.00018576         0.00003558
        4.98000000         5.71982513        -0.73817653         0.00018527         0.00003519
        5.02000000         5.71967209        -0.73643452         0.00018478         0.00003481
        5.06000000         5.71950709        -0.73470055         0.00018430         0.00003443
        5.10000000         5.71933046        -0.73297454         0.00018383         0.00003406
        5.14000000         5.71914253        -0.73125637         0.00018336         0.00003370
        5.18000000         5.71894363        -0.72954597         0.00018290         0.00003334
        5.22000000         5.71873408        -0.72784324         0.00018244         0.00003300
        5.26000000         5.71851418        -0.72614808         0.00018199         0.00003265
        5.30000000         5.71828425        -0.72446041         0.00018154         0.00003232
        5.34000000         5.71804457        -0.72278013         0.00018110         0.00003199
        5.38000000         5.71779545        -0.72110716         0.00018067         0.00003166
        5.42000000         5.71753716        -0.71944141         0.00018024         0.00003134
        5.46000000         5.71726998        -0.71778280         0.00017981         0.00003103
        5.50000000         5.71699418        -0.71613123         0.00017939         0.00003072
        5.54000000         5.71671004        -0.71448663         0.00017898         0.00003042
        5.58000000         5.71641780        -0.71284891         0.00017856         0.00003012
        5.62000000         5.71611772        -0.71121799         0.00017816         0.00002983
        5.66000000         5.71581005        -0.70959380         0.00017776         0.00002954
        5.70000000         5.71549504        -0.70797625         0.00017736         0.00002926
        5.74000000         5.71517291        -0.70636527         0.00017697         0.00002898
        5.78000000         5.71484390        -0.70476078         0.00017658         0.00002871
        5.82000000         5.71450824        -0.70316271         0.00017619         0.00002844
        5.86000000         5.71416614        -0.70157099         0.00017581         0.00002817
        5.90000000         5.71381782        -0.69998554         0.00017544         0.00002791
        5.94000000         5.71346349        -0.69840630         0.00017506         0.00002766
        5.98000000         5.71310337        -0.69683320         0.00017470         0.00002740
        6.02000000         5.71273763        -0.69526617         0.00017433         0.00002715
        6.06000000         5.71236649        -0.69370515         0.00017397         0.00002691
        6.10000000         5.71199014        -0.69215007         0.00017361         0.00002667
        6.14000000         5.71160875        -0.69060086         0.00017326         0.00002643
        6.18000000         5.71122252        -0.68905748         0.00017291         0.00002620
        6.22000000         5.71083162        -0.68751985         0.00017257         0.00002597
        6.26000000         5.71043622        -0.68598793         0.00017223         0.00002574
        6.30000000         5.71003649        -0.68446164         0.00017189         0.00002552
        6.34000000         5.70963260        -0.68294094         0.00017155         0.00002530
        6.38000000         5.70922472        -0.68142577         0.00017122         0.00002508
        6.42000000         5.70881298        -0.67991608         0.00017089         0.00002487
        6.46000000         5.70839756        -0.67841181         0.00017057         0.00002466
        6.50000000         5.70797860        -0.67691292         0.00017025         0.00002445
        6.54000000         5.70755624        -0.67541935         0.00016993         0.00002425
        6.58000000         5.70713063        -0.67393106         0.00016962         0.00002405
        6.62000000         5.70670191        -0.67244799         0.00016930         0.00002385
        6.66000000         5.70627021        -0.67097010         0.00016899         0.00002365
        6.70000000         5.70583566        -0.66949735         0.00016869         0.00002346
        6.74000000         5.70539840        -0.66802968         0.00016839         0.00002327
        6.78000000         5.70495854        -0.66656707         0.00016809         0.00002308
        6.82000000         5.70451622        -0.66510945         0.00016779         0.00002290
        6.86000000         5.70407154        -0.66365680         0.00016750         0.00002271
        6.90000000         5.70362464        -0.66220908         0.00016721         0.00002253
        6.94000000         5.70317561        -0.66076623         0.00016692         0.00002235
        6.98000000         5.70272456        -0.65932823         0.00016663         0.00002218
        7.02000000         5.70227162        -0.65789503         0.00016635         0.00002201
        7.06000000         5.70181688        -0.65646661         0.00016607         0.00002184
        7.10000000         5.70136044        -0.65504291         0.00016579         0.00002167
        7.14000000         5.70090241        -0.65362392         0.00016552         0.00002150
        7.18000000         5.70044288        -0.65220959         0.00016525         0.00002134
        7.22000000         5.69998194        -0.65079989         0.00016498         0.00002117
        7.26000000         5.69951969        -0.64939478         0.00016471         0.00002101
        7.30000000         5.69905621        -0.64799425         0.00016445         0.00002086
        7.34000000         5.69859160        -0.64659824         0.00016418         0.00002070
        7.38000000         5.69812593        -0.64520674         0.00016392         0.00002055
        7.42000000         5.69765930        -0.64381972         0.00016367         0.00002039
        7.46000000         5.69719178        -0.64243713         0.00016341         0.00002024
        7.50000000         5.69672345        -0.64105897         0.00016316         0.00002010
        7.54000000         5.69625438        -0.63968519         0.00016291         0.00001995
        7.58000000         5.69578465        -0.63831578         0.00016266         0.00001980
        7.62000000         5.69531434        -0.63695070         0.00016242         0.00001966
        7.66000000         5.69484351        -0.63558992         0.00016217         0.00001952
        7.70000000         5.69437223        -0.63423344         0.00016193         0.00001938
        7.74000000         5.69390056        -0.63288120         0.00016169         0.00001924
        7.78000000         5.69342858        -0.63153321         0.00016146         0.00001911
        7.82000000         5.69295634        -0.63018942         0.00016122         0.00001897
        7.86000000         5.69248391        -0.62884982         0.00016099         0.00001884
        7.90000000         5.69201134        -0.62751438         0.00016076         0.00001871
        7.94000000         5.69153869        -0.62618309         0.00016053         0.00001858
        7.98000000         5.69106602        -0.62485591         0.00016030         0.00001845
