        0.02000000        38.56319403        -0.05394782         0.00000278         0.00000011
        0.06000000        38.55972584        -0.16099357         0.00000277         0.00000009
        0.10000000        38.55282795        -0.26799962         0.00000275         0.00000019
        0.14000000        38.54257294        -0.37468597         0.00000271         0.00000028
        0.18000000        38.52905957        -0.48087468         0.00000267         0.00000037
        0.22000000        38.51240336        -0.58637967         0.00000262         0.00000045
        0.26000000        38.49272739        -0.69100077         0.00000255         0.00000053
        0.30000000        38.47015486        -0.79452736         0.00000248         0.00000059
        0.34000000        38.44480413        -0.89674477         0.00000239         0.00000065
        0.38000000        38.41678641        -0.99744129         0.00000230         0.00000070
        0.42000000        38.38620561        -1.09641458         0.00000220         0.00000074
        0.46000000        38.35315972        -1.19347669         0.00000211         0.00000077
        0.50000000        38.31774298        -1.28845764         0.00000200         0.00000078
        0.54000000        38.28004831        -1.38120745         0.00000190         0.00000079
        0.58000000        38.24016941        -1.47159690         0.00000180         0.00000079
        0.62000000        38.19820261        -1.55951736         0.00000171         0.00000079
        0.66000000        38.15424794        -1.64487994         0.00000161         0.00000077
        0.70000000        38.10840983        -1.72761417         0.00000153         0.00000075
        0.74000000        38.06079717        -1.80766657         0.00000144         0.00000073
        0.78000000        38.01152310        -1.88499908         0.00000136         0.00000070
        0.82000000        37.96070436        -1.95958752         0.00000129         0.00000067
        0.86000000        37.90846056        -2.03142015         0.00000122         0.00000064
        0.90000000        37.85491326        -2.10049636         0.00000115         0.00000060
        0.94000000        37.80018503        -2.16682541         0.00000109         0.00000057
        0.98000000        37.74439848        -2.23042539         0.00000103         0.00000053
        1.02000000        37.68767536        -2.29132216         0.00000098         0.00000050
        1.06000000        37.63013570        -2.34954853         0.00000093         0.00000046
        1.10000000        37.57189709        -2.40514338         0.00000089         0.00000043
        1.14000000        37.51307397        -2.45815098         0.00000085         0.00000040
        1.18000000        37.45377708        -2.50862028         0.00000081         0.00000037
        1.22000000        37.39411298        -2.55660431         0.00000077         0.00000034
        1.26000000        37.33418367        -2.60215959         0.00000074         0.00000031
        1.30000000        37.27408631        -2.64534560         0.00000071         0.00000029
        1.34000000        37.21391297        -2.68622433         0.00000068         0.00000026
        1.38000000        37.15375050        -2.72485976         0.00000065         0.00000024
        1.42000000        37.09368048        -2.76131746         0.00000063         0.00000022
        1.46000000        37.03377915        -2.79566424         0.00000061         0.00000019
        1.50000000        36.97411747        -2.82796771         0.00000058         0.00000018
        1.54000000        36.91476117        -2.85829602         0.00000056         0.00000016
        1.58000000        36.85577087        -2.88671751         0.00000054         0.00000014
        1.62000000        36.79720220        -2.91330044         0.00000053         0.00000013
        1.66000000        36.73910594        -2.93811275         0.00000051         0.00000011
        1.70000000        36.68152826        -2.96122183         0.00000049         0.00000010
        1.74000000        36.62451083        -2.98269430         0.00000048         0.00000009
        1.78000000        36.56809107        -3.00259585         0.00000046         0.00000008
        1.82000000        36.51230236        -3.02099107         0.00000045         0.00000007
        1.86000000        36.45717423        -3.03794332         0.00000044         0.00000006
        1.90000000        36.40273260        -3.05351461         0.00000043         0.00000005
        1.94000000        36.34899995        -3.06776550         0.00000041         0.00000005
        1.98000000        36.29599561        -3.08075501         0.00000040         0.00000004
        2.02000000        36.24373588        -3.09254055         0.00000039         0.00000004
        2.06000000        36.19223429        -3.10317788         0.00000038         0.00000003
        2.10000000        36.14150180        -3.11272109         0.00000037         0.00000003
        2.14000000        36.09154694        -3.12122251         0.00000036         0.00000003
        2.18000000        36.04237606        -3.12873275         0.00000035         0.00000003
        2.22000000        35.99399344        -3.13530066         0.00000035         0.00000003
        2.26000000        35.94640150        -3.14097335         0.00000034         0.00000003
        2.30000000        35.89960097        -3.14579619         0.00000033         0.00000003
        2.34000000        35.85359098        -3.14981282         0.00000032         0.00000003
        2.38000000        35.80836926        -3.15306520         0.00000032         0.00000003
        2.42000000        35.76393225        -3.15559357         0.00000031         0.00000003
        2.46000000        35.72027521        -3.15743658         0.00000030         0.00000003
        2.50000000        35.67739238        -3.15863123         0.00000030         0.00000003
        2.54000000        35.63527705        -3.15921295         0.00000029         0.00000003
        2.58000000        35.59392168        -3.15921566         0.00000029         0.00000004
        2.62000000        35.55331799        -3.15867177         0.00000028         0.00000004
        2.66000000        35.51345705        -3.15761225         0.00000027         0.00000004
        2.70000000        35.47432935        -3.15606666         0.00000027         0.00000004
        2.74000000        35.43592490        -3.15406320         0.00000026         0.00000004
        2.78000000        35.39823328        -3.15162878         0.00000026         0.00000004
        2.82000000        35.36124372        -3.14878901         0.00000026         0.00000004
        2.86000000        35.32494513        -3.14556832         0.00000025         0.00000004
        2.90000000        35.28932619        -3.14198993         0.00000025         0.00000004
        2.94000000        35.25437536        -3.13807595         0.00000024         0.00000004
        2.98000000        35.22008097        -3.13384741         0.00000024         0.00000004
        3.02000000        35.18643122        -3.12932428         0.00000023         0.00000004
        3.06000000        35.15341425        -3.12452556         0.00000023         0.00000004
        3.10000000        35.12101814        -3.11946926         0.00000023         0.00000004
        3.14000000        35.08923098        -3.11417251         0.00000022         0.00000004
        3.18000000        35.05804084        -3.10865155         0.00000022         0.00000004
        3.22000000        35.02743588        -3.10292177         0.00000022         0.00000004
        3.26000000        34.99740428        -3.09699779         0.00000021         0.00000004
        3.30000000        34.96793433        -3.09089344         0.00000021         0.00000004
        3.34000000        34.93901440        -3.08462183         0.00000021         0.00000004
        3.38000000        34.91063298        -3.07819539         0.00000021         0.00000004
        3.42000000        34.88277871        -3.07162587         0.00000020         0.00000004
        3.46000000        34.85544033        -3.06492440         0.00000020         0.00000003
        3.50000000        34.82860677        -3.05810151         0.00000020         0.00000003
        3.54000000        34.80226710        -3.05116714         0.00000020         0.00000003
        3.58000000        34.77641057        -3.04413072         0.00000019         0.00000003
        3.62000000        34.75102657        -3.03700112         0.00000019         0.00000003
        3.66000000        34.72610472        -3.02978676         0.00000019         0.00000003
        3.70000000        34.70163479        -3.02249556         0.00000019         0.00000003
        3.74000000        34.67760673        -3.01513502         0.00000019         0.00000003
        3.78000000        34.65401072        -3.00771219         0.00000018         0.00000003
        3.82000000        34.63083709        -3.00023375         0.00000018         0.00000003
        3.86000000        34.60807639        -2.99270596         0.00000018         0.00000003
        3.90000000        34.58571934        -2.98513477         0.00000018         0.00000003
        3.94000000        34.56375687        -2.97752574         0.00000018         0.00000003
        3.98000000        34.54218010        -2.96988412         0.00000018         0.00000003
        4.02000000        34.52098035        -2.96221487         0.00000017         0.00000003
        4.06000000        34.50014912        -2.95452262         0.00000017         0.00000003
        4.10000000        34.47967810        -2.94681176         0.00000017         0.00000003
        4.14000000        34.45955917        -2.93908638         0.00000017         0.00000003
        4.18000000        34.43978441        -2.93135036         0.00000017         0.00000003
        4.22000000        34.42034606        -2.92360730         0.00000017         0.00000003
        4.26000000        34.40123656        -2.91586062         0.00000017         0.00000003
        4.30000000        34.38244852        -2.90811349         0.00000016         0.00000002
        4.34000000        34.36397473        -2.90036889         0.00000016         0.00000002
        4.38000000        34.34580815        -2.89262963         0.00000016         0.00000002
        4.42000000        34.32794191        -2.88489832         0.00000016         0.00000002
        4.46000000        34.31036931        -2.87717740         0.00000016         0.00000002
        4.50000000        34.29308382        -2.86946915         0.00000016         0.00000002
        4.54000000        34.27607905        -2.86177569         0.00000016         0.00000002
        4.58000000        34.25934879        -2.85409902         0.00000016         0.00000002
        4.62000000        34.24288697        -2.84644098         0.00000016         0.00000002
        4.66000000        34.22668768        -2.83880329         0.00000016         0.00000002
        4.70000000        34.21074516        -2.83118754         0.00000015         0.00000002
        4.74000000        34.19505377        -2.82359522         0.00000015         0.00000002
        4.78000000        34.17960804        -2.81602768         0.00000015         0.00000002
        4.82000000        34.16440262        -2.80848621         0.00000015         0.00000002
        4.86000000        34.14943232        -2.80097197         0.00000015         0.00000002
        4.90000000        34.13469204        -2.79348604         0.00000015         0.00000002
        4.94000000        34.12017684        -2.78602940         0.00000015         0.00000002
        4.98000000        34.10588189        -2.77860298         0.00000015         0.00000002
        5.02000000        34.09180250        -2.77120759         0.00000015         0.00000002
        5.06000000        34.07793408        -2.76384401         0.00000015         0.00000002
        5.10000000        34.06427217        -2.75651291         0.00000015         0.00000002
        5.14000000        34.05081240        -2.74921492         0.00000015         0.00000002
        5.18000000        34.03755054        -2.74195061         0.00000015         0.00000002
        5.22000000        34.02448244        -2.73472048         0.00000015         0.00000002
        5.26000000        34.01160408        -2.72752498         0.00000014         0.00000002
        5.30000000        33.99891153        -2.72036452         0.00000014         0.00000002
        5.34000000        33.98640095        -2.71323944         0.00000014         0.00000001
        5.38000000        33.97406861        -2.70615005         0.00000014         0.00000001
        5.42000000        33.96191087        -2.69909662         0.00000014         0.00000001
        5.46000000        33.94992418        -2.69207937         0.00000014         0.00000001
        5.50000000        33.93810508        -2.68509849         0.00000014         0.00000001
        5.54000000        33.92645020        -2.67815413         0.00000014         0.00000001
        5.58000000        33.91495623        -2.67124641         0.00000014         0.00000001
        5.62000000        33.90361999        -2.66437542         0.00000014         0.00000001
        5.66000000        33.89243834        -2.65754121         0.00000014         0.00000001
        5.70000000        33.88140823        -2.65074381         0.00000014         0.00000001
        5.74000000        33.87052668        -2.64398324         0.00000014         0.00000001
        5.78000000        33.85979081        -2.63725947         0.00000014         0.00000001
        5.82000000        33.84919776        -2.63057246         0.00000014         0.00000001
        5.86000000        33.83874480        -2.62392216         0.00000014         0.00000001
        5.90000000        33.82842922        -2.61730847         0.00000014         0.00000001
        5.94000000        33.81824839        -2.61073131         0.00000014         0.00000001
        5.98000000        33.80819977        -2.60419056         0.00000014         0.00000001
        6.02000000        33.79828084        -2.59768609         0.00000014         0.00000001
        6.06000000        33.78848917        -2.59121775         0.00000014         0.00000001
        6.10000000        33.77882237        -2.58478538         0.00000014         0.00000001
        6.14000000        33.76927813        -2.57838881         0.00000014         0.00000001
        6.18000000        33.75985418        -2.57202786         0.00000014         0.00000001
        6.22000000        33.75054830        -2.56570234         0.00000013         0.00000001
        6.26000000        33.74135833        -2.55941204         0.00000013         0.00000001
        6.30000000        33.73228217        -2.55315675         0.00000013         0.00000001
        6.34000000        33.72331775        -2.54693626         0.00000013         0.00000001
        6.38000000        33.71446307        -2.54075033         0.00000013         0.00000001
        6.42000000        33.70571616        -2.53459872         0.00000013         0.00000001
        6.46000000        33.69707511        -2.52848121         0.00000013         0.00000001
        6.50000000        33.68853804        -2.52239754         0.00000013         0.00000001
        6.54000000        33.68010312        -2.51634746         0.00000013         0.00000001
        6.58000000        33.67176858        -2.51033071         0.00000013         0.00000001
        6.62000000        33.66353265        -2.50434705         0.00000013         0.00000001
        6.66000000        33.65539364        -2.49839619         0.00000013         0.00000001
        6.70000000        33.64734989        -2.49247789         0.00000013         0.00000001
        6.74000000        33.63939975        -2.48659186         0.00000013         0.00000001
        6.78000000        33.63154165        -2.48073784         0.00000013         0.00000001
        6.82000000        33.62377403        -2.47491555         0.00000013         0.00000001
        6.86000000        33.61609536        -2.46912472         0.00000013         0.00000001
        6.90000000        33.60850416        -2.46336508         0.00000013         0.00000001
        6.94000000        33.60099898        -2.45763634         0.00000013         0.00000001
        6.98000000        33.59357840        -2.45193823         0.00000013         0.00000001
        7.02000000        33.58624102        -2.44627048         0.00000013         0.00000001
        7.06000000        33.57898549        -2.44063280         0.00000013         0.00000001
        7.10000000        33.57181049        -2.43502491         0.00000013         0.00000001
        7.14000000        33.56471470        -2.42944655         0.00000013         0.00000001
        7.18000000        33.55769686        -2.42389742         0.00000013         0.00000001
        7.22000000        33.55075572        -2.41837727         0.00000013         0.00000001
        7.26000000        33.54389008        -2.41288580         0.00000013         0.00000001
        7.30000000        33.53709873        -2.40742275         0.00000013         0.00000001
        7.34000000        33.53038050        -2.40198784         0.00000013         0.00000001
        7.38000000        33.52373427        -2.39658080         0.00000013         0.00000001
        7.42000000        33.51715891        -2.39120137         0.00000013         0.00000001
        7.46000000        33.51065333        -2.38584926         0.00000013         0.00000001
        7.50000000        33.50421646        -2.38052423         0.00000013         0.00000001
        7.54000000        33.49784725        -2.37522599         0.00000013         0.00000001
        7.58000000        33.49154468        -2.36995429         0.00000013         0.00000001
        7.62000000        33.48530773        -2.36470886         0.00000013         0.00000001
        7.66000000        33.47913543        -2.35948946         0.00000013         0.00000001
        7.70000000        33.47302681        -2.35429581         0.00000013         0.00000001
        7.74000000        33.46698092        -2.34912767         0.00000013         0.00000001
        7.78000000        33.46099685        -2.34398478         0.00000013         0.00000001
        7.82000000        33.45507367        -2.33886690         0.00000013         0.00000001
        7.86000000        33.44921052        -2.33377377         0.00000013         0.00000001
        7.90000000        33.44340650        -2.32870515         0.00000013         0.00000001
        7.94000000        33.43766078        -2.32366080         0.00000013         0.00000001
        7.98000000        33.43197250        -2.31864047         0.00000013         0.00000001
        8.02000000        33.42634086        -2.31364394         0.00000013         0.00000001
        8.06000000        33.42076505        -2.30867096         0.00000013         0.00000000
        8.10000000        33.41524428        -2.30372130         0.00000013         0.00000000
        8.14000000        33.40977777        -2.29879473         0.00000013         0.00000000
        8.18000000        33.40436477        -2.29389103         0.00000013         0.00000000
        8.22000000        33.39900454        -2.28900996         0.00000013         0.00000000
        8.26000000        33.39369634        -2.28415131         0.00000013         0.00000000
        8.30000000        33.38843946        -2.27931486         0.00000013         0.00000000
        8.34000000        33.38323319        -2.27450040         0.00000013         0.00000000
        8.38000000        33.37807685        -2.26970769         0.00000012         0.00000000
        8.42000000        33.37296976        -2.26493655         0.00000012         0.00000000
        8.46000000        33.36791125        -2.26018675         0.00000012         0.00000000
        8.50000000        33.36290068        -2.25545808         0.00000012         0.00000000
        8.54000000        33.35793741        -2.25075036         0.00000012         0.00000000
        8.58000000        33.35302081        -2.24606337         0.00000012         0.00000000
        8.62000000        33.34815025        -2.24139692         0.00000012         0.00000000
        8.66000000        33.34332515        -2.23675081         0.00000012         0.00000000
        8.70000000        33.33854489        -2.23212484         0.00000012         0.00000000
        8.74000000        33.33380891        -2.22751883         0.00000012         0.00000000
        8.78000000        33.32911662        -2.22293259         0.00000012         0.00000000
        8.82000000        33.32446746        -2.21836594         0.00000012         0.00000000
        8.86000000        33.31986088        -2.21381868         0.00000012         0.00000000
        8.90000000        33.31529634        -2.20929064         0.00000012         0.00000000
        8.94000000        33.31077331        -2.20478165         0.00000012         0.00000000
        8.98000000        33.30629125        -2.20029152         0.00000012         0.00000000
        9.02000000        33.30184966        -2.19582008         0.00000012         0.00000000
        9.06000000        33.29744802        -2.19136716         0.00000012         0.00000000
        9.10000000        33.29308584        -2.18693259         0.00000012         0.00000000
        9.14000000        33.28876263        -2.18251621         0.00000012         0.00000000
        9.18000000        33.28447791        -2.17811785         0.00000012         0.00000000
        9.22000000        33.28023120        -2.17373735         0.00000012         0.00000000
        9.26000000        33.27602205        -2.16937455         0.00000012         0.00000000
        9.30000000        33.27184999        -2.16502930         0.00000012         0.00000000
        9.34000000        33.26771457        -2.16070143         0.00000012         0.00000000
        9.38000000        33.26361536        -2.15639081         0.00000012         0.00000000
        9.42000000        33.25955191        -2.15209726         0.00000012         0.00000000
        9.46000000        33.25552381        -2.14782066         0.00000012         0.00000000
        9.50000000        33.25153062        -2.14356084         0.00000012         0.00000000
        9.54000000        33.24757193        -2.13931767         0.00000012         0.00000000
        9.58000000        33.24364734        -2.13509101         0.00000012         0.00000000
        9.62000000        33.23975645        -2.13088071         0.00000012         0.00000000
        9.66000000        33.23589886        -2.12668664         0.00000012         0.00000000
        9.70000000        33.23207419        -2.12250866         0.00000012         0.00000000
        9.74000000        33.22828205        -2.11834664         0.00000012         0.00000000
        9.78000000        33.22452206        -2.11420043         0.00000012         0.00000000
        9.82000000        33.22079386        -2.11006993         0.00000012         0.00000000
        9.86000000        33.21709708        -2.10595499         0.00000012         0.00000000
        9.90000000        33.21343137        -2.10185548         0.00000012         0.00000000
        9.94000000        33.20979636        -2.09777129         0.00000012         0.00000000
        9.98000000        33.20619172        -2.09370230         0.00000012         0.00000000
       10.02000000        33.20261710        -2.08964837         0.00000012         0.00000000
       10.06000000        33.19907216        -2.08560939         0.00000012         0.00000000
       10.10000000        33.19555657        -2.08158524         0.00000012         0.00000000
       10.14000000        33.19207001        -2.07757581         0.00000012         0.00000000
       10.18000000        33.18861214        -2.07358098         0.00000012         0.00000000
       10.22000000        33.18518266        -2.06960064         0.00000012         0.00000000
       10.26000000        33.18178126        -2.06563468         0.00000012         0.00000000
       10.30000000        33.17840761        -2.06168299         0.00000012         0.00000000
       10.34000000        33.17506143        -2.05774545         0.00000012         0.00000000
       10.38000000        33.17174241        -2.05382197         0.00000012         0.00000000
       10.42000000        33.16845025        -2.04991244         0.00000012         0.00000000
       10.46000000        33.16518467        -2.04601675         0.00000012         0.00000000
       10.50000000        33.16194538        -2.04213481         0.00000012         0.00000000
       10.54000000        33.15873209        -2.03826651         0.00000012         0.00000000
       10.58000000        33.15554454        -2.03441175         0.00000012         0.00000000
       10.62000000        33.15238244        -2.03057043         0.00000012         0.00000000
       10.66000000        33.14924552        -2.02674246         0.00000012         0.00000000
       10.70000000        33.14613352        -2.02292775         0.00000012         0.00000000
       10.74000000        33.14304618        -2.01912620         0.00000012         0.00000000
       10.78000000        33.13998324        -2.01533771         0.00000012         0.00000000
       10.82000000        33.13694443        -2.01156220         0.00000012         0.00000000
       10.86000000        33.13392952        -2.00779958         0.00000012         0.00000000
       10.90000000        33.13093825        -2.00404975         0.00000012         0.00000000
       10.94000000        33.12797037        -2.00031263         0.00000012         0.00000000
       10.98000000        33.12502564        -1.99658814         0.00000012         0.00000000
       11.02000000        33.12210384        -1.99287618         0.00000012         0.00000000
       11.06000000        33.11920471        -1.98917668         0.00000012         0.00000000
       11.10000000        33.11632803        -1.98548955         0.00000012         0.00000000
       11.14000000        33.11347357        -1.98181471         0.00000012         0.00000000
       11.18000000        33.11064111        -1.97815208         0.00000012         0.00000000
       11.22000000        33.10783041        -1.97450158         0.00000012         0.00000000
       11.26000000        33.10504127        -1.97086313         0.00000012         0.00000000
       11.30000000        33.10227346        -1.96723665         0.00000012         0.00000000
       11.34000000        33.09952677        -1.96362207         0.00000012         0.00000000
       11.38000000        33.09680099        -1.96001932         0.00000012         0.00000000
       11.42000000        33.09409591        -1.95642831         0.00000012         0.00000000
       11.46000000        33.09141133        -1.95284897         0.00000012         0.00000000
       11.50000000        33.08874704        -1.94928124         0.00000012         0.00000000
       11.54000000        33.08610283        -1.94572503         0.00000012         0.00000000
       11.58000000        33.08347853        -1.94218029         0.00000012         0.00000000
       11.62000000        33.08087391        -1.93864694         0.00000012         0.00000000
       11.66000000        33.07828881        -1.93512490         0.00000012         0.00000000
       11.70000000        33.07572302        -1.93161413         0.00000012         0.00000000
       11.74000000        33.07317635        -1.92811453         0.00000012         0.00000000
       11.78000000        33.07064862        -1.92462606         0.00000012         0.00000000
       11.82000000        33.06813965        -1.92114864         0.00000012         0.00000000
       11.86000000        33.06564926        -1.91768221         0.00000012         0.00000000
       11.90000000        33.06317727        -1.91422671         0.00000012         0.00000000
       11.94000000        33.06072349        -1.91078207         0.00000012         0.00000000
       11.98000000        33.05828776        -1.90734824         0.00000012         0.00000000
