-25.000000000000   0.001259069382
-24.980000000000   0.002210197237
-24.960000000000   0.002274158586
-24.940000000000   0.002262310471
-24.920000000000   0.002220051796
-24.900000000000   0.002155749387
-24.880000000000   0.002215773867
-24.860000000000   0.002271339136
-24.840000000000   0.002251289912
-24.820000000000   0.002293720919
-24.800000000000   0.002321411205
-24.780000000000   0.002188416013
-24.760000000000   0.002286254184
-24.740000000000   0.002225779855
-24.720000000000   0.002304615091
-24.700000000000   0.002207347780
-24.680000000000   0.002274748952
-24.660000000000   0.002283748717
-24.640000000000   0.002198190157
-24.620000000000   0.002266819159
-24.600000000000   0.002280979205
-24.580000000000   0.002293992518
-24.560000000000   0.002317377979
-24.540000000000   0.002344740380
-24.520000000000   0.002314385949
-24.500000000000   0.002313836258
-24.480000000000   0.002311867988
-24.460000000000   0.002343557040
-24.440000000000   0.002300886951
-24.420000000000   0.002369177889
-24.400000000000   0.002363715416
-24.380000000000   0.002364260218
-24.360000000000   0.002315277151
-24.340000000000   0.002326027066
-24.320000000000   0.002321969460
-24.300000000000   0.002324111280
-24.280000000000   0.002415952162
-24.260000000000   0.002318094387
-24.240000000000   0.002330243317
-24.220000000000   0.002356036812
-24.200000000000   0.002400015139
-24.180000000000   0.002426453821
-24.160000000000   0.002307644017
-24.140000000000   0.002395373111
-24.120000000000   0.002416372406
-24.100000000000   0.002439330177
-24.080000000000   0.002371421444
-24.060000000000   0.002480252620
-24.040000000000   0.002330396322
-24.020000000000   0.002427346661
-24.000000000000   0.002330967887
-23.980000000000   0.002405669198
-23.960000000000   0.002433525773
-23.940000000000   0.002406418432
-23.920000000000   0.002405396633
-23.900000000000   0.002455061769
-23.880000000000   0.002398351022
-23.860000000000   0.002385664475
-23.840000000000   0.002438094716
-23.820000000000   0.002454276056
-23.800000000000   0.002493472622
-23.780000000000   0.002536618644
-23.760000000000   0.002443459756
-23.740000000000   0.002443718623
-23.720000000000   0.002417579220
-23.700000000000   0.002401119911
-23.680000000000   0.002453813735
-23.660000000000   0.002442176971
-23.640000000000   0.002480043766
-23.620000000000   0.002422289063
-23.600000000000   0.002456812396
-23.580000000000   0.002459468096
-23.560000000000   0.002402071292
-23.540000000000   0.002440678729
-23.520000000000   0.002463476313
-23.500000000000   0.002451150316
-23.480000000000   0.002443863159
-23.460000000000   0.002514955893
-23.440000000000   0.002489236579
-23.420000000000   0.002437838932
-23.400000000000   0.002484563834
-23.380000000000   0.002553881914
-23.360000000000   0.002484138989
-23.340000000000   0.002425388374
-23.320000000000   0.002440866501
-23.300000000000   0.002625838716
-23.280000000000   0.002565833832
-23.260000000000   0.002526920020
-23.240000000000   0.002533508743
-23.220000000000   0.002541106562
-23.200000000000   0.002556817860
-23.180000000000   0.002468550316
-23.160000000000   0.002542587748
-23.140000000000   0.002484697830
-23.120000000000   0.002529115642
-23.100000000000   0.002515859555
-23.080000000000   0.002501669045
-23.060000000000   0.002528941718
-23.040000000000   0.002560050043
-23.020000000000   0.002545942964
-23.000000000000   0.002517450556
-22.980000000000   0.002560497612
-22.960000000000   0.002606991535
-22.940000000000   0.002553204651
-22.920000000000   0.002504527828
-22.900000000000   0.002556792286
-22.880000000000   0.002651594776
-22.860000000000   0.002699309718
-22.840000000000   0.002548703102
-22.820000000000   0.002563173303
-22.800000000000   0.002679967216
-22.780000000000   0.002534636596
-22.760000000000   0.002639416537
-22.740000000000   0.002721787500
-22.720000000000   0.002634423776
-22.700000000000   0.002575545228
-22.680000000000   0.002621163031
-22.660000000000   0.002601137092
-22.640000000000   0.002613653226
-22.620000000000   0.002582469220
-22.600000000000   0.002573512937
-22.580000000000   0.002665543532
-22.560000000000   0.002638515291
-22.540000000000   0.002666891743
-22.520000000000   0.002655149500
-22.500000000000   0.002669588469
-22.480000000000   0.002684590892
-22.460000000000   0.002663303415
-22.440000000000   0.002618340443
-22.420000000000   0.002672068449
-22.400000000000   0.002753066142
-22.380000000000   0.002742132482
-22.360000000000   0.002691003262
-22.340000000000   0.002797907399
-22.320000000000   0.002663441842
-22.300000000000   0.002718156093
-22.280000000000   0.002662736000
-22.260000000000   0.002640163091
-22.240000000000   0.002725261311
-22.220000000000   0.002669927101
-22.200000000000   0.002778763074
-22.180000000000   0.002665105458
-22.160000000000   0.002754521706
-22.140000000000   0.002800286325
-22.120000000000   0.002771542639
-22.100000000000   0.002749113696
-22.080000000000   0.002725238496
-22.060000000000   0.002774822468
-22.040000000000   0.002766763002
-22.020000000000   0.002717893954
-22.000000000000   0.002770162624
-21.980000000000   0.002809047448
-21.960000000000   0.002730946729
-21.940000000000   0.002836013704
-21.920000000000   0.002726627157
-21.900000000000   0.002743570473
-21.880000000000   0.002728455742
-21.860000000000   0.002910740209
-21.840000000000   0.002820415982
-21.820000000000   0.002811264352
-21.800000000000   0.002841952596
-21.780000000000   0.002813951769
-21.760000000000   0.002823780346
-21.740000000000   0.002856297757
-21.720000000000   0.002907746615
-21.700000000000   0.002815631937
-21.680000000000   0.002818293792
-21.660000000000   0.002800142392
-21.640000000000   0.002893005633
-21.620000000000   0.002912507642
-21.600000000000   0.002859888494
-21.580000000000   0.002935576485
-21.560000000000   0.002924397219
-21.540000000000   0.002872454647
-21.520000000000   0.002814007102
-21.500000000000   0.002940379426
-21.480000000000   0.002960419854
-21.460000000000   0.002822462624
-21.440000000000   0.002900859997
-21.420000000000   0.002881668188
-21.400000000000   0.002849389224
-21.380000000000   0.002894659121
-21.360000000000   0.003002006583
-21.340000000000   0.002921148603
-21.320000000000   0.002894199379
-21.300000000000   0.003011990302
-21.280000000000   0.002946187635
-21.260000000000   0.002937498085
-21.240000000000   0.003033377531
-21.220000000000   0.002936642796
-21.200000000000   0.002939788770
-21.180000000000   0.002905310331
-21.160000000000   0.002979907078
-21.140000000000   0.002981513804
-21.120000000000   0.002949855479
-21.100000000000   0.003041821394
-21.080000000000   0.003020920769
-21.060000000000   0.003040684607
-21.040000000000   0.003018434286
-21.020000000000   0.002963114901
-21.000000000000   0.003077208318
-20.980000000000   0.002990859359
-20.960000000000   0.003106380515
-20.940000000000   0.003112184637
-20.920000000000   0.003078046283
-20.900000000000   0.002956946592
-20.880000000000   0.002997724048
-20.860000000000   0.003103310367
-20.840000000000   0.003061691656
-20.820000000000   0.003163232442
-20.800000000000   0.003103164583
-20.780000000000   0.002932602156
-20.760000000000   0.002987608520
-20.740000000000   0.003125293042
-20.720000000000   0.003115619352
-20.700000000000   0.003084058768
-20.680000000000   0.003109763192
-20.660000000000   0.003178678875
-20.640000000000   0.003260552000
-20.620000000000   0.003175258401
-20.600000000000   0.003111522540
-20.580000000000   0.003140876523
-20.560000000000   0.003115938772
-20.540000000000   0.003120728895
-20.520000000000   0.003201849619
-20.500000000000   0.003227835293
-20.480000000000   0.003240695474
-20.460000000000   0.003197203011
-20.440000000000   0.003250432661
-20.420000000000   0.003214397619
-20.400000000000   0.003241359067
-20.380000000000   0.003183935918
-20.360000000000   0.003259497860
-20.340000000000   0.003178164362
-20.320000000000   0.003167448477
-20.300000000000   0.003265406502
-20.280000000000   0.003288260775
-20.260000000000   0.003246282087
-20.240000000000   0.003301862797
-20.220000000000   0.003223949376
-20.200000000000   0.003280347028
-20.180000000000   0.003247653808
-20.160000000000   0.003212621053
-20.140000000000   0.003305664751
-20.120000000000   0.003261080156
-20.100000000000   0.003310714835
-20.080000000000   0.003290621064
-20.060000000000   0.003270728064
-20.040000000000   0.003390770703
-20.020000000000   0.003399799091
-20.000000000000   0.003374434993
-19.980000000000   0.003412370066
-19.960000000000   0.003336181735
-19.940000000000   0.003361150860
-19.920000000000   0.003354180370
-19.900000000000   0.003342387192
-19.880000000000   0.003451434199
-19.860000000000   0.003608131013
-19.840000000000   0.003328739162
-19.820000000000   0.003474771868
-19.800000000000   0.003459172153
-19.780000000000   0.003511873815
-19.760000000000   0.003520918331
-19.740000000000   0.003420312483
-19.720000000000   0.003417066749
-19.700000000000   0.003483260813
-19.680000000000   0.003409791303
-19.660000000000   0.003403127610
-19.640000000000   0.003374736390
-19.620000000000   0.003530506416
-19.600000000000   0.003448956551
-19.580000000000   0.003445660818
-19.560000000000   0.003491928799
-19.540000000000   0.003534945272
-19.520000000000   0.003592254294
-19.500000000000   0.003554929712
-19.480000000000   0.003577342605
-19.460000000000   0.003613579104
-19.440000000000   0.003524822776
-19.420000000000   0.003604657647
-19.400000000000   0.003596967332
-19.380000000000   0.003583255481
-19.360000000000   0.003554892299
-19.340000000000   0.003621914671
-19.320000000000   0.003637011023
-19.300000000000   0.003536454018
-19.280000000000   0.003809900894
-19.260000000000   0.003611664752
-19.240000000000   0.003741917618
-19.220000000000   0.003661862861
-19.200000000000   0.003628384075
-19.180000000000   0.003762130985
-19.160000000000   0.003789047854
-19.140000000000   0.003795184271
-19.120000000000   0.003739268145
-19.100000000000   0.003743590049
-19.080000000000   0.003632245306
-19.060000000000   0.003809938600
-19.040000000000   0.003750840351
-19.020000000000   0.003723653881
-19.000000000000   0.003715596147
-18.980000000000   0.003670531963
-18.960000000000   0.003834666759
-18.940000000000   0.003764769220
-18.920000000000   0.003784806049
-18.900000000000   0.003824247196
-18.880000000000   0.003778706252
-18.860000000000   0.003802223063
-18.840000000000   0.003912936783
-18.820000000000   0.003803032261
-18.800000000000   0.003782507418
-18.780000000000   0.003739358556
-18.760000000000   0.003905614323
-18.740000000000   0.004008028510
-18.720000000000   0.003991377204
-18.700000000000   0.004030964398
-18.680000000000   0.003871087464
-18.660000000000   0.003883969976
-18.640000000000   0.003880455651
-18.620000000000   0.004019204386
-18.600000000000   0.004034049898
-18.580000000000   0.004006941695
-18.560000000000   0.003919946894
-18.540000000000   0.003887246719
-18.520000000000   0.004019498390
-18.500000000000   0.004032151117
-18.480000000000   0.003967450022
-18.460000000000   0.003932432648
-18.440000000000   0.004117781914
-18.420000000000   0.004035430456
-18.400000000000   0.004004607336
-18.380000000000   0.003889697381
-18.360000000000   0.004099141327
-18.340000000000   0.004107948102
-18.320000000000   0.004245507557
-18.300000000000   0.004072703363
-18.280000000000   0.004091575968
-18.260000000000   0.004176267793
-18.240000000000   0.004229063473
-18.220000000000   0.004045839783
-18.200000000000   0.004058091053
-18.180000000000   0.004101120712
-18.160000000000   0.004254159870
-18.140000000000   0.004103669642
-18.120000000000   0.004239806558
-18.100000000000   0.004214554853
-18.080000000000   0.004262637889
-18.060000000000   0.004171438564
-18.040000000000   0.004226163174
-18.020000000000   0.004281465264
-18.000000000000   0.004224241136
-17.980000000000   0.004320877021
-17.960000000000   0.004430639226
-17.940000000000   0.004286060646
-17.920000000000   0.004298811042
-17.900000000000   0.004420765148
-17.880000000000   0.004319233726
-17.860000000000   0.004262011505
-17.840000000000   0.004318292444
-17.820000000000   0.004432714491
-17.800000000000   0.004406767914
-17.780000000000   0.004505800915
-17.760000000000   0.004293597863
-17.740000000000   0.004492179448
-17.720000000000   0.004428130176
-17.700000000000   0.004484217401
-17.680000000000   0.004376141392
-17.660000000000   0.004599684888
-17.640000000000   0.004561473961
-17.620000000000   0.004447570056
-17.600000000000   0.004401218938
-17.580000000000   0.004600295175
-17.560000000000   0.004542721416
-17.540000000000   0.004424532863
-17.520000000000   0.004568700718
-17.500000000000   0.004668192652
-17.480000000000   0.004597898708
-17.460000000000   0.004586482602
-17.440000000000   0.004532018428
-17.420000000000   0.004622743111
-17.400000000000   0.004776283529
-17.380000000000   0.004621968139
-17.360000000000   0.004893428524
-17.340000000000   0.004809606140
-17.320000000000   0.004691565728
-17.300000000000   0.004805322837
-17.280000000000   0.004822172857
-17.260000000000   0.004811069586
-17.240000000000   0.004769134190
-17.220000000000   0.004964070470
-17.200000000000   0.004846335097
-17.180000000000   0.004863316900
-17.160000000000   0.004892580871
-17.140000000000   0.004919936567
-17.120000000000   0.004997943913
-17.100000000000   0.004893834513
-17.080000000000   0.004915133039
-17.060000000000   0.004959191904
-17.040000000000   0.004985143849
-17.020000000000   0.004942790524
-17.000000000000   0.004977639487
-16.980000000000   0.005143404053
-16.960000000000   0.004943499810
-16.940000000000   0.005090143909
-16.920000000000   0.005002985151
-16.900000000000   0.004999281299
-16.880000000000   0.005131428129
-16.860000000000   0.005020317076
-16.840000000000   0.005105030346
-16.820000000000   0.005218708851
-16.800000000000   0.005138363735
-16.780000000000   0.005304594744
-16.760000000000   0.005240079577
-16.740000000000   0.005178254013
-16.720000000000   0.005097886043
-16.700000000000   0.005292987125
-16.680000000000   0.005218156684
-16.660000000000   0.005250759126
-16.640000000000   0.005390921761
-16.620000000000   0.005346496269
-16.600000000000   0.005536990729
-16.580000000000   0.005351967860
-16.560000000000   0.005312990443
-16.540000000000   0.005291701251
-16.520000000000   0.005419607989
-16.500000000000   0.005292325597
-16.480000000000   0.005514221921
-16.460000000000   0.005562976713
-16.440000000000   0.005437341372
-16.420000000000   0.005532324325
-16.400000000000   0.005608429755
-16.380000000000   0.005673173200
-16.360000000000   0.005667260723
-16.340000000000   0.005543700159
-16.320000000000   0.005564079907
-16.300000000000   0.005524373547
-16.280000000000   0.005589505829
-16.260000000000   0.005680563950
-16.240000000000   0.005736966418
-16.220000000000   0.005709554247
-16.200000000000   0.005714944599
-16.180000000000   0.005886169972
-16.160000000000   0.005821891603
-16.140000000000   0.005808141337
-16.120000000000   0.005947352468
-16.100000000000   0.005870386826
-16.080000000000   0.005914638556
-16.060000000000   0.005846415384
-16.040000000000   0.005844389532
-16.020000000000   0.006021588497
-16.000000000000   0.005967307261
-15.980000000000   0.005944768822
-15.960000000000   0.006235729861
-15.940000000000   0.006051537174
-15.920000000000   0.005958390165
-15.900000000000   0.006339516219
-15.880000000000   0.006097242517
-15.860000000000   0.006173896889
-15.840000000000   0.006075383113
-15.820000000000   0.006157624774
-15.800000000000   0.006283518846
-15.780000000000   0.006305368153
-15.760000000000   0.006143284392
-15.740000000000   0.006196478953
-15.720000000000   0.006204585987
-15.700000000000   0.006364554204
-15.680000000000   0.006283308320
-15.660000000000   0.006333288105
-15.640000000000   0.006342241348
-15.620000000000   0.006401565641
-15.600000000000   0.006455775106
-15.580000000000   0.006351471348
-15.560000000000   0.006634341722
-15.540000000000   0.006425075101
-15.520000000000   0.006527994544
-15.500000000000   0.006695184604
-15.480000000000   0.006608303160
-15.460000000000   0.006715393206
-15.440000000000   0.006740899718
-15.420000000000   0.006642181836
-15.400000000000   0.006790016780
-15.380000000000   0.006745531392
-15.360000000000   0.006840966735
-15.340000000000   0.006949842098
-15.320000000000   0.006920507098
-15.300000000000   0.006915017402
-15.280000000000   0.006823856558
-15.260000000000   0.006902885013
-15.240000000000   0.007059659256
-15.220000000000   0.006884781905
-15.200000000000   0.007103773572
-15.180000000000   0.007253944567
-15.160000000000   0.007087786875
-15.140000000000   0.007142543274
-15.120000000000   0.007329413817
-15.100000000000   0.007215245295
-15.080000000000   0.007360188039
-15.060000000000   0.007160670370
-15.040000000000   0.007431148586
-15.020000000000   0.007476179937
-15.000000000000   0.007329381214
-14.980000000000   0.007565384897
-14.960000000000   0.007475277417
-14.940000000000   0.007428625726
-14.920000000000   0.007227303600
-14.900000000000   0.007490282734
-14.880000000000   0.007737981534
-14.860000000000   0.007538950514
-14.840000000000   0.007660673989
-14.820000000000   0.007778833825
-14.800000000000   0.007620870940
-14.780000000000   0.007676474522
-14.760000000000   0.007659816119
-14.740000000000   0.007733619677
-14.720000000000   0.007743392116
-14.700000000000   0.007797408841
-14.680000000000   0.008070789660
-14.660000000000   0.007778205490
-14.640000000000   0.007926950746
-14.620000000000   0.008031055862
-14.600000000000   0.007886992477
-14.580000000000   0.007947372762
-14.560000000000   0.008226010800
-14.540000000000   0.008092094847
-14.520000000000   0.008258252052
-14.500000000000   0.008329200523
-14.480000000000   0.008351709150
-14.460000000000   0.008465239965
-14.440000000000   0.008262672476
-14.420000000000   0.008227412685
-14.400000000000   0.008405078463
-14.380000000000   0.008723784340
-14.360000000000   0.008464990407
-14.340000000000   0.008854391274
-14.320000000000   0.008670843607
-14.300000000000   0.008672847204
-14.280000000000   0.008653203518
-14.260000000000   0.008794991666
-14.240000000000   0.008684255148
-14.220000000000   0.008956352613
-14.200000000000   0.008841996740
-14.180000000000   0.008984065925
-14.160000000000   0.008964490770
-14.140000000000   0.008840446826
-14.120000000000   0.009305557861
-14.100000000000   0.009192405019
-14.080000000000   0.009180310440
-14.060000000000   0.009226574008
-14.040000000000   0.009281880087
-14.020000000000   0.009179369112
-14.000000000000   0.009282369187
-13.980000000000   0.009558801986
-13.960000000000   0.009379288784
-13.940000000000   0.009341503162
-13.920000000000   0.009490226150
-13.900000000000   0.009585493679
-13.880000000000   0.009747404842
-13.860000000000   0.009666543045
-13.840000000000   0.009637883241
-13.820000000000   0.009672099394
-13.800000000000   0.010084635528
-13.780000000000   0.009887915950
-13.760000000000   0.010050764050
-13.740000000000   0.009865398580
-13.720000000000   0.010120256844
-13.700000000000   0.010045401436
-13.680000000000   0.010247078210
-13.660000000000   0.010193045008
-13.640000000000   0.010308798332
-13.620000000000   0.010410846175
-13.600000000000   0.010223986863
-13.580000000000   0.010440200759
-13.560000000000   0.010493386959
-13.540000000000   0.010529333652
-13.520000000000   0.010750450234
-13.500000000000   0.010485224973
-13.480000000000   0.010677331689
-13.460000000000   0.010710642009
-13.440000000000   0.010920359125
-13.420000000000   0.010986938770
-13.400000000000   0.011156250299
-13.380000000000   0.011158884720
-13.360000000000   0.010942450972
-13.340000000000   0.011368671567
-13.320000000000   0.011192608825
-13.300000000000   0.011407551962
-13.280000000000   0.011115402681
-13.260000000000   0.011244167998
-13.240000000000   0.011414391366
-13.220000000000   0.011335316123
-13.200000000000   0.011572735712
-13.180000000000   0.011693564617
-13.160000000000   0.011626890044
-13.140000000000   0.011705880461
-13.120000000000   0.011633892054
-13.100000000000   0.012055451509
-13.080000000000   0.011919266440
-13.060000000000   0.012279479412
-13.040000000000   0.011955148663
-13.020000000000   0.012415361381
-13.000000000000   0.012261733670
-12.980000000000   0.012281737375
-12.960000000000   0.012505051581
-12.940000000000   0.012726435008
-12.920000000000   0.012862579790
-12.900000000000   0.013015077433
-12.880000000000   0.013083851148
-12.860000000000   0.012857446354
-12.840000000000   0.012854733469
-12.820000000000   0.013117601174
-12.800000000000   0.013217944764
-12.780000000000   0.013241371677
-12.760000000000   0.013394141986
-12.740000000000   0.013362690799
-12.720000000000   0.013402081124
-12.700000000000   0.013333269272
-12.680000000000   0.013550594798
-12.660000000000   0.013196918924
-12.640000000000   0.013700421944
-12.620000000000   0.013672644030
-12.600000000000   0.014144257378
-12.580000000000   0.014220568007
-12.560000000000   0.014159086706
-12.540000000000   0.014071701348
-12.520000000000   0.014446532050
-12.500000000000   0.014425509557
-12.480000000000   0.014203346032
-12.460000000000   0.014358653675
-12.440000000000   0.014610303041
-12.420000000000   0.014732534382
-12.400000000000   0.014833270592
-12.380000000000   0.015064222804
-12.360000000000   0.015147388310
-12.340000000000   0.015139280648
-12.320000000000   0.015190619479
-12.300000000000   0.015352279013
-12.280000000000   0.015202046316
-12.260000000000   0.015566704919
-12.240000000000   0.015595805376
-12.220000000000   0.015766088313
-12.200000000000   0.015520584837
-12.180000000000   0.015986140754
-12.160000000000   0.015882131671
-12.140000000000   0.015971771160
-12.120000000000   0.016450165697
-12.100000000000   0.015946178098
-12.080000000000   0.016744490998
-12.060000000000   0.016564265583
-12.040000000000   0.016838415558
-12.020000000000   0.016896815771
-12.000000000000   0.016888579667
-11.980000000000   0.017121782909
-11.960000000000   0.017034696052
-11.940000000000   0.017396834348
-11.920000000000   0.017012257949
-11.900000000000   0.017451987985
-11.880000000000   0.017496596003
-11.860000000000   0.017485480384
-11.840000000000   0.017933960690
-11.820000000000   0.018080215828
-11.800000000000   0.018282079145
-11.780000000000   0.018407108300
-11.760000000000   0.018140060677
-11.740000000000   0.018465456602
-11.720000000000   0.018851097356
-11.700000000000   0.018818143846
-11.680000000000   0.018501091582
-11.660000000000   0.019017990684
-11.640000000000   0.018996147616
-11.620000000000   0.019540047137
-11.600000000000   0.019259908694
-11.580000000000   0.019512098722
-11.560000000000   0.019713124517
-11.540000000000   0.019932221146
-11.520000000000   0.019672709050
-11.500000000000   0.020356368593
-11.480000000000   0.020239596125
-11.460000000000   0.020415505770
-11.440000000000   0.020702833141
-11.420000000000   0.020647658792
-11.400000000000   0.021039804729
-11.380000000000   0.020584559066
-11.360000000000   0.021031386342
-11.340000000000   0.020991976895
-11.320000000000   0.021377365588
-11.300000000000   0.021861074187
-11.280000000000   0.021539339212
-11.260000000000   0.021796705894
-11.240000000000   0.021980658515
-11.220000000000   0.022310292337
-11.200000000000   0.022076785230
-11.180000000000   0.022440701751
-11.160000000000   0.022234709621
-11.140000000000   0.023296169376
-11.120000000000   0.023071234753
-11.100000000000   0.022818336478
-11.080000000000   0.023474985655
-11.060000000000   0.023434402261
-11.040000000000   0.023585530516
-11.020000000000   0.023803173524
-11.000000000000   0.023569732434
-10.980000000000   0.024600668127
-10.960000000000   0.024468212609
-10.940000000000   0.024129674542
-10.920000000000   0.024826530180
-10.900000000000   0.024578498522
-10.880000000000   0.024912177893
-10.860000000000   0.025116983874
-10.840000000000   0.025315881525
-10.820000000000   0.025113001761
-10.800000000000   0.025797447316
-10.780000000000   0.025551538923
-10.760000000000   0.026009540106
-10.740000000000   0.026404199036
-10.720000000000   0.026563701437
-10.700000000000   0.026443018441
-10.680000000000   0.027119087684
-10.660000000000   0.027123909398
-10.640000000000   0.026975131162
-10.620000000000   0.027597951403
-10.600000000000   0.027605916920
-10.580000000000   0.027277382619
-10.560000000000   0.027898665957
-10.540000000000   0.028037305328
-10.520000000000   0.028526826435
-10.500000000000   0.028811637880
-10.480000000000   0.028926773095
-10.460000000000   0.028670395309
-10.440000000000   0.029330042560
-10.420000000000   0.029419830387
-10.400000000000   0.030129939623
-10.380000000000   0.029483918075
-10.360000000000   0.029703348351
-10.340000000000   0.029886588815
-10.320000000000   0.030202336551
-10.300000000000   0.031473636398
-10.280000000000   0.030681748235
-10.260000000000   0.031266648564
-10.240000000000   0.030635943303
-10.220000000000   0.031284227315
-10.200000000000   0.032026781029
-10.180000000000   0.031520844592
-10.160000000000   0.032690711429
-10.140000000000   0.033409504910
-10.120000000000   0.032985650535
-10.100000000000   0.032519807047
-10.080000000000   0.033286104229
-10.060000000000   0.033567734577
-10.040000000000   0.033958667904
-10.020000000000   0.033586984491
-10.000000000000   0.034398027301
 -9.980000000000   0.033777137686
 -9.960000000000   0.034289918066
 -9.940000000000   0.034600125977
 -9.920000000000   0.035125281233
 -9.900000000000   0.034830354187
 -9.880000000000   0.035670833343
 -9.860000000000   0.035966674842
 -9.840000000000   0.035912030637
 -9.820000000000   0.036138886092
 -9.800000000000   0.035957492144
 -9.780000000000   0.036463371739
 -9.760000000000   0.036210188447
 -9.740000000000   0.036767611446
 -9.720000000000   0.036853609854
 -9.700000000000   0.037003838040
 -9.680000000000   0.037771727283
 -9.660000000000   0.037731351369
 -9.640000000000   0.038193139851
 -9.620000000000   0.038403754971
 -9.600000000000   0.038730739698
 -9.580000000000   0.038897560851
 -9.560000000000   0.039674598794
 -9.540000000000   0.038870698312
 -9.520000000000   0.039502617405
 -9.500000000000   0.039976458005
 -9.480000000000   0.039678623175
 -9.460000000000   0.040231704557
 -9.440000000000   0.040114245116
 -9.420000000000   0.040937636018
 -9.400000000000   0.041322177033
 -9.380000000000   0.041382323973
 -9.360000000000   0.041632847066
 -9.340000000000   0.042539710068
 -9.320000000000   0.041779210450
 -9.300000000000   0.042350957581
 -9.280000000000   0.043177260002
 -9.260000000000   0.042158665234
 -9.240000000000   0.043409191715
 -9.220000000000   0.043761914027
 -9.200000000000   0.043979194608
 -9.180000000000   0.044426208084
 -9.160000000000   0.044300839570
 -9.140000000000   0.043886227083
 -9.120000000000   0.044622265231
 -9.100000000000   0.043944608839
 -9.080000000000   0.044942128809
 -9.060000000000   0.045870667115
 -9.040000000000   0.045441768544
 -9.020000000000   0.045848531195
 -9.000000000000   0.046923777507
 -8.980000000000   0.045564858853
 -8.960000000000   0.046170927304
 -8.940000000000   0.046520994159
 -8.920000000000   0.047236741324
 -8.900000000000   0.046219177438
 -8.880000000000   0.047975284843
 -8.860000000000   0.047677377175
 -8.840000000000   0.047660937717
 -8.820000000000   0.047779071738
 -8.800000000000   0.047801376245
 -8.780000000000   0.048410556025
 -8.760000000000   0.047943658950
 -8.740000000000   0.048048200428
 -8.720000000000   0.048511929041
 -8.700000000000   0.048460640199
 -8.680000000000   0.049523562580
 -8.660000000000   0.048669582274
 -8.640000000000   0.049740563957
 -8.620000000000   0.048853411791
 -8.600000000000   0.049368265139
 -8.580000000000   0.050187888572
 -8.560000000000   0.049500088915
 -8.540000000000   0.050721014821
 -8.520000000000   0.050463143069
 -8.500000000000   0.050438841001
 -8.480000000000   0.051114032493
 -8.460000000000   0.051230320365
 -8.440000000000   0.051383286674
 -8.420000000000   0.050314516715
 -8.400000000000   0.051529803787
 -8.380000000000   0.052055027813
 -8.360000000000   0.051041139787
 -8.340000000000   0.051824822173
 -8.320000000000   0.051218904677
 -8.300000000000   0.051146896357
 -8.280000000000   0.052097820471
 -8.260000000000   0.052902582906
 -8.240000000000   0.052701610599
 -8.220000000000   0.051495085613
 -8.200000000000   0.051984055486
 -8.180000000000   0.052254411778
 -8.160000000000   0.052776426250
 -8.140000000000   0.052957377172
 -8.120000000000   0.053432322693
 -8.100000000000   0.052705381528
 -8.080000000000   0.052685105369
 -8.060000000000   0.053086219487
 -8.040000000000   0.053498060359
 -8.020000000000   0.053175568488
 -8.000000000000   0.052739260449
 -7.980000000000   0.053500438039
 -7.960000000000   0.053510359899
 -7.940000000000   0.053380932789
 -7.920000000000   0.053266192333
 -7.900000000000   0.052402230520
 -7.880000000000   0.052218942570
 -7.860000000000   0.052833262086
 -7.840000000000   0.052948746552
 -7.820000000000   0.053314058805
 -7.800000000000   0.052950344878
 -7.780000000000   0.052635366078
 -7.760000000000   0.053431319942
 -7.740000000000   0.053347689108
 -7.720000000000   0.053090059095
 -7.700000000000   0.052246802774
 -7.680000000000   0.053572061663
 -7.660000000000   0.052782662455
 -7.640000000000   0.053258079597
 -7.620000000000   0.051918008418
 -7.600000000000   0.052812894876
 -7.580000000000   0.052904173394
 -7.560000000000   0.052037327883
 -7.540000000000   0.052179284850
 -7.520000000000   0.051825567557
 -7.500000000000   0.052527644894
 -7.480000000000   0.051945343296
 -7.460000000000   0.052338579056
 -7.440000000000   0.051887935856
 -7.420000000000   0.052280993991
 -7.400000000000   0.052504003569
 -7.380000000000   0.051990042198
 -7.360000000000   0.051340494821
 -7.340000000000   0.051448655909
 -7.320000000000   0.051357190639
 -7.300000000000   0.051117425037
 -7.280000000000   0.050968445474
 -7.260000000000   0.051182423838
 -7.240000000000   0.050845042274
 -7.220000000000   0.051144240176
 -7.200000000000   0.050202516661
 -7.180000000000   0.049761259177
 -7.160000000000   0.050057799399
 -7.140000000000   0.049700780547
 -7.120000000000   0.050631193519
 -7.100000000000   0.049143447204
 -7.080000000000   0.049566031592
 -7.060000000000   0.049577709541
 -7.040000000000   0.049975509041
 -7.020000000000   0.048246400783
 -7.000000000000   0.047942192460
 -6.980000000000   0.049134846826
 -6.960000000000   0.047931737440
 -6.940000000000   0.048028656693
 -6.920000000000   0.047467950942
 -6.900000000000   0.048491711349
 -6.880000000000   0.046992981376
 -6.860000000000   0.047316135257
 -6.840000000000   0.046961167996
 -6.820000000000   0.047106684724
 -6.800000000000   0.046758705426
 -6.780000000000   0.046768405991
 -6.760000000000   0.046390052503
 -6.740000000000   0.045459653078
 -6.720000000000   0.046124975422
 -6.700000000000   0.046015473023
 -6.680000000000   0.045765045867
 -6.660000000000   0.045366653243
 -6.640000000000   0.044768813928
 -6.620000000000   0.044858442358
 -6.600000000000   0.043705710289
 -6.580000000000   0.044403474718
 -6.560000000000   0.043951333622
 -6.540000000000   0.044259086438
 -6.520000000000   0.044075479698
 -6.500000000000   0.042993682574
 -6.480000000000   0.043134120488
 -6.460000000000   0.042801811267
 -6.440000000000   0.042727000119
 -6.420000000000   0.042065077512
 -6.400000000000   0.042605324954
 -6.380000000000   0.041882222706
 -6.360000000000   0.042332565126
 -6.340000000000   0.042031882156
 -6.320000000000   0.041566718640
 -6.300000000000   0.041076583706
 -6.280000000000   0.041237012199
 -6.260000000000   0.040362273891
 -6.240000000000   0.040750719360
 -6.220000000000   0.039721882692
 -6.200000000000   0.039804037405
 -6.180000000000   0.040028255909
 -6.160000000000   0.039078885979
 -6.140000000000   0.038588027757
 -6.120000000000   0.039058719734
 -6.100000000000   0.038684631424
 -6.080000000000   0.038041301204
 -6.060000000000   0.038559459921
 -6.040000000000   0.038496291782
 -6.020000000000   0.038156418358
 -6.000000000000   0.037630911491
 -5.980000000000   0.037633814517
 -5.960000000000   0.036865786501
 -5.940000000000   0.037026556267
 -5.920000000000   0.037246748150
 -5.900000000000   0.036864621252
 -5.880000000000   0.036364053317
 -5.860000000000   0.036080090987
 -5.840000000000   0.036069905277
 -5.820000000000   0.035937900877
 -5.800000000000   0.035463639295
 -5.780000000000   0.035311205444
 -5.760000000000   0.035779396096
 -5.740000000000   0.034932847288
 -5.720000000000   0.035275730166
 -5.700000000000   0.035188590969
 -5.680000000000   0.034575302410
 -5.660000000000   0.034448915802
 -5.640000000000   0.034613910252
 -5.620000000000   0.034298522803
 -5.600000000000   0.033722454735
 -5.580000000000   0.034400339307
 -5.560000000000   0.033329627720
 -5.540000000000   0.033425136479
 -5.520000000000   0.033647301687
 -5.500000000000   0.033143120459
 -5.480000000000   0.034082182944
 -5.460000000000   0.032961337734
 -5.440000000000   0.032715755024
 -5.420000000000   0.032200628763
 -5.400000000000   0.032335995435
 -5.380000000000   0.032610809582
 -5.360000000000   0.032622253960
 -5.340000000000   0.032407556086
 -5.320000000000   0.031673096544
 -5.300000000000   0.032475353798
 -5.280000000000   0.031854889986
 -5.260000000000   0.032343200529
 -5.240000000000   0.031741559783
 -5.220000000000   0.032212947607
 -5.200000000000   0.031305978374
 -5.180000000000   0.031592000027
 -5.160000000000   0.031627966905
 -5.140000000000   0.031105669897
 -5.120000000000   0.031752986670
 -5.100000000000   0.030987104761
 -5.080000000000   0.030540283683
 -5.060000000000   0.030937089340
 -5.040000000000   0.030392888656
 -5.020000000000   0.030787073532
 -5.000000000000   0.030203201724
 -4.980000000000   0.030473283911
 -4.960000000000   0.030777711689
 -4.940000000000   0.030599403600
 -4.920000000000   0.030070165468
 -4.900000000000   0.030382538138
 -4.880000000000   0.030721901743
 -4.860000000000   0.030354165539
 -4.840000000000   0.029936599008
 -4.820000000000   0.030243106191
 -4.800000000000   0.030833753400
 -4.780000000000   0.030971855122
 -4.760000000000   0.030877853187
 -4.740000000000   0.030615534154
 -4.720000000000   0.031032067586
 -4.700000000000   0.031198033501
 -4.680000000000   0.030973325949
 -4.660000000000   0.030935739744
 -4.640000000000   0.031260020094
 -4.620000000000   0.031063442514
 -4.600000000000   0.030912660051
 -4.580000000000   0.031209246750
 -4.560000000000   0.031177727220
 -4.540000000000   0.031392687375
 -4.520000000000   0.031199454156
 -4.500000000000   0.031862270519
 -4.480000000000   0.031444217102
 -4.460000000000   0.031871095715
 -4.440000000000   0.031354865824
 -4.420000000000   0.031581336423
 -4.400000000000   0.032014438001
 -4.380000000000   0.032230780232
 -4.360000000000   0.032096554296
 -4.340000000000   0.032456594864
 -4.320000000000   0.033212575948
 -4.300000000000   0.033340230115
 -4.280000000000   0.032898020752
 -4.260000000000   0.033628665276
 -4.240000000000   0.033016310431
 -4.220000000000   0.033913798678
 -4.200000000000   0.033968112441
 -4.180000000000   0.034656345440
 -4.160000000000   0.034843764024
 -4.140000000000   0.035584698791
 -4.120000000000   0.035564687148
 -4.100000000000   0.035587646422
 -4.080000000000   0.035598353453
 -4.060000000000   0.036722325126
 -4.040000000000   0.037678356995
 -4.020000000000   0.037933933677
 -4.000000000000   0.038887773079
 -3.980000000000   0.038264921625
 -3.960000000000   0.039096648126
 -3.940000000000   0.039135026873
 -3.920000000000   0.039493064427
 -3.900000000000   0.040204994558
 -3.880000000000   0.040923686699
 -3.860000000000   0.041035279846
 -3.840000000000   0.041339489888
 -3.820000000000   0.041907866956
 -3.800000000000   0.043188545084
 -3.780000000000   0.043591867282
 -3.760000000000   0.044298397551
 -3.740000000000   0.044100482113
 -3.720000000000   0.045698924240
 -3.700000000000   0.046361803820
 -3.680000000000   0.047130730852
 -3.660000000000   0.048630076546
 -3.640000000000   0.049089733844
 -3.620000000000   0.049764929356
 -3.600000000000   0.050830423840
 -3.580000000000   0.052077624163
 -3.560000000000   0.053053200150
 -3.540000000000   0.053770525732
 -3.520000000000   0.055541785406
 -3.500000000000   0.055399746566
 -3.480000000000   0.057717221871
 -3.460000000000   0.058379523031
 -3.440000000000   0.059698311567
 -3.420000000000   0.061248817215
 -3.400000000000   0.063403174535
 -3.380000000000   0.064881759508
 -3.360000000000   0.066890336740
 -3.340000000000   0.068401657856
 -3.320000000000   0.070175613955
 -3.300000000000   0.071434596141
 -3.280000000000   0.072716674867
 -3.260000000000   0.075107329888
 -3.240000000000   0.078242872380
 -3.220000000000   0.079484588655
 -3.200000000000   0.082500525232
 -3.180000000000   0.084105915293
 -3.160000000000   0.086905623476
 -3.140000000000   0.089151149499
 -3.120000000000   0.091624015198
 -3.100000000000   0.095198820800
 -3.080000000000   0.098230760689
 -3.060000000000   0.099263811482
 -3.040000000000   0.103928739801
 -3.020000000000   0.106513045752
 -3.000000000000   0.108594701463
 -2.980000000000   0.113241636462
 -2.960000000000   0.114744332610
 -2.940000000000   0.119101384352
 -2.920000000000   0.121716142017
 -2.900000000000   0.124798579372
 -2.880000000000   0.129444763180
 -2.860000000000   0.129780321477
 -2.840000000000   0.134152332369
 -2.820000000000   0.137918663140
 -2.800000000000   0.139945344252
 -2.780000000000   0.143512413733
 -2.760000000000   0.145023093333
 -2.740000000000   0.148946309525
 -2.720000000000   0.149324783850
 -2.700000000000   0.151727165339
 -2.680000000000   0.152622544883
 -2.660000000000   0.151589896405
 -2.640000000000   0.153822363347
 -2.620000000000   0.152827017555
 -2.600000000000   0.153164487724
 -2.580000000000   0.151866458176
 -2.560000000000   0.150764066947
 -2.540000000000   0.148289582944
 -2.520000000000   0.146144462302
 -2.500000000000   0.142466324174
 -2.480000000000   0.139846466680
 -2.460000000000   0.135144921595
 -2.440000000000   0.129862201646
 -2.420000000000   0.124818424563
 -2.400000000000   0.120203660209
 -2.380000000000   0.115177523480
 -2.360000000000   0.109480605064
 -2.340000000000   0.103031526900
 -2.320000000000   0.098194982879
 -2.300000000000   0.090931621384
 -2.280000000000   0.086133226199
 -2.260000000000   0.080054828995
 -2.240000000000   0.073962692198
 -2.220000000000   0.067667300268
 -2.200000000000   0.062249534614
 -2.180000000000   0.056000252348
 -2.160000000000   0.051986946910
 -2.140000000000   0.046859039368
 -2.120000000000   0.042055168158
 -2.100000000000   0.038376941548
 -2.080000000000   0.034461250915
 -2.060000000000   0.030932438217
 -2.040000000000   0.027927816730
 -2.020000000000   0.024423367308
 -2.000000000000   0.021143406019
 -1.980000000000   0.018942986942
 -1.960000000000   0.017179806276
 -1.940000000000   0.015175930741
 -1.920000000000   0.013095014540
 -1.900000000000   0.011869499696
 -1.880000000000   0.010353446616
 -1.860000000000   0.009232082899
 -1.840000000000   0.007924458585
 -1.820000000000   0.007016445971
 -1.800000000000   0.005997331824
 -1.780000000000   0.005319770928
 -1.760000000000   0.004684376977
 -1.740000000000   0.003973047992
 -1.720000000000   0.003591335591
 -1.700000000000   0.003224006694
 -1.680000000000   0.002713698622
 -1.660000000000   0.002266431043
 -1.640000000000   0.001991352154
 -1.620000000000   0.001826607058
 -1.600000000000   0.001584712637
 -1.580000000000   0.001476050688
 -1.560000000000   0.001204140566
 -1.540000000000   0.001024773013
 -1.520000000000   0.000958931128
 -1.500000000000   0.000848289166
 -1.480000000000   0.000703651001
 -1.460000000000   0.000577862620
 -1.440000000000   0.000535179847
 -1.420000000000   0.000433988756
 -1.400000000000   0.000409323776
 -1.380000000000   0.000356419523
 -1.360000000000   0.000319013625
 -1.340000000000   0.000283569098
 -1.320000000000   0.000237371373
 -1.300000000000   0.000223159389
 -1.280000000000   0.000212550904
 -1.260000000000   0.000176124236
 -1.240000000000   0.000171688021
 -1.220000000000   0.000153544266
 -1.200000000000   0.000144344157
 -1.180000000000   0.000126748241
 -1.160000000000   0.000114272691
 -1.140000000000   0.000109193840
 -1.120000000000   0.000099747877
 -1.100000000000   0.000096346012
 -1.080000000000   0.000089305159
 -1.060000000000   0.000081080417
 -1.040000000000   0.000078231761
 -1.020000000000   0.000073720546
 -1.000000000000   0.000068712639
 -0.980000000000   0.000065405305
 -0.960000000000   0.000061478591
 -0.940000000000   0.000061350247
 -0.920000000000   0.000058148528
 -0.900000000000   0.000056506060
 -0.880000000000   0.000054437915
 -0.860000000000   0.000050050536
 -0.840000000000   0.000049234586
 -0.820000000000   0.000049359395
 -0.800000000000   0.000048309136
 -0.780000000000   0.000046162461
 -0.760000000000   0.000044906695
 -0.740000000000   0.000044021309
 -0.720000000000   0.000043869700
 -0.700000000000   0.000042639709
 -0.680000000000   0.000041923739
 -0.660000000000   0.000041476101
 -0.640000000000   0.000041246536
 -0.620000000000   0.000041074004
 -0.600000000000   0.000039970251
 -0.580000000000   0.000040141833
 -0.560000000000   0.000040193950
 -0.540000000000   0.000039554283
 -0.520000000000   0.000040154789
 -0.500000000000   0.000039467163
 -0.480000000000   0.000039483891
 -0.460000000000   0.000039723325
 -0.440000000000   0.000039722800
 -0.420000000000   0.000039595366
 -0.400000000000   0.000039622042
 -0.380000000000   0.000039904702
 -0.360000000000   0.000039881620
 -0.340000000000   0.000040142326
 -0.320000000000   0.000040349912
 -0.300000000000   0.000040553177
 -0.280000000000   0.000040904915
 -0.260000000000   0.000041187901
 -0.240000000000   0.000041554451
 -0.220000000000   0.000041814297
 -0.200000000000   0.000042321049
 -0.180000000000   0.000042592423
 -0.160000000000   0.000043237015
 -0.140000000000   0.000043560447
 -0.120000000000   0.000044091987
 -0.100000000000   0.000044645702
 -0.080000000000   0.000045305944
 -0.060000000000   0.000045758648
 -0.040000000000   0.000046400165
 -0.020000000000   0.000047045033
  0.000000000000   0.000047757600
  0.020000000000   0.000048558023
  0.040000000000   0.000049323939
  0.060000000000   0.000050378580
  0.080000000000   0.000051272964
  0.100000000000   0.000052255610
  0.120000000000   0.000053277890
  0.140000000000   0.000054413323
  0.160000000000   0.000055746190
  0.180000000000   0.000056869145
  0.200000000000   0.000058250922
  0.220000000000   0.000059891381
  0.240000000000   0.000061411612
  0.260000000000   0.000063426498
  0.280000000000   0.000065393276
  0.300000000000   0.000068050757
  0.320000000000   0.000069875355
  0.340000000000   0.000072350484
  0.360000000000   0.000076271309
  0.380000000000   0.000078401160
  0.400000000000   0.000082704888
  0.420000000000   0.000087916255
  0.440000000000   0.000092529743
  0.460000000000   0.000098132674
  0.480000000000   0.000104331991
  0.500000000000   0.000110213351
  0.520000000000   0.000120827534
  0.540000000000   0.000131274150
  0.560000000000   0.000142354681
  0.580000000000   0.000156490734
  0.600000000000   0.000175906638
  0.620000000000   0.000194003662
  0.640000000000   0.000222361020
  0.660000000000   0.000246415635
  0.680000000000   0.000294489339
  0.700000000000   0.000350005620
  0.720000000000   0.000423906142
  0.740000000000   0.000490786200
  0.760000000000   0.000617745293
  0.780000000000   0.000741769136
  0.800000000000   0.000898062837
  0.820000000000   0.001161331349
  0.840000000000   0.001441061143
  0.860000000000   0.001703809439
  0.880000000000   0.002183806431
  0.900000000000   0.002496302967
  0.920000000000   0.002958383212
  0.940000000000   0.003781666248
  0.960000000000   0.004794914599
  0.980000000000   0.005496186632
  1.000000000000   0.006670141556
  1.020000000000   0.007850710116
  1.040000000000   0.009281213570
  1.060000000000   0.010527325752
  1.080000000000   0.012759631770
  1.100000000000   0.014538371427
  1.120000000000   0.017021657993
  1.140000000000   0.020026082451
  1.160000000000   0.022123291074
  1.180000000000   0.024985176403
  1.200000000000   0.028482278382
  1.220000000000   0.031974352843
  1.240000000000   0.035582732382
  1.260000000000   0.039973698635
  1.280000000000   0.045740551379
  1.300000000000   0.049896038225
  1.320000000000   0.058275323730
  1.340000000000   0.063498610605
  1.360000000000   0.070695358567
  1.380000000000   0.080765339458
  1.400000000000   0.090526859970
  1.420000000000   0.100777623220
  1.440000000000   0.114168461020
  1.460000000000   0.126935771779
  1.480000000000   0.140595677082
  1.500000000000   0.158579909572
  1.520000000000   0.175809965683
  1.540000000000   0.196860845656
  1.560000000000   0.219142937661
  1.580000000000   0.244639477296
  1.600000000000   0.270855497388
  1.620000000000   0.302052219992
  1.640000000000   0.333961646270
  1.660000000000   0.368391134393
  1.680000000000   0.404325449694
  1.700000000000   0.441933988612
  1.720000000000   0.476158727085
  1.740000000000   0.514359831208
  1.760000000000   0.548474906740
  1.780000000000   0.578028814752
  1.800000000000   0.606345482131
  1.820000000000   0.626873927990
  1.840000000000   0.633946669862
  1.860000000000   0.640809799552
  1.880000000000   0.638635835377
  1.900000000000   0.631247088513
  1.920000000000   0.610313795113
  1.940000000000   0.586202841216
  1.960000000000   0.566018685163
  1.980000000000   0.531101515651
  2.000000000000   0.505301512924
  2.020000000000   0.475454439734
  2.040000000000   0.443448730958
  2.060000000000   0.416203537056
  2.080000000000   0.393347623965
  2.100000000000   0.366829729161
  2.120000000000   0.338341388775
  2.140000000000   0.317321662019
  2.160000000000   0.294919276159
  2.180000000000   0.278842121324
  2.200000000000   0.258304636167
  2.220000000000   0.240883982629
  2.240000000000   0.224845221960
  2.260000000000   0.211456896011
  2.280000000000   0.198109003863
  2.300000000000   0.187211468735
  2.320000000000   0.176230279006
  2.340000000000   0.165049743359
  2.360000000000   0.154122905233
  2.380000000000   0.145306440843
  2.400000000000   0.137701138619
  2.420000000000   0.127709511352
  2.440000000000   0.122367959345
  2.460000000000   0.115574698567
  2.480000000000   0.108792520967
  2.500000000000   0.103248189511
  2.520000000000   0.097062993254
  2.540000000000   0.091351445391
  2.560000000000   0.087797948247
  2.580000000000   0.082122733475
  2.600000000000   0.077988148492
  2.620000000000   0.073611165190
  2.640000000000   0.070544510244
  2.660000000000   0.066789520967
  2.680000000000   0.064846994653
  2.700000000000   0.060211359881
  2.720000000000   0.058857609371
  2.740000000000   0.055351628883
  2.760000000000   0.053351108130
  2.780000000000   0.051017938956
  2.800000000000   0.048700933856
  2.820000000000   0.046410343149
  2.840000000000   0.043883293747
  2.860000000000   0.042048292607
  2.880000000000   0.040474115847
  2.900000000000   0.038467501166
  2.920000000000   0.037131029780
  2.940000000000   0.036145522092
  2.960000000000   0.034408395035
  2.980000000000   0.033039662694
  3.000000000000   0.031665711864
  3.020000000000   0.030036504425
  3.040000000000   0.029273152670
  3.060000000000   0.028144205892
  3.080000000000   0.027184119042
  3.100000000000   0.025883208936
  3.120000000000   0.025105430981
  3.140000000000   0.024091752328
  3.160000000000   0.023141994199
  3.180000000000   0.022860076927
  3.200000000000   0.021792564832
  3.220000000000   0.020931668730
  3.240000000000   0.020000363597
  3.260000000000   0.019552864581
  3.280000000000   0.019041394947
  3.300000000000   0.017881942699
  3.320000000000   0.017654700801
  3.340000000000   0.017055282960
  3.360000000000   0.016690128350
  3.380000000000   0.016018826180
  3.400000000000   0.015579371074
  3.420000000000   0.015309453776
  3.440000000000   0.014721921683
  3.460000000000   0.014094711412
  3.480000000000   0.013534405516
  3.500000000000   0.013040967842
  3.520000000000   0.013132428408
  3.540000000000   0.012667319321
  3.560000000000   0.012138276013
  3.580000000000   0.012216828029
  3.600000000000   0.011519145768
  3.620000000000   0.011431689613
  3.640000000000   0.011104718138
  3.660000000000   0.010350802281
  3.680000000000   0.010216650057
  3.700000000000   0.010306370513
  3.720000000000   0.010079046247
  3.740000000000   0.009831439259
  3.760000000000   0.009534575984
  3.780000000000   0.009209748012
  3.800000000000   0.009178230375
  3.820000000000   0.008922668681
  3.840000000000   0.008658923462
  3.860000000000   0.008609280574
  3.880000000000   0.008257923927
  3.900000000000   0.008235354407
  3.920000000000   0.007850498582
  3.940000000000   0.007765625008
  3.960000000000   0.007403153879
  3.980000000000   0.007337677294
  4.000000000000   0.007059506200
  4.020000000000   0.007360460041
  4.040000000000   0.006934069811
  4.060000000000   0.007017018347
  4.080000000000   0.006796622311
  4.100000000000   0.006507165131
  4.120000000000   0.006336971918
  4.140000000000   0.006529436149
  4.160000000000   0.006188100214
  4.180000000000   0.005870425877
  4.200000000000   0.006048350081
  4.220000000000   0.005899236978
  4.240000000000   0.005825832496
  4.260000000000   0.005790051247
  4.280000000000   0.005550995082
  4.300000000000   0.005495428478
  4.320000000000   0.005270728106
  4.340000000000   0.005334629132
  4.360000000000   0.005152236378
  4.380000000000   0.005170278652
  4.400000000000   0.005192977849
  4.420000000000   0.004802081786
  4.440000000000   0.004981810183
  4.460000000000   0.004837296958
  4.480000000000   0.004813589413
  4.500000000000   0.004958851857
  4.520000000000   0.004738426567
  4.540000000000   0.004640719813
  4.560000000000   0.004601435506
  4.580000000000   0.004571958499
  4.600000000000   0.004521713854
  4.620000000000   0.004382974240
  4.640000000000   0.004523276864
  4.660000000000   0.004314065050
  4.680000000000   0.004200973667
  4.700000000000   0.004239964017
  4.720000000000   0.004128971586
  4.740000000000   0.004208467833
  4.760000000000   0.004077874293
  4.780000000000   0.003942683773
  4.800000000000   0.003923447045
  4.820000000000   0.003842256775
  4.840000000000   0.004043801834
  4.860000000000   0.004032115583
  4.880000000000   0.003925088614
  4.900000000000   0.003738066944
  4.920000000000   0.003719123211
  4.940000000000   0.003570166153
  4.960000000000   0.003622633034
  4.980000000000   0.003594842567
  5.000000000000   0.003527739720
  5.020000000000   0.003664359259
  5.040000000000   0.003492547157
  5.060000000000   0.003628671697
  5.080000000000   0.003365439441
  5.100000000000   0.003392779198
  5.120000000000   0.003287840812
  5.140000000000   0.003270689551
  5.160000000000   0.003318852081
  5.180000000000   0.003265844921
  5.200000000000   0.003279988909
  5.220000000000   0.003112136760
  5.240000000000   0.003200395840
  5.260000000000   0.003090897154
  5.280000000000   0.003139607901
  5.300000000000   0.003227380709
  5.320000000000   0.003182121607
  5.340000000000   0.003271102440
  5.360000000000   0.002942190892
  5.380000000000   0.003020130176
  5.400000000000   0.003069139254
  5.420000000000   0.003017849585
  5.440000000000   0.002995971292
  5.460000000000   0.003038987171
  5.480000000000   0.002946188140
  5.500000000000   0.002970384386
  5.520000000000   0.002893987186
  5.540000000000   0.002943627996
  5.560000000000   0.002783412981
  5.580000000000   0.003003804829
  5.600000000000   0.002917556000
  5.620000000000   0.002955517463
  5.640000000000   0.002702850482
  5.660000000000   0.002774319040
  5.680000000000   0.002794311313
  5.700000000000   0.002840636322
  5.720000000000   0.002729851839
  5.740000000000   0.002723183991
  5.760000000000   0.002749408919
  5.780000000000   0.002736492006
  5.800000000000   0.002758585027
  5.820000000000   0.002691938472
  5.840000000000   0.002747699859
  5.860000000000   0.002579875077
  5.880000000000   0.002731326404
  5.900000000000   0.002634918435
  5.920000000000   0.002619850245
  5.940000000000   0.002565922866
  5.960000000000   0.002679906103
  5.980000000000   0.002559309837
  6.000000000000   0.002555540796
  6.020000000000   0.002506495847
  6.040000000000   0.002566067625
  6.060000000000   0.002580066715
  6.080000000000   0.002608074272
  6.100000000000   0.002460609137
  6.120000000000   0.002503586419
  6.140000000000   0.002552672687
  6.160000000000   0.002528155259
  6.180000000000   0.002455275338
  6.200000000000   0.002502926003
  6.220000000000   0.002455862961
  6.240000000000   0.002534420256
  6.260000000000   0.002448991399
  6.280000000000   0.002474023051
  6.300000000000   0.002332947524
  6.320000000000   0.002393878386
  6.340000000000   0.002344923645
  6.360000000000   0.002452350794
  6.380000000000   0.002529859717
  6.400000000000   0.002424484942
  6.420000000000   0.002415713009
  6.440000000000   0.002461445109
  6.460000000000   0.002427030514
  6.480000000000   0.002436883803
  6.500000000000   0.002375408095
  6.520000000000   0.002275993231
  6.540000000000   0.002393880037
  6.560000000000   0.002247004205
  6.580000000000   0.002310922679
  6.600000000000   0.002301085661
  6.620000000000   0.002346817472
  6.640000000000   0.002307216411
  6.660000000000   0.002376579526
  6.680000000000   0.002294333413
  6.700000000000   0.002353626838
  6.720000000000   0.002285009652
  6.740000000000   0.002232524558
  6.760000000000   0.002344600661
  6.780000000000   0.002417810800
  6.800000000000   0.002326751852
  6.820000000000   0.002296006810
  6.840000000000   0.002250291310
  6.860000000000   0.002301859908
  6.880000000000   0.002252924368
  6.900000000000   0.002257617355
  6.920000000000   0.002263548716
  6.940000000000   0.002223849640
  6.960000000000   0.002343123767
  6.980000000000   0.002339821052
  7.000000000000   0.002302469612
  7.020000000000   0.002358691187
  7.040000000000   0.002268091139
  7.060000000000   0.002156849120
  7.080000000000   0.002241574202
  7.100000000000   0.002225018609
  7.120000000000   0.002189295115
  7.140000000000   0.002152943554
  7.160000000000   0.002238007716
  7.180000000000   0.002217719935
  7.200000000000   0.002221694695
  7.220000000000   0.002256231249
  7.240000000000   0.002205852182
  7.260000000000   0.002245457954
  7.280000000000   0.002218869700
  7.300000000000   0.002088715640
  7.320000000000   0.002237113963
  7.340000000000   0.002170476755
  7.360000000000   0.002205988896
  7.380000000000   0.002177616952
  7.400000000000   0.002189055785
  7.420000000000   0.002158138535
  7.440000000000   0.002234038992
  7.460000000000   0.002198055405
  7.480000000000   0.002171500717
  7.500000000000   0.002198611515
  7.520000000000   0.002256850921
  7.540000000000   0.002225066929
  7.560000000000   0.002251046019
  7.580000000000   0.002184238379
  7.600000000000   0.002173090501
  7.620000000000   0.002133005518
  7.640000000000   0.002199180065
  7.660000000000   0.002228531875
  7.680000000000   0.002175587453
  7.700000000000   0.002191055140
  7.720000000000   0.002206687058
  7.740000000000   0.002118730140
  7.760000000000   0.002189706360
  7.780000000000   0.002184010809
  7.800000000000   0.002116698028
  7.820000000000   0.002178310252
  7.840000000000   0.002292532763
  7.860000000000   0.002112027866
  7.880000000000   0.002123761307
  7.900000000000   0.002229641033
  7.920000000000   0.002157587230
  7.940000000000   0.002143349825
  7.960000000000   0.002173747492
  7.980000000000   0.002126373309
  8.000000000000   0.002259389044
  8.020000000000   0.002123537267
  8.040000000000   0.002106726517
  8.060000000000   0.002116329693
  8.080000000000   0.002114524984
  8.100000000000   0.002192018067
  8.120000000000   0.002212358523
  8.140000000000   0.002117794810
  8.160000000000   0.002135509602
  8.180000000000   0.002030423131
  8.200000000000   0.002148499794
  8.220000000000   0.002093179206
  8.240000000000   0.002233969320
  8.260000000000   0.002128806305
  8.280000000000   0.002094814657
  8.300000000000   0.002088639243
  8.320000000000   0.002154408085
  8.340000000000   0.002112060486
  8.360000000000   0.002215049133
  8.380000000000   0.002119749114
  8.400000000000   0.002143394636
  8.420000000000   0.002093580176
  8.440000000000   0.002167501683
  8.460000000000   0.002115274102
  8.480000000000   0.002092375679
  8.500000000000   0.002162974268
  8.520000000000   0.002146346363
  8.540000000000   0.002183232067
  8.560000000000   0.002247446051
  8.580000000000   0.002128106808
  8.600000000000   0.002160642947
  8.620000000000   0.002193349021
  8.640000000000   0.002190292455
  8.660000000000   0.002223759351
  8.680000000000   0.002076679840
  8.700000000000   0.002139658725
  8.720000000000   0.002179608464
  8.740000000000   0.002234525327
  8.760000000000   0.002168097786
  8.780000000000   0.002135485164
  8.800000000000   0.002144556963
  8.820000000000   0.002129405143
  8.840000000000   0.002040140371
  8.860000000000   0.002222066626
  8.880000000000   0.002223114402
  8.900000000000   0.002190717494
  8.920000000000   0.002180263860
  8.940000000000   0.002145998282
  8.960000000000   0.002210448923
  8.980000000000   0.002181236029
  9.000000000000   0.002222846566
  9.020000000000   0.002154551061
  9.040000000000   0.002123024199
  9.060000000000   0.002061151260
  9.080000000000   0.002174018886
  9.100000000000   0.002133286942
  9.120000000000   0.002199012449
  9.140000000000   0.002174723516
  9.160000000000   0.002154531209
  9.180000000000   0.002159147467
  9.200000000000   0.002158648229
  9.220000000000   0.002087032417
  9.240000000000   0.002146260326
  9.260000000000   0.002277489712
  9.280000000000   0.002235649594
  9.300000000000   0.002154831131
  9.320000000000   0.002089077806
  9.340000000000   0.002173860820
  9.360000000000   0.002181050380
  9.380000000000   0.002145058834
  9.400000000000   0.002158613204
  9.420000000000   0.002133234962
  9.440000000000   0.002155843517
  9.460000000000   0.002164894448
  9.480000000000   0.002135783702
  9.500000000000   0.002260241415
  9.520000000000   0.002087548257
  9.540000000000   0.002186837079
  9.560000000000   0.002229520322
  9.580000000000   0.002206494004
  9.600000000000   0.002226511536
  9.620000000000   0.002216610301
  9.640000000000   0.002171483955
  9.660000000000   0.002240736165
  9.680000000000   0.002234784391
  9.700000000000   0.002208447159
  9.720000000000   0.002179086271
  9.740000000000   0.002097819582
  9.760000000000   0.002163770637
  9.780000000000   0.002201188155
  9.800000000000   0.002194266436
  9.820000000000   0.002196728653
  9.840000000000   0.002149624182
  9.860000000000   0.002252412379
  9.880000000000   0.002190811084
  9.900000000000   0.002133308843
  9.920000000000   0.002240253022
  9.940000000000   0.002093502412
  9.960000000000   0.002173016141
  9.980000000000   0.002203194211
 10.000000000000   0.002161711926
 10.020000000000   0.002154670601
 10.040000000000   0.002241156104
 10.060000000000   0.002243396295
 10.080000000000   0.002230630333
 10.100000000000   0.002247714279
 10.120000000000   0.002233838147
 10.140000000000   0.002179594991
 10.160000000000   0.002358918096
 10.180000000000   0.002252232424
 10.200000000000   0.002249180520
 10.220000000000   0.002281900565
 10.240000000000   0.002299580010
 10.260000000000   0.002240723054
 10.280000000000   0.002173778157
 10.300000000000   0.002322927443
 10.320000000000   0.002164340071
 10.340000000000   0.002229363869
 10.360000000000   0.002173106658
 10.380000000000   0.002157781939
 10.400000000000   0.002202540366
 10.420000000000   0.002281818223
 10.440000000000   0.002213942626
 10.460000000000   0.002273662669
 10.480000000000   0.002161797709
 10.500000000000   0.002240025577
 10.520000000000   0.002199725132
 10.540000000000   0.002320771305
 10.560000000000   0.002337860434
 10.580000000000   0.002323438441
 10.600000000000   0.002297034894
 10.620000000000   0.002390329428
 10.640000000000   0.002347732679
 10.660000000000   0.002254402187
 10.680000000000   0.002325260430
 10.700000000000   0.002228408306
 10.720000000000   0.002283929429
 10.740000000000   0.002287026632
 10.760000000000   0.002360627027
 10.780000000000   0.002195318404
 10.800000000000   0.002284462054
 10.820000000000   0.002333287385
 10.840000000000   0.002278029536
 10.860000000000   0.002285886759
 10.880000000000   0.002357095595
 10.900000000000   0.002312208344
 10.920000000000   0.002350273565
 10.940000000000   0.002277380791
 10.960000000000   0.002325990590
 10.980000000000   0.002273450480
 11.000000000000   0.002170231568
 11.020000000000   0.002280096035
 11.040000000000   0.002236047791
 11.060000000000   0.002257640636
 11.080000000000   0.002334332586
 11.100000000000   0.002345956146
 11.120000000000   0.002263472458
 11.140000000000   0.002274055781
 11.160000000000   0.002278908015
 11.180000000000   0.002300734500
 11.200000000000   0.002349502197
 11.220000000000   0.002260722059
 11.240000000000   0.002319369490
 11.260000000000   0.002281194769
 11.280000000000   0.002280448363
 11.300000000000   0.002290139858
 11.320000000000   0.002301030361
 11.340000000000   0.002319320361
 11.360000000000   0.002259462046
 11.380000000000   0.002301055595
 11.400000000000   0.002274583276
 11.420000000000   0.002294510875
 11.440000000000   0.002389553509
 11.460000000000   0.002316761909
 11.480000000000   0.002220688561
 11.500000000000   0.002328849570
 11.520000000000   0.002328924511
 11.540000000000   0.002406461375
 11.560000000000   0.002387871834
 11.580000000000   0.002353356338
 11.600000000000   0.002331019012
 11.620000000000   0.002436920104
 11.640000000000   0.002260030297
 11.660000000000   0.002308931254
 11.680000000000   0.002234939183
 11.700000000000   0.002413315505
 11.720000000000   0.002283747677
 11.740000000000   0.002338818571
 11.760000000000   0.002284150052
 11.780000000000   0.002372175462
 11.800000000000   0.002387836500
 11.820000000000   0.002303318480
 11.840000000000   0.002373771702
 11.860000000000   0.002248252732
 11.880000000000   0.002364487343
 11.900000000000   0.002284632370
 11.920000000000   0.002274754218
 11.940000000000   0.002311452492
 11.960000000000   0.002351241071
 11.980000000000   0.002325656269
 12.000000000000   0.002317017503
 12.020000000000   0.002327176090
 12.040000000000   0.002410342827
 12.060000000000   0.002329966351
 12.080000000000   0.002400920472
 12.100000000000   0.002433101424
 12.120000000000   0.002409634505
 12.140000000000   0.002466932732
 12.160000000000   0.002368073810
 12.180000000000   0.002371872208
 12.200000000000   0.002308135124
 12.220000000000   0.002299586929
 12.240000000000   0.002376838812
 12.260000000000   0.002396121967
 12.280000000000   0.002294849989
 12.300000000000   0.002248700859
 12.320000000000   0.002319568727
 12.340000000000   0.002352672859
 12.360000000000   0.002301147894
 12.380000000000   0.002387634203
 12.400000000000   0.002298199013
 12.420000000000   0.002459091894
 12.440000000000   0.002297340980
 12.460000000000   0.002340853518
 12.480000000000   0.002372320362
 12.500000000000   0.002313141757
 12.520000000000   0.002293800762
 12.540000000000   0.002412026047
 12.560000000000   0.002304868020
 12.580000000000   0.002333304262
 12.600000000000   0.002458742125
 12.620000000000   0.002400736308
 12.640000000000   0.002379085844
 12.660000000000   0.002500943590
 12.680000000000   0.002392788322
 12.700000000000   0.002425037618
 12.720000000000   0.002316225112
 12.740000000000   0.002480045711
 12.760000000000   0.002429278739
 12.780000000000   0.002301250937
 12.800000000000   0.002458824065
 12.820000000000   0.002355049875
 12.840000000000   0.002439274382
 12.860000000000   0.002367971462
 12.880000000000   0.002320935532
 12.900000000000   0.002332214632
 12.920000000000   0.002415533931
 12.940000000000   0.002423099526
 12.960000000000   0.002408413466
 12.980000000000   0.002514104631
 13.000000000000   0.002448675633
 13.020000000000   0.002234008513
 13.040000000000   0.002365292360
 13.060000000000   0.002316943586
 13.080000000000   0.002396194584
 13.100000000000   0.002418622123
 13.120000000000   0.002431306856
 13.140000000000   0.002326048116
 13.160000000000   0.002465581714
 13.180000000000   0.002430441759
 13.200000000000   0.002334256151
 13.220000000000   0.002395785101
 13.240000000000   0.002289199330
 13.260000000000   0.002460568926
 13.280000000000   0.002349961918
 13.300000000000   0.002399511891
 13.320000000000   0.002450506444
 13.340000000000   0.002361434342
 13.360000000000   0.002367199760
 13.380000000000   0.002494781368
 13.400000000000   0.002465467231
 13.420000000000   0.002380609046
 13.440000000000   0.002349032255
 13.460000000000   0.002235388445
 13.480000000000   0.002372302169
 13.500000000000   0.002358714247
 13.520000000000   0.002377893033
 13.540000000000   0.002423139830
 13.560000000000   0.002382433409
 13.580000000000   0.002279569462
 13.600000000000   0.002440562620
 13.620000000000   0.002513370871
 13.640000000000   0.002486421798
 13.660000000000   0.002388335937
 13.680000000000   0.002439533849
 13.700000000000   0.002365870346
 13.720000000000   0.002486099153
 13.740000000000   0.002465002374
 13.760000000000   0.002378446381
 13.780000000000   0.002471686907
 13.800000000000   0.002511036928
 13.820000000000   0.002357572359
 13.840000000000   0.002519404418
 13.860000000000   0.002452144310
 13.880000000000   0.002342095623
 13.900000000000   0.002458056347
 13.920000000000   0.002385405983
 13.940000000000   0.002406365802
 13.960000000000   0.002389044873
 13.980000000000   0.002409313976
 14.000000000000   0.002329788335
 14.020000000000   0.002368312405
 14.040000000000   0.002356628048
 14.060000000000   0.002375443588
 14.080000000000   0.002404605319
 14.100000000000   0.002467041777
 14.120000000000   0.002462887279
 14.140000000000   0.002560123637
 14.160000000000   0.002334814278
 14.180000000000   0.002354578370
 14.200000000000   0.002433534838
 14.220000000000   0.002461434757
 14.240000000000   0.002427708289
 14.260000000000   0.002428114020
 14.280000000000   0.002369817203
 14.300000000000   0.002369778928
 14.320000000000   0.002419290009
 14.340000000000   0.002433674523
 14.360000000000   0.002438677273
 14.380000000000   0.002402334996
 14.400000000000   0.002397999289
 14.420000000000   0.002365018122
 14.440000000000   0.002465840769
 14.460000000000   0.002435242240
 14.480000000000   0.002461054696
 14.500000000000   0.002467599077
 14.520000000000   0.002409222175
 14.540000000000   0.002539765739
 14.560000000000   0.002321828311
 14.580000000000   0.002413553638
 14.600000000000   0.002419353581
 14.620000000000   0.002392345326
 14.640000000000   0.002467283326
 14.660000000000   0.002438947058
 14.680000000000   0.002441576666
 14.700000000000   0.002568187157
 14.720000000000   0.002433565642
 14.740000000000   0.002407645976
 14.760000000000   0.002465148854
 14.780000000000   0.002392807361
 14.800000000000   0.002343226186
 14.820000000000   0.002466920889
 14.840000000000   0.002478424946
 14.860000000000   0.002304588591
 14.880000000000   0.002340233661
 14.900000000000   0.002461040917
 14.920000000000   0.002514935246
 14.940000000000   0.002400846786
 14.960000000000   0.002428028486
 14.980000000000   0.002394197285
 15.000000000000   0.001394026341
