        0.02000000        42.83754498        -0.19714706         0.00000403         0.00000019
        0.06000000        42.80542122        -0.58789769         0.00000400         0.00000031
        0.10000000        42.74185682        -0.97290667         0.00000395         0.00000048
        0.14000000        42.64818211        -1.34812296         0.00000387         0.00000065
        0.18000000        42.52630612        -1.71006000         0.00000377         0.00000080
        0.22000000        42.37862200        -2.05568768         0.00000365         0.00000094
        0.26000000        42.20789489        -2.38248780         0.00000352         0.00000106
        0.30000000        42.01714143        -2.68849142         0.00000337         0.00000117
        0.34000000        41.80950991        -2.97228805         0.00000321         0.00000125
        0.38000000        41.58816874        -3.23300842         0.00000305         0.00000132
        0.42000000        41.35620907        -3.47028546         0.00000288         0.00000137
        0.46000000        41.11656509        -3.68419922         0.00000272         0.00000140
        0.50000000        40.87195376        -3.87521189         0.00000255         0.00000142
        0.54000000        40.62483349        -4.04409833         0.00000240         0.00000142
        0.58000000        40.37738049        -4.19187703         0.00000224         0.00000141
        0.62000000        40.13148004        -4.31974470         0.00000210         0.00000139
        0.66000000        39.88873011        -4.42901740         0.00000196         0.00000137
        0.70000000        39.65045414        -4.52107924         0.00000182         0.00000133
        0.74000000        39.41772042        -4.59733948         0.00000170         0.00000129
        0.78000000        39.19136549        -4.65919793         0.00000158         0.00000125
        0.82000000        38.97201968        -4.70801800         0.00000148         0.00000120
        0.86000000        38.76013309        -4.74510672         0.00000138         0.00000115
        0.90000000        38.55600107        -4.77170077         0.00000128         0.00000110
        0.94000000        38.35978810        -4.78895751         0.00000120         0.00000105
        0.98000000        38.17154989        -4.79795000         0.00000112         0.00000100
        1.02000000        37.99125310        -4.79966532         0.00000104         0.00000095
        1.06000000        37.81879293        -4.79500526         0.00000098         0.00000090
        1.10000000        37.65400825        -4.78478879         0.00000092         0.00000086
        1.14000000        37.49669476        -4.76975587         0.00000086         0.00000081
        1.18000000        37.34661597        -4.75057197         0.00000081         0.00000077
        1.22000000        37.20351249        -4.72783316         0.00000076         0.00000073
        1.26000000        37.06710970        -4.70207142         0.00000071         0.00000069
        1.30000000        36.93712404        -4.67375991         0.00000067         0.00000065
        1.34000000        36.81326801        -4.64331825         0.00000063         0.00000062
        1.38000000        36.69525428        -4.61111746         0.00000060         0.00000058
        1.42000000        36.58279881        -4.57748474         0.00000057         0.00000055
        1.46000000        36.47562333        -4.54270788         0.00000054         0.00000052
        1.50000000        36.37345715        -4.50703934         0.00000051         0.00000049
        1.54000000        36.27603852        -4.47070005         0.00000048         0.00000047
        1.58000000        36.18311558        -4.43388278         0.00000046         0.00000044
        1.62000000        36.09444696        -4.39675529         0.00000044         0.00000042
        1.66000000        36.00980213        -4.35946315         0.00000042         0.00000040
        1.70000000        35.92896154        -4.32213225         0.00000040         0.00000038
        1.74000000        35.85171662        -4.28487105         0.00000038         0.00000036
        1.78000000        35.77786959        -4.24777267         0.00000037         0.00000034
        1.82000000        35.70723326        -4.21091666         0.00000035         0.00000032
        1.86000000        35.63963069        -4.17437060         0.00000034         0.00000031
        1.90000000        35.57489484        -4.13819159         0.00000033         0.00000029
        1.94000000        35.51286816        -4.10242748         0.00000032         0.00000028
        1.98000000        35.45340217        -4.06711803         0.00000030         0.00000026
        2.02000000        35.39635705        -4.03229589         0.00000029         0.00000025
        2.06000000        35.34160114        -3.99798749         0.00000029         0.00000024
        2.10000000        35.28901062        -3.96421386         0.00000028         0.00000023
        2.14000000        35.23846896        -3.93099127         0.00000027         0.00000022
        2.18000000        35.18986661        -3.89833188         0.00000026         0.00000021
        2.22000000        35.14310053        -3.86624428         0.00000025         0.00000020
        2.26000000        35.09807383        -3.83473395         0.00000025         0.00000019
        2.30000000        35.05469544        -3.80380368         0.00000024         0.00000018
        2.34000000        35.01287968        -3.77345395         0.00000024         0.00000018
        2.38000000        34.97254601        -3.74368327         0.00000023         0.00000017
        2.42000000        34.93361864        -3.71448842         0.00000022         0.00000016
        2.46000000        34.89602630        -3.68586477         0.00000022         0.00000016
        2.50000000        34.85970193        -3.65780643         0.00000022         0.00000015
        2.54000000        34.82458238        -3.63030650         0.00000021         0.00000014
        2.58000000        34.79060824        -3.60335721         0.00000021         0.00000014
        2.62000000        34.75772354        -3.57695008         0.00000020         0.00000013
        2.66000000        34.72587555        -3.55107605         0.00000020         0.00000013
        2.70000000        34.69501460        -3.52572558         0.00000020         0.00000012
        2.74000000        34.66509387        -3.50088878         0.00000019         0.00000012
        2.78000000        34.63606918        -3.47655548         0.00000019         0.00000011
        2.82000000        34.60789888        -3.45271528         0.00000019         0.00000011
        2.86000000        34.58054365        -3.42935767         0.00000019         0.00000011
        2.90000000        34.55396639        -3.40647204         0.00000018         0.00000010
        2.94000000        34.52813204        -3.38404775         0.00000018         0.00000010
        2.98000000        34.50300748        -3.36207416         0.00000018         0.00000010
        3.02000000        34.47856140        -3.34054070         0.00000018         0.00000009
        3.06000000        34.45476420        -3.31943684         0.00000018         0.00000009
        3.10000000        34.43158788        -3.29875217         0.00000017         0.00000009
        3.14000000        34.40900593        -3.27847641         0.00000017         0.00000008
        3.18000000        34.38699325        -3.25859940         0.00000017         0.00000008
        3.22000000        34.36552608        -3.23911116         0.00000017         0.00000008
        3.26000000        34.34458189        -3.22000187         0.00000017         0.00000008
        3.30000000        34.32413932        -3.20126188         0.00000017         0.00000007
        3.34000000        34.30417813        -3.18288175         0.00000017         0.00000007
        3.38000000        34.28467908        -3.16485221         0.00000016         0.00000007
        3.42000000        34.26562394        -3.14716421         0.00000016         0.00000007
        3.46000000        34.24699539        -3.12980889         0.00000016         0.00000006
        3.50000000        34.22877696        -3.11277760         0.00000016         0.00000006
        3.54000000        34.21095301        -3.09606189         0.00000016         0.00000006
        3.58000000        34.19350867        -3.07965352         0.00000016         0.00000006
        3.62000000        34.17642979        -3.06354446         0.00000016         0.00000006
        3.66000000        34.15970290        -3.04772687         0.00000016         0.00000006
        3.70000000        34.14331519        -3.03219312         0.00000016         0.00000005
        3.74000000        34.12725444        -3.01693577         0.00000016         0.00000005
        3.78000000        34.11150902        -3.00194761         0.00000016         0.00000005
        3.82000000        34.09606785        -2.98722157         0.00000015         0.00000005
        3.86000000        34.08092035        -2.97275082         0.00000015         0.00000005
        3.90000000        34.06605643        -2.95852868         0.00000015         0.00000005
        3.94000000        34.05146648        -2.94454868         0.00000015         0.00000005
        3.98000000        34.03714130        -2.93080452         0.00000015         0.00000004
        4.02000000        34.02307212        -2.91729006         0.00000015         0.00000004
        4.06000000        34.00925055        -2.90399936         0.00000015         0.00000004
        4.10000000        33.99566858        -2.89092662         0.00000015         0.00000004
        4.14000000        33.98231855        -2.87806623         0.00000015         0.00000004
        4.18000000        33.96919313        -2.86541270         0.00000015         0.00000004
        4.22000000        33.95628531        -2.85296074         0.00000015         0.00000004
        4.26000000        33.94358838        -2.84070518         0.00000015         0.00000004
        4.30000000        33.93109592        -2.82864100         0.00000015         0.00000004
        4.34000000        33.91880176        -2.81676334         0.00000015         0.00000003
        4.38000000        33.90670002        -2.80506746         0.00000015         0.00000003
        4.42000000        33.89478505        -2.79354876         0.00000015         0.00000003
        4.46000000        33.88305141        -2.78220278         0.00000015         0.00000003
        4.50000000        33.87149392        -2.77102518         0.00000015         0.00000003
        4.54000000        33.86010759        -2.76001174         0.00000015         0.00000003
        4.58000000        33.84888762        -2.74915837         0.00000015         0.00000003
        4.62000000        33.83782944        -2.73846108         0.00000015         0.00000003
        4.66000000        33.82692861        -2.72791601         0.00000015         0.00000003
        4.70000000        33.81618091        -2.71751941         0.00000014         0.00000003
        4.74000000        33.80558225        -2.70726762         0.00000014         0.00000003
        4.78000000        33.79512873        -2.69715710         0.00000014         0.00000003
        4.82000000        33.78481656        -2.68718441         0.00000014         0.00000003
        4.86000000        33.77464214        -2.67734619         0.00000014         0.00000003
        4.90000000        33.76460196        -2.66763919         0.00000014         0.00000002
        4.94000000        33.75469268        -2.65806025         0.00000014         0.00000002
        4.98000000        33.74491107        -2.64860630         0.00000014         0.00000002
        5.02000000        33.73525400        -2.63927435         0.00000014         0.00000002
        5.06000000        33.72571849        -2.63006149         0.00000014         0.00000002
        5.10000000        33.71630164        -2.62096491         0.00000014         0.00000002
        5.14000000        33.70700067        -2.61198186         0.00000014         0.00000002
        5.18000000        33.69781289        -2.60310968         0.00000014         0.00000002
        5.22000000        33.68873571        -2.59434577         0.00000014         0.00000002
        5.26000000        33.67976663        -2.58568761         0.00000014         0.00000002
        5.30000000        33.67090325        -2.57713276         0.00000014         0.00000002
        5.34000000        33.66214321        -2.56867882         0.00000014         0.00000002
        5.38000000        33.65348429        -2.56032349         0.00000014         0.00000002
        5.42000000        33.64492431        -2.55206450         0.00000014         0.00000002
        5.46000000        33.63646117        -2.54389967         0.00000014         0.00000002
        5.50000000        33.62809283        -2.53582687         0.00000014         0.00000002
        5.54000000        33.61981734        -2.52784401         0.00000014         0.00000002
        5.58000000        33.61163280        -2.51994909         0.00000014         0.00000002
        5.62000000        33.60353738        -2.51214015         0.00000014         0.00000002
        5.66000000        33.59552930        -2.50441526         0.00000014         0.00000002
        5.70000000        33.58760684        -2.49677258         0.00000014         0.00000002
        5.74000000        33.57976833        -2.48921030         0.00000014         0.00000002
        5.78000000        33.57201218        -2.48172666         0.00000014         0.00000002
        5.82000000        33.56433681        -2.47431995         0.00000014         0.00000002
        5.86000000        33.55674071        -2.46698850         0.00000014         0.00000002
        5.90000000        33.54922242        -2.45973070         0.00000014         0.00000002
        5.94000000        33.54178051        -2.45254496         0.00000014         0.00000002
        5.98000000        33.53441362        -2.44542975         0.00000014         0.00000001
        6.02000000        33.52712039        -2.43838357         0.00000014         0.00000001
        6.06000000        33.51989955        -2.43140498         0.00000014         0.00000001
        6.10000000        33.51274981        -2.42449255         0.00000014         0.00000001
        6.14000000        33.50566997        -2.41764490         0.00000014         0.00000001
        6.18000000        33.49865884        -2.41086069         0.00000014         0.00000001
        6.22000000        33.49171526        -2.40413862         0.00000014         0.00000001
        6.26000000        33.48483811        -2.39747741         0.00000014         0.00000001
        6.30000000        33.47802631        -2.39087581         0.00000014         0.00000001
        6.34000000        33.47127880        -2.38433263         0.00000014         0.00000001
        6.38000000        33.46459454        -2.37784668         0.00000014         0.00000001
        6.42000000        33.45797255        -2.37141683         0.00000014         0.00000001
        6.46000000        33.45141183        -2.36504194         0.00000014         0.00000001
        6.50000000        33.44491145        -2.35872094         0.00000014         0.00000001
        6.54000000        33.43847049        -2.35245276         0.00000014         0.00000001
        6.58000000        33.43208804        -2.34623638         0.00000014         0.00000001
        6.62000000        33.42576323        -2.34007078         0.00000014         0.00000001
        6.66000000        33.41949521        -2.33395499         0.00000014         0.00000001
        6.70000000        33.41328314        -2.32788805         0.00000014         0.00000001
        6.74000000        33.40712623        -2.32186903         0.00000014         0.00000001
        6.78000000        33.40102367        -2.31589702         0.00000014         0.00000001
        6.82000000        33.39497471        -2.30997115         0.00000014         0.00000001
        6.86000000        33.38897858        -2.30409054         0.00000014         0.00000001
        6.90000000        33.38303456        -2.29825435         0.00000014         0.00000001
        6.94000000        33.37714193        -2.29246178         0.00000014         0.00000001
        6.98000000        33.37129999        -2.28671201         0.00000014         0.00000001
        7.02000000        33.36550807        -2.28100427         0.00000014         0.00000001
        7.06000000        33.35976549        -2.27533780         0.00000014         0.00000001
        7.10000000        33.35407161        -2.26971187         0.00000014         0.00000001
        7.14000000        33.34842579        -2.26412574         0.00000013         0.00000001
        7.18000000        33.34282741        -2.25857871         0.00000013         0.00000001
        7.22000000        33.33727586        -2.25307011         0.00000013         0.00000001
        7.26000000        33.33177055        -2.24759925         0.00000013         0.00000001
        7.30000000        33.32631090        -2.24216549         0.00000013         0.00000001
        7.34000000        33.32089634        -2.23676818         0.00000013         0.00000001
        7.38000000        33.31552631        -2.23140671         0.00000013         0.00000001
        7.42000000        33.31020027        -2.22608047         0.00000013         0.00000001
        7.46000000        33.30491769        -2.22078886         0.00000013         0.00000001
        7.50000000        33.29967804        -2.21553131         0.00000013         0.00000001
        7.54000000        33.29448082        -2.21030726         0.00000013         0.00000001
        7.58000000        33.28932552        -2.20511616         0.00000013         0.00000001
        7.62000000        33.28421166        -2.19995746         0.00000013         0.00000001
        7.66000000        33.27913874        -2.19483065         0.00000013         0.00000001
        7.70000000        33.27410630        -2.18973522         0.00000013         0.00000001
        7.74000000        33.26911388        -2.18467066         0.00000013         0.00000001
        7.78000000        33.26416103        -2.17963648         0.00000013         0.00000001
        7.82000000        33.25924729        -2.17463222         0.00000013         0.00000001
        7.86000000        33.25437224        -2.16965741         0.00000013         0.00000001
        7.90000000        33.24953544        -2.16471159         0.00000013         0.00000001
        7.94000000        33.24473647        -2.15979432         0.00000013         0.00000001
        7.98000000        33.23997492        -2.15490517         0.00000013         0.00000001
        8.02000000        33.23525039        -2.15004372         0.00000013         0.00000001
        8.06000000        33.23056247        -2.14520955         0.00000013         0.00000001
        8.10000000        33.22591078        -2.14040226         0.00000013         0.00000001
        8.14000000        33.22129493        -2.13562146         0.00000013         0.00000001
        8.18000000        33.21671454        -2.13086676         0.00000013         0.00000001
        8.22000000        33.21216924        -2.12613779         0.00000013         0.00000001
        8.26000000        33.20765867        -2.12143418         0.00000013         0.00000001
        8.30000000        33.20318247        -2.11675558         0.00000013         0.00000001
        8.34000000        33.19874028        -2.11210162         0.00000013         0.00000001
        8.38000000        33.19433175        -2.10747198         0.00000013         0.00000001
        8.42000000        33.18995655        -2.10286631         0.00000013         0.00000001
        8.46000000        33.18561434        -2.09828428         0.00000013         0.00000001
        8.50000000        33.18130479        -2.09372559         0.00000013         0.00000001
        8.54000000        33.17702756        -2.08918991         0.00000013         0.00000001
        8.58000000        33.17278235        -2.08467694         0.00000013         0.00000001
        8.62000000        33.16856884        -2.08018638         0.00000013         0.00000001
        8.66000000        33.16438670        -2.07571794         0.00000013         0.00000001
        8.70000000        33.16023565        -2.07127133         0.00000013         0.00000001
        8.74000000        33.15611537        -2.06684628         0.00000013         0.00000001
        8.78000000        33.15202557        -2.06244251         0.00000013         0.00000001
        8.82000000        33.14796595        -2.05805975         0.00000013         0.00000001
        8.86000000        33.14393623        -2.05369774         0.00000013         0.00000001
        8.90000000        33.13993612        -2.04935623         0.00000013         0.00000001
        8.94000000        33.13596535        -2.04503497         0.00000013         0.00000001
        8.98000000        33.13202363        -2.04073370         0.00000013         0.00000001
        9.02000000        33.12811069        -2.03645220         0.00000013         0.00000001
        9.06000000        33.12422626        -2.03219023         0.00000013         0.00000001
        9.10000000        33.12037008        -2.02794755         0.00000013         0.00000001
        9.14000000        33.11654189        -2.02372395         0.00000013         0.00000001
        9.18000000        33.11274142        -2.01951920         0.00000013         0.00000001
        9.22000000        33.10896842        -2.01533309         0.00000013         0.00000001
        9.26000000        33.10522265        -2.01116541         0.00000013         0.00000001
        9.30000000        33.10150385        -2.00701595         0.00000013         0.00000001
        9.34000000        33.09781178        -2.00288451         0.00000013         0.00000001
        9.38000000        33.09414619        -1.99877090         0.00000013         0.00000001
        9.42000000        33.09050685        -1.99467491         0.00000013         0.00000001
        9.46000000        33.08689352        -1.99059636         0.00000013         0.00000001
        9.50000000        33.08330597        -1.98653506         0.00000013         0.00000001
        9.54000000        33.07974397        -1.98249084         0.00000013         0.00000001
        9.58000000        33.07620729        -1.97846350         0.00000013         0.00000001
        9.62000000        33.07269570        -1.97445289         0.00000013         0.00000001
        9.66000000        33.06920900        -1.97045882         0.00000013         0.00000001
        9.70000000        33.06574694        -1.96648113         0.00000013         0.00000001
        9.74000000        33.06230933        -1.96251966         0.00000013         0.00000001
        9.78000000        33.05889595        -1.95857424         0.00000013         0.00000001
        9.82000000        33.05550658        -1.95464471         0.00000013         0.00000001
        9.86000000        33.05214102        -1.95073092         0.00000013         0.00000001
        9.90000000        33.04879906        -1.94683273         0.00000013         0.00000001
        9.94000000        33.04548049        -1.94294997         0.00000013         0.00000001
        9.98000000        33.04218512        -1.93908250         0.00000013         0.00000001
       10.02000000        33.03891275        -1.93523019         0.00000013         0.00000001
       10.06000000        33.03566317        -1.93139288         0.00000013         0.00000001
       10.10000000        33.03243620        -1.92757045         0.00000013         0.00000001
       10.14000000        33.02923164        -1.92376275         0.00000013         0.00000001
       10.18000000        33.02604929        -1.91996966         0.00000013         0.00000001
       10.22000000        33.02288898        -1.91619104         0.00000013         0.00000001
       10.26000000        33.01975052        -1.91242677         0.00000013         0.00000001
       10.30000000        33.01663371        -1.90867672         0.00000013         0.00000001
       10.34000000        33.01353839        -1.90494076         0.00000013         0.00000001
       10.38000000        33.01046436        -1.90121878         0.00000013         0.00000001
       10.42000000        33.00741145        -1.89751066         0.00000013         0.00000001
       10.46000000        33.00437949        -1.89381627         0.00000013         0.00000001
       10.50000000        33.00136829        -1.89013552         0.00000013         0.00000001
       10.54000000        32.99837769        -1.88646828         0.00000013         0.00000001
       10.58000000        32.99540752        -1.88281444         0.00000013         0.00000001
       10.62000000        32.99245760        -1.87917390         0.00000013         0.00000001
       10.66000000        32.98952777        -1.87554655         0.00000013         0.00000001
       10.70000000        32.98661785        -1.87193228         0.00000013         0.00000001
       10.74000000        32.98372770        -1.86833099         0.00000013         0.00000001
       10.78000000        32.98085714        -1.86474259         0.00000013         0.00000001
       10.82000000        32.97800602        -1.86116696         0.00000013         0.00000001
       10.86000000        32.97517417        -1.85760402         0.00000013         0.00000001
       10.90000000        32.97236144        -1.85405366         0.00000013         0.00000001
       10.94000000        32.96956767        -1.85051580         0.00000013         0.00000001
       10.98000000        32.96679271        -1.84699034         0.00000013         0.00000001
       11.02000000        32.96403640        -1.84347719         0.00000013         0.00000001
       11.06000000        32.96129860        -1.83997625         0.00000012         0.00000001
       11.10000000        32.95857914        -1.83648745         0.00000012         0.00000001
       11.14000000        32.95587790        -1.83301069         0.00000012         0.00000001
       11.18000000        32.95319471        -1.82954589         0.00000012         0.00000001
       11.22000000        32.95052943        -1.82609296         0.00000012         0.00000001
       11.26000000        32.94788192        -1.82265182         0.00000012         0.00000001
       11.30000000        32.94525204        -1.81922240         0.00000012         0.00000001
       11.34000000        32.94263963        -1.81580460         0.00000012         0.00000001
       11.38000000        32.94004458        -1.81239836         0.00000012         0.00000001
       11.42000000        32.93746673        -1.80900358         0.00000012         0.00000001
       11.46000000        32.93490594        -1.80562021         0.00000012         0.00000001
       11.50000000        32.93236209        -1.80224816         0.00000012         0.00000001
       11.54000000        32.92983503        -1.79888735         0.00000012         0.00000001
       11.58000000        32.92732464        -1.79553772         0.00000012         0.00000001
       11.62000000        32.92483078        -1.79219919         0.00000012         0.00000001
       11.66000000        32.92235332        -1.78887169         0.00000012         0.00000001
       11.70000000        32.91989213        -1.78555515         0.00000012         0.00000001
       11.74000000        32.91744708        -1.78224950         0.00000012         0.00000001
       11.78000000        32.91501805        -1.77895468         0.00000012         0.00000001
       11.82000000        32.91260490        -1.77567062         0.00000012         0.00000001
       11.86000000        32.91020752        -1.77239725         0.00000012         0.00000001
       11.90000000        32.90782578        -1.76913450         0.00000012         0.00000001
       11.94000000        32.90545955        -1.76588232         0.00000012         0.00000001
       11.98000000        32.90310872        -1.76264064         0.00000012         0.00000001
