        0.02000000         5.53139847        -0.09236945         0.00015947         0.00004163
        0.06000000         5.51928451        -0.17741754         0.00015811         0.00007661
        0.10000000         5.50561045        -0.23498820         0.00015560         0.00008750
        0.14000000         5.49668336        -0.28056155         0.00015387         0.00009590
        0.18000000         5.48902231        -0.31789063         0.00015276         0.00010224
        0.22000000         5.48179695        -0.34901510         0.00015212         0.00010663
        0.26000000         5.47509020        -0.37542529         0.00015180         0.00010946
        0.30000000         5.46908397        -0.39822429         0.00015169         0.00011112
        0.34000000         5.46388613        -0.41821912         0.00015172         0.00011196
        0.38000000         5.45952486        -0.43599707         0.00015182         0.00011224
        0.42000000         5.45597334        -0.45198706         0.00015196         0.00011214
        0.46000000         5.45317325        -0.46650537         0.00015213         0.00011178
        0.50000000         5.45105153        -0.47978849         0.00015231         0.00011123
        0.54000000         5.44953118        -0.49201608         0.00015249         0.00011057
        0.58000000         5.44853746        -0.50332706         0.00015266         0.00010982
        0.62000000         5.44800129        -0.51383084         0.00015283         0.00010902
        0.66000000         5.44786064        -0.52361517         0.00015299         0.00010817
        0.70000000         5.44806091        -0.53275175         0.00015314         0.00010729
        0.74000000         5.44855467        -0.54130021         0.00015328         0.00010639
        0.78000000         5.44930103        -0.54931094         0.00015341         0.00010547
        0.82000000         5.45026496        -0.55682719         0.00015352         0.00010453
        0.86000000         5.45141652        -0.56388659         0.00015362         0.00010359
        0.90000000         5.45273015        -0.57052224         0.00015371         0.00010263
        0.94000000         5.45418406        -0.57676357         0.00015379         0.00010167
        0.98000000         5.45575960        -0.58263695         0.00015386         0.00010070
        1.02000000         5.45744077        -0.58816624         0.00015391         0.00009973
        1.06000000         5.45921385        -0.59337306         0.00015395         0.00009875
        1.10000000         5.46106697        -0.59827719         0.00015399         0.00009777
        1.14000000         5.46298984        -0.60289676         0.00015401         0.00009679
        1.18000000         5.46497348        -0.60724845         0.00015402         0.00009581
        1.22000000         5.46701003        -0.61134765         0.00015402         0.00009482
        1.26000000         5.46909253        -0.61520861         0.00015401         0.00009384
        1.30000000         5.47121483        -0.61884454         0.00015400         0.00009286
        1.34000000         5.47337142        -0.62226773         0.00015398         0.00009188
        1.38000000         5.47555737        -0.62548961         0.00015394         0.00009090
        1.42000000         5.47776822        -0.62852084         0.00015391         0.00008992
        1.46000000         5.47999991        -0.63137138         0.00015386         0.00008895
        1.50000000         5.48224875        -0.63405053         0.00015381         0.00008798
        1.54000000         5.48451135        -0.63656703         0.00015375         0.00008701
        1.58000000         5.48678460        -0.63892904         0.00015369         0.00008606
        1.62000000         5.48906561        -0.64114424         0.00015362         0.00008510
        1.66000000         5.49135172        -0.64321985         0.00015355         0.00008415
        1.70000000         5.49364045        -0.64516264         0.00015347         0.00008321
        1.74000000         5.49592950        -0.64697900         0.00015339         0.00008227
        1.78000000         5.49821670        -0.64867497         0.00015331         0.00008134
        1.82000000         5.50050007        -0.65025622         0.00015322         0.00008042
        1.86000000         5.50277771        -0.65172811         0.00015312         0.00007951
        1.90000000         5.50504788        -0.65309572         0.00015303         0.00007860
        1.94000000         5.50730893        -0.65436385         0.00015293         0.00007770
        1.98000000         5.50955933        -0.65553704         0.00015283         0.00007681
        2.02000000         5.51179765        -0.65661959         0.00015272         0.00007592
        2.06000000         5.51402253        -0.65761559         0.00015261         0.00007505
        2.10000000         5.51623274        -0.65852890         0.00015250         0.00007418
        2.14000000         5.51842710        -0.65936321         0.00015239         0.00007332
        2.18000000         5.52060452        -0.66012199         0.00015228         0.00007247
        2.22000000         5.52276399        -0.66080858         0.00015216         0.00007163
        2.26000000         5.52490458        -0.66142613         0.00015204         0.00007080
        2.30000000         5.52702541        -0.66197763         0.00015192         0.00006997
        2.34000000         5.52912568        -0.66246596         0.00015180         0.00006916
        2.38000000         5.53120465        -0.66289383         0.00015167         0.00006836
        2.42000000         5.53326163        -0.66326383         0.00015155         0.00006756
        2.46000000         5.53529600        -0.66357845         0.00015142         0.00006677
        2.50000000         5.53730719        -0.66384004         0.00015129         0.00006600
        2.54000000         5.53929468        -0.66405085         0.00015117         0.00006523
        2.58000000         5.54125801        -0.66421302         0.00015104         0.00006447
        2.62000000         5.54319676        -0.66432861         0.00015090         0.00006372
        2.66000000         5.54511054        -0.66439957         0.00015077         0.00006298
        2.70000000         5.54699902        -0.66442778         0.00015064         0.00006225
        2.74000000         5.54886192        -0.66441501         0.00015051         0.00006153
        2.78000000         5.55069897        -0.66436298         0.00015037         0.00006081
        2.82000000         5.55250997        -0.66427331         0.00015024         0.00006011
        2.86000000         5.55429472        -0.66414757         0.00015010         0.00005942
        2.90000000         5.55605309        -0.66398724         0.00014996         0.00005873
        2.94000000         5.55778495        -0.66379376         0.00014983         0.00005805
        2.98000000         5.55949021        -0.66356848         0.00014969         0.00005739
        3.02000000         5.56116882        -0.66331271         0.00014955         0.00005673
        3.06000000         5.56282073        -0.66302771         0.00014941         0.00005608
        3.10000000         5.56444596        -0.66271466         0.00014928         0.00005544
        3.14000000         5.56604449        -0.66237471         0.00014914         0.00005480
        3.18000000         5.56761639        -0.66200896         0.00014900         0.00005418
        3.22000000         5.56916169        -0.66161845         0.00014886         0.00005356
        3.26000000         5.57068049        -0.66120419         0.00014872         0.00005296
        3.30000000         5.57217288        -0.66076714         0.00014858         0.00005236
        3.34000000         5.57363896        -0.66030821         0.00014844         0.00005177
        3.38000000         5.57507888        -0.65982831         0.00014830         0.00005119
        3.42000000         5.57649277        -0.65932826         0.00014816         0.00005061
        3.46000000         5.57788079        -0.65880887         0.00014802         0.00005005
        3.50000000         5.57924311        -0.65827094         0.00014789         0.00004949
        3.54000000         5.58057993        -0.65771519         0.00014775         0.00004894
        3.58000000         5.58189142        -0.65714234         0.00014761         0.00004840
        3.62000000         5.58317781        -0.65655307         0.00014747         0.00004786
        3.66000000         5.58443929        -0.65594804         0.00014733         0.00004733
        3.70000000         5.58567610        -0.65532788         0.00014719         0.00004681
        3.74000000         5.58688847        -0.65469319         0.00014705         0.00004630
        3.78000000         5.58807663        -0.65404454         0.00014692         0.00004579
        3.82000000         5.58924084        -0.65338249         0.00014678         0.00004530
        3.86000000         5.59038133        -0.65270757         0.00014664         0.00004480
        3.90000000         5.59149838        -0.65202029         0.00014650         0.00004432
        3.94000000         5.59259224        -0.65132114         0.00014637         0.00004384
        3.98000000         5.59366318        -0.65061058         0.00014623         0.00004337
        4.02000000         5.59471147        -0.64988907         0.00014610         0.00004291
        4.06000000         5.59573738        -0.64915704         0.00014596         0.00004245
        4.10000000         5.59674119        -0.64841490         0.00014583         0.00004200
        4.14000000         5.59772318        -0.64766305         0.00014569         0.00004156
        4.18000000         5.59868363        -0.64690187         0.00014556         0.00004112
        4.22000000         5.59962283        -0.64613173         0.00014542         0.00004069
        4.26000000         5.60054105        -0.64535298         0.00014529         0.00004026
        4.30000000         5.60143859        -0.64456595         0.00014516         0.00003984
        4.34000000         5.60231573        -0.64377098         0.00014503         0.00003943
        4.38000000         5.60317276        -0.64296837         0.00014490         0.00003902
        4.42000000         5.60400996        -0.64215843         0.00014477         0.00003861
        4.46000000         5.60482762        -0.64134144         0.00014463         0.00003822
        4.50000000         5.60562603        -0.64051768         0.00014451         0.00003783
        4.54000000         5.60640547        -0.63968741         0.00014438         0.00003744
        4.58000000         5.60716623        -0.63885089         0.00014425         0.00003706
        4.62000000         5.60790860        -0.63800837         0.00014412         0.00003669
        4.66000000         5.60863285        -0.63716008         0.00014399         0.00003632
        4.70000000         5.60933927        -0.63630626         0.00014387         0.00003595
        4.74000000         5.61002814        -0.63544711         0.00014374         0.00003559
        4.78000000         5.61069974        -0.63458285         0.00014361         0.00003524
        4.82000000         5.61135433        -0.63371369         0.00014349         0.00003489
        4.86000000         5.61199221        -0.63283982         0.00014337         0.00003454
        4.90000000         5.61261364        -0.63196142         0.00014324         0.00003420
        4.94000000         5.61321888        -0.63107868         0.00014312         0.00003387
        4.98000000         5.61380822        -0.63019178         0.00014300         0.00003354
        5.02000000         5.61438191        -0.62930087         0.00014288         0.00003321
        5.06000000         5.61494022        -0.62840613         0.00014276         0.00003289
        5.10000000         5.61548340        -0.62750771         0.00014264         0.00003257
        5.14000000         5.61601173        -0.62660575         0.00014252         0.00003226
        5.18000000         5.61652544        -0.62570041         0.00014240         0.00003195
        5.22000000         5.61702481        -0.62479183         0.00014228         0.00003165
        5.26000000         5.61751006        -0.62388014         0.00014216         0.00003134
        5.30000000         5.61798146        -0.62296547         0.00014205         0.00003105
        5.34000000         5.61843925        -0.62204794         0.00014193         0.00003076
        5.38000000         5.61888366        -0.62112769         0.00014181         0.00003047
        5.42000000         5.61931494        -0.62020482         0.00014170         0.00003018
        5.46000000         5.61973332        -0.61927946         0.00014159         0.00002990
        5.50000000         5.62013903        -0.61835170         0.00014147         0.00002963
        5.54000000         5.62053231        -0.61742166         0.00014136         0.00002935
        5.58000000         5.62091338        -0.61648944         0.00014125         0.00002908
        5.62000000         5.62128246        -0.61555514         0.00014114         0.00002882
        5.66000000         5.62163978        -0.61461885         0.00014103         0.00002855
        5.70000000         5.62198555        -0.61368068         0.00014092         0.00002829
        5.74000000         5.62231998        -0.61274070         0.00014081         0.00002804
        5.78000000         5.62264329        -0.61179901         0.00014070         0.00002779
        5.82000000         5.62295569        -0.61085568         0.00014059         0.00002754
        5.86000000         5.62325737        -0.60991081         0.00014049         0.00002729
        5.90000000         5.62354855        -0.60896448         0.00014038         0.00002705
        5.94000000         5.62382943        -0.60801675         0.00014027         0.00002681
        5.98000000         5.62410019        -0.60706771         0.00014017         0.00002657
        6.02000000         5.62436103        -0.60611742         0.00014006         0.00002634
        6.06000000         5.62461215        -0.60516596         0.00013996         0.00002611
        6.10000000         5.62485372        -0.60421340         0.00013986         0.00002588
        6.14000000         5.62508594        -0.60325980         0.00013976         0.00002565
        6.18000000         5.62530899        -0.60230523         0.00013965         0.00002543
        6.22000000         5.62552304        -0.60134974         0.00013955         0.00002521
        6.26000000         5.62572827        -0.60039341         0.00013945         0.00002500
        6.30000000         5.62592486        -0.59943629         0.00013935         0.00002478
        6.34000000         5.62611296        -0.59847844         0.00013926         0.00002457
        6.38000000         5.62629276        -0.59751991         0.00013916         0.00002436
        6.42000000         5.62646442        -0.59656075         0.00013906         0.00002416
        6.46000000         5.62662810        -0.59560104         0.00013896         0.00002395
        6.50000000         5.62678395        -0.59464080         0.00013887         0.00002375
        6.54000000         5.62693214        -0.59368010         0.00013877         0.00002356
        6.58000000         5.62707282        -0.59271899         0.00013868         0.00002336
        6.62000000         5.62720613        -0.59175751         0.00013858         0.00002317
        6.66000000         5.62733224        -0.59079570         0.00013849         0.00002297
        6.70000000         5.62745128        -0.58983362         0.00013840         0.00002279
        6.74000000         5.62756340        -0.58887131         0.00013830         0.00002260
        6.78000000         5.62766875        -0.58790881         0.00013821         0.00002241
        6.82000000         5.62776745        -0.58694617         0.00013812         0.00002223
        6.86000000         5.62785965        -0.58598343         0.00013803         0.00002205
        6.90000000         5.62794548        -0.58502062         0.00013794         0.00002188
        6.94000000         5.62802507        -0.58405779         0.00013785         0.00002170
        6.98000000         5.62809855        -0.58309497         0.00013776         0.00002153
        7.02000000         5.62816606        -0.58213221         0.00013768         0.00002135
        7.06000000         5.62822770        -0.58116953         0.00013759         0.00002119
        7.10000000         5.62828362        -0.58020698         0.00013750         0.00002102
        7.14000000         5.62833392        -0.57924460         0.00013742         0.00002085
        7.18000000         5.62837873        -0.57828241         0.00013733         0.00002069
        7.22000000         5.62841816        -0.57732045         0.00013725         0.00002053
        7.26000000         5.62845233        -0.57635875         0.00013716         0.00002037
        7.30000000         5.62848135        -0.57539735         0.00013708         0.00002021
        7.34000000         5.62850532        -0.57443628         0.00013700         0.00002005
        7.38000000         5.62852436        -0.57347556         0.00013691         0.00001990
        7.42000000         5.62853858        -0.57251523         0.00013683         0.00001975
        7.46000000         5.62854808        -0.57155532         0.00013675         0.00001960
        7.50000000         5.62855295        -0.57059586         0.00013667         0.00001945
        7.54000000         5.62855330        -0.56963687         0.00013659         0.00001930
        7.58000000         5.62854924        -0.56867839         0.00013651         0.00001915
        7.62000000         5.62854085        -0.56772044         0.00013643         0.00001901
        7.66000000         5.62852823        -0.56676305         0.00013635         0.00001887
        7.70000000         5.62851147        -0.56580624         0.00013627         0.00001873
        7.74000000         5.62849067        -0.56485004         0.00013620         0.00001859
        7.78000000         5.62846592        -0.56389448         0.00013612         0.00001845
        7.82000000         5.62843730        -0.56293958         0.00013604         0.00001831
        7.86000000         5.62840490        -0.56198536         0.00013597         0.00001818
        7.90000000         5.62836880        -0.56103185         0.00013589         0.00001804
        7.94000000         5.62832909        -0.56007908         0.00013582         0.00001791
        7.98000000         5.62828585        -0.55912706         0.00013574         0.00001778
