-25.000000000000   0.001682509901
-24.980000000000   0.003022797306
-24.960000000000   0.003018714504
-24.940000000000   0.003077504821
-24.920000000000   0.002992298038
-24.900000000000   0.003009501545
-24.880000000000   0.003016101866
-24.860000000000   0.003035377682
-24.840000000000   0.003093236965
-24.820000000000   0.003017977161
-24.800000000000   0.002993913552
-24.780000000000   0.003014658647
-24.760000000000   0.003056560558
-24.740000000000   0.003143695307
-24.720000000000   0.003003694631
-24.700000000000   0.003118291161
-24.680000000000   0.003103490444
-24.660000000000   0.003148491402
-24.640000000000   0.003095750897
-24.620000000000   0.003183778742
-24.600000000000   0.003135882400
-24.580000000000   0.003062871899
-24.560000000000   0.003090418943
-24.540000000000   0.003132620141
-24.520000000000   0.003170516108
-24.500000000000   0.003177625821
-24.480000000000   0.003105746268
-24.460000000000   0.003199212644
-24.440000000000   0.003146230519
-24.420000000000   0.003132744098
-24.400000000000   0.003091858947
-24.380000000000   0.003126172967
-24.360000000000   0.003117758635
-24.340000000000   0.003171669712
-24.320000000000   0.003061560107
-24.300000000000   0.003158257041
-24.280000000000   0.003118857094
-24.260000000000   0.003226820908
-24.240000000000   0.003218408195
-24.220000000000   0.003132347925
-24.200000000000   0.003180370743
-24.180000000000   0.003129101060
-24.160000000000   0.003177042113
-24.140000000000   0.003205550691
-24.120000000000   0.003184832597
-24.100000000000   0.003235790491
-24.080000000000   0.003254787874
-24.060000000000   0.003191930159
-24.040000000000   0.003188133284
-24.020000000000   0.003157548962
-24.000000000000   0.003198805332
-23.980000000000   0.003262717969
-23.960000000000   0.003237308688
-23.940000000000   0.003259624221
-23.920000000000   0.003232431866
-23.900000000000   0.003238991334
-23.880000000000   0.003301991083
-23.860000000000   0.003193799358
-23.840000000000   0.003293774444
-23.820000000000   0.003208614388
-23.800000000000   0.003270330635
-23.780000000000   0.003301053280
-23.760000000000   0.003268025786
-23.740000000000   0.003255652062
-23.720000000000   0.003216794722
-23.700000000000   0.003219768265
-23.680000000000   0.003304985260
-23.660000000000   0.003229463448
-23.640000000000   0.003244773955
-23.620000000000   0.003355913757
-23.600000000000   0.003257096674
-23.580000000000   0.003357032105
-23.560000000000   0.003321478688
-23.540000000000   0.003277132097
-23.520000000000   0.003357329706
-23.500000000000   0.003317308983
-23.480000000000   0.003315825307
-23.460000000000   0.003365737555
-23.440000000000   0.003378467180
-23.420000000000   0.003322776294
-23.400000000000   0.003337087448
-23.380000000000   0.003252966369
-23.360000000000   0.003338338594
-23.340000000000   0.003359482667
-23.320000000000   0.003349303316
-23.300000000000   0.003369530151
-23.280000000000   0.003329222870
-23.260000000000   0.003392860236
-23.240000000000   0.003395534379
-23.220000000000   0.003462669012
-23.200000000000   0.003435219945
-23.180000000000   0.003394824562
-23.160000000000   0.003365513924
-23.140000000000   0.003444929764
-23.120000000000   0.003346937708
-23.100000000000   0.003446283704
-23.080000000000   0.003463819567
-23.060000000000   0.003415916390
-23.040000000000   0.003462314612
-23.020000000000   0.003392932596
-23.000000000000   0.003446934369
-22.980000000000   0.003421179227
-22.960000000000   0.003558312632
-22.940000000000   0.003442279788
-22.920000000000   0.003434955329
-22.900000000000   0.003480717959
-22.880000000000   0.003487240064
-22.860000000000   0.003456874497
-22.840000000000   0.003430874000
-22.820000000000   0.003472627216
-22.800000000000   0.003548314798
-22.780000000000   0.003511177873
-22.760000000000   0.003515830975
-22.740000000000   0.003477023406
-22.720000000000   0.003471190716
-22.700000000000   0.003499094666
-22.680000000000   0.003544341555
-22.660000000000   0.003438382025
-22.640000000000   0.003517138427
-22.620000000000   0.003566248247
-22.600000000000   0.003504050604
-22.580000000000   0.003434893807
-22.560000000000   0.003650427671
-22.540000000000   0.003604199993
-22.520000000000   0.003549160356
-22.500000000000   0.003595948855
-22.480000000000   0.003541993956
-22.460000000000   0.003611575075
-22.440000000000   0.003530721847
-22.420000000000   0.003614775742
-22.400000000000   0.003524197717
-22.380000000000   0.003603507172
-22.360000000000   0.003623330257
-22.340000000000   0.003548138944
-22.320000000000   0.003654292330
-22.300000000000   0.003550334972
-22.280000000000   0.003630975380
-22.260000000000   0.003681695292
-22.240000000000   0.003672724388
-22.220000000000   0.003628614202
-22.200000000000   0.003731159173
-22.180000000000   0.003587934802
-22.160000000000   0.003628012169
-22.140000000000   0.003627096994
-22.120000000000   0.003627879351
-22.100000000000   0.003622297696
-22.080000000000   0.003669158850
-22.060000000000   0.003618802436
-22.040000000000   0.003678619599
-22.020000000000   0.003717001566
-22.000000000000   0.003744235160
-21.980000000000   0.003751481710
-21.960000000000   0.003743129571
-21.940000000000   0.003686354200
-21.920000000000   0.003731007087
-21.900000000000   0.003683467932
-21.880000000000   0.003655807868
-21.860000000000   0.003727230947
-21.840000000000   0.003758453255
-21.820000000000   0.003706005556
-21.800000000000   0.003685546182
-21.780000000000   0.003748953341
-21.760000000000   0.003693306153
-21.740000000000   0.003856968921
-21.720000000000   0.003716802045
-21.700000000000   0.003790385318
-21.680000000000   0.003877830371
-21.660000000000   0.003915363203
-21.640000000000   0.003812632863
-21.620000000000   0.003851404630
-21.600000000000   0.003960587639
-21.580000000000   0.003750718299
-21.560000000000   0.003904939723
-21.540000000000   0.003877030277
-21.520000000000   0.003852077899
-21.500000000000   0.003930746441
-21.480000000000   0.003938864145
-21.460000000000   0.003866083233
-21.440000000000   0.003951709776
-21.420000000000   0.003818448082
-21.400000000000   0.003817665327
-21.380000000000   0.003910834142
-21.360000000000   0.003872211419
-21.340000000000   0.003980819495
-21.320000000000   0.003937820484
-21.300000000000   0.003966402825
-21.280000000000   0.003954052845
-21.260000000000   0.003865768693
-21.240000000000   0.003996340428
-21.220000000000   0.003909908243
-21.200000000000   0.003968375656
-21.180000000000   0.004010939374
-21.160000000000   0.004020976721
-21.140000000000   0.003961603085
-21.120000000000   0.004028534519
-21.100000000000   0.003895809466
-21.080000000000   0.003982506114
-21.060000000000   0.004056718483
-21.040000000000   0.003984698486
-21.020000000000   0.003884968212
-21.000000000000   0.003998772410
-20.980000000000   0.003979770540
-20.960000000000   0.004114655512
-20.940000000000   0.004098177482
-20.920000000000   0.004127528079
-20.900000000000   0.004022788447
-20.880000000000   0.004052810107
-20.860000000000   0.004139270787
-20.840000000000   0.004001237414
-20.820000000000   0.004073492797
-20.800000000000   0.004095264973
-20.780000000000   0.004029304449
-20.760000000000   0.004129094278
-20.740000000000   0.004122685212
-20.720000000000   0.004143721311
-20.700000000000   0.004231624307
-20.680000000000   0.004201887132
-20.660000000000   0.004281984608
-20.640000000000   0.004179288750
-20.620000000000   0.004107813842
-20.600000000000   0.004107698790
-20.580000000000   0.004165342177
-20.560000000000   0.004240468537
-20.540000000000   0.004268418849
-20.520000000000   0.004160101619
-20.500000000000   0.004097560043
-20.480000000000   0.004118805013
-20.460000000000   0.004177942103
-20.440000000000   0.004218175518
-20.420000000000   0.004295703124
-20.400000000000   0.004290474277
-20.380000000000   0.004201451478
-20.360000000000   0.004332636685
-20.340000000000   0.004280276041
-20.320000000000   0.004218459841
-20.300000000000   0.004250319496
-20.280000000000   0.004419779407
-20.260000000000   0.004265330803
-20.240000000000   0.004291144717
-20.220000000000   0.004279985147
-20.200000000000   0.004425825525
-20.180000000000   0.004351544700
-20.160000000000   0.004321207814
-20.140000000000   0.004334635554
-20.120000000000   0.004297199007
-20.100000000000   0.004341635111
-20.080000000000   0.004283478772
-20.060000000000   0.004397331720
-20.040000000000   0.004355514228
-20.020000000000   0.004398839783
-20.000000000000   0.004340554557
-19.980000000000   0.004425647230
-19.960000000000   0.004464727457
-19.940000000000   0.004499018906
-19.920000000000   0.004477422755
-19.900000000000   0.004490393937
-19.880000000000   0.004420589526
-19.860000000000   0.004581678100
-19.840000000000   0.004558247522
-19.820000000000   0.004500050884
-19.800000000000   0.004505232114
-19.780000000000   0.004576435158
-19.760000000000   0.004659296607
-19.740000000000   0.004590718304
-19.720000000000   0.004547189245
-19.700000000000   0.004483627655
-19.680000000000   0.004538708968
-19.660000000000   0.004540597064
-19.640000000000   0.004646053269
-19.620000000000   0.004649327833
-19.600000000000   0.004587259025
-19.580000000000   0.004526705652
-19.560000000000   0.004732004440
-19.540000000000   0.004663231645
-19.520000000000   0.004725115660
-19.500000000000   0.004536975700
-19.480000000000   0.004678473275
-19.460000000000   0.004655525653
-19.440000000000   0.004783050883
-19.420000000000   0.004614423378
-19.400000000000   0.004823851801
-19.380000000000   0.004665420864
-19.360000000000   0.004662185430
-19.340000000000   0.004732057817
-19.320000000000   0.004773127265
-19.300000000000   0.004656931526
-19.280000000000   0.004672318660
-19.260000000000   0.004671972995
-19.240000000000   0.004684948441
-19.220000000000   0.004708115797
-19.200000000000   0.004713105149
-19.180000000000   0.004800909056
-19.160000000000   0.004815817023
-19.140000000000   0.004828559945
-19.120000000000   0.004835633207
-19.100000000000   0.004865547139
-19.080000000000   0.004862056781
-19.060000000000   0.004907393052
-19.040000000000   0.004700862070
-19.020000000000   0.004897005789
-19.000000000000   0.004959572175
-18.980000000000   0.004927807755
-18.960000000000   0.005051174532
-18.940000000000   0.004932689244
-18.920000000000   0.005047178121
-18.900000000000   0.004975461096
-18.880000000000   0.004968694288
-18.860000000000   0.004982011533
-18.840000000000   0.004896093663
-18.820000000000   0.005061029527
-18.800000000000   0.004988511675
-18.780000000000   0.005021438402
-18.760000000000   0.005080502578
-18.740000000000   0.005028693412
-18.720000000000   0.005089589666
-18.700000000000   0.005025528032
-18.680000000000   0.005071192687
-18.660000000000   0.005129491790
-18.640000000000   0.005046177999
-18.620000000000   0.005229555303
-18.600000000000   0.005049183427
-18.580000000000   0.005091421545
-18.560000000000   0.005117836036
-18.540000000000   0.005161865695
-18.520000000000   0.005155861964
-18.500000000000   0.005229800793
-18.480000000000   0.005228643470
-18.460000000000   0.005207948938
-18.440000000000   0.005200312718
-18.420000000000   0.005261029517
-18.400000000000   0.005197809919
-18.380000000000   0.005223263120
-18.360000000000   0.005249164414
-18.340000000000   0.005322190506
-18.320000000000   0.005403492434
-18.300000000000   0.005310169182
-18.280000000000   0.005272647193
-18.260000000000   0.005318765014
-18.240000000000   0.005428155155
-18.220000000000   0.005225046700
-18.200000000000   0.005260127413
-18.180000000000   0.005439091146
-18.160000000000   0.005361285282
-18.140000000000   0.005387609822
-18.120000000000   0.005409837219
-18.100000000000   0.005489113539
-18.080000000000   0.005498529311
-18.060000000000   0.005496500527
-18.040000000000   0.005545069740
-18.020000000000   0.005441717452
-18.000000000000   0.005549289930
-17.980000000000   0.005589110360
-17.960000000000   0.005402999341
-17.940000000000   0.005435396401
-17.920000000000   0.005467712979
-17.900000000000   0.005581168417
-17.880000000000   0.005542127788
-17.860000000000   0.005690623026
-17.840000000000   0.005634089221
-17.820000000000   0.005589060781
-17.800000000000   0.005656608755
-17.780000000000   0.005639989158
-17.760000000000   0.005739741949
-17.740000000000   0.005636619362
-17.720000000000   0.005610940241
-17.700000000000   0.005758042332
-17.680000000000   0.005718337724
-17.660000000000   0.005805097319
-17.640000000000   0.005809805407
-17.620000000000   0.005714184715
-17.600000000000   0.005702014860
-17.580000000000   0.005813550456
-17.560000000000   0.005809035331
-17.540000000000   0.005699442564
-17.520000000000   0.005776944891
-17.500000000000   0.005911043901
-17.480000000000   0.005904579750
-17.460000000000   0.005884940828
-17.440000000000   0.005806237341
-17.420000000000   0.005877547114
-17.400000000000   0.005899612777
-17.380000000000   0.005921149937
-17.360000000000   0.006053697002
-17.340000000000   0.006067329869
-17.320000000000   0.005941155803
-17.300000000000   0.005945499539
-17.280000000000   0.006167782546
-17.260000000000   0.006066458139
-17.240000000000   0.005940123363
-17.220000000000   0.006077509458
-17.200000000000   0.006098539163
-17.180000000000   0.006109240101
-17.160000000000   0.006074932536
-17.140000000000   0.006102715048
-17.120000000000   0.005963647145
-17.100000000000   0.006193447682
-17.080000000000   0.006076310325
-17.060000000000   0.006320270094
-17.040000000000   0.006336123621
-17.020000000000   0.006126858920
-17.000000000000   0.006230927566
-16.980000000000   0.006371773504
-16.960000000000   0.006122560141
-16.940000000000   0.006305260046
-16.920000000000   0.006351266516
-16.900000000000   0.006261258119
-16.880000000000   0.006464654614
-16.860000000000   0.006378351542
-16.840000000000   0.006417814615
-16.820000000000   0.006510502920
-16.800000000000   0.006369320934
-16.780000000000   0.006375890327
-16.760000000000   0.006446043697
-16.740000000000   0.006568940425
-16.720000000000   0.006489178963
-16.700000000000   0.006735593417
-16.680000000000   0.006558383762
-16.660000000000   0.006456631158
-16.640000000000   0.006666222758
-16.620000000000   0.006556722094
-16.600000000000   0.006652813418
-16.580000000000   0.006553776247
-16.560000000000   0.006664422022
-16.540000000000   0.006707671390
-16.520000000000   0.006737268903
-16.500000000000   0.006712723984
-16.480000000000   0.006836517715
-16.460000000000   0.006800123231
-16.440000000000   0.006707670716
-16.420000000000   0.006907738566
-16.400000000000   0.006924997214
-16.380000000000   0.006786944432
-16.360000000000   0.006755328757
-16.340000000000   0.006823276014
-16.320000000000   0.006727966736
-16.300000000000   0.006958765846
-16.280000000000   0.006934319893
-16.260000000000   0.006941704067
-16.240000000000   0.006961998843
-16.220000000000   0.006969238352
-16.200000000000   0.007054179099
-16.180000000000   0.007007059871
-16.160000000000   0.007003930781
-16.140000000000   0.007091542086
-16.120000000000   0.007090030544
-16.100000000000   0.007005311578
-16.080000000000   0.007173350316
-16.060000000000   0.007254746550
-16.040000000000   0.007007440862
-16.020000000000   0.007127286334
-16.000000000000   0.007279772232
-15.980000000000   0.007286976004
-15.960000000000   0.007391408635
-15.940000000000   0.007257428511
-15.920000000000   0.007307943893
-15.900000000000   0.007176359954
-15.880000000000   0.007221762666
-15.860000000000   0.007490381555
-15.840000000000   0.007297893374
-15.820000000000   0.007147271063
-15.800000000000   0.007634249824
-15.780000000000   0.007591920195
-15.760000000000   0.007533623973
-15.740000000000   0.007634335162
-15.720000000000   0.007485139392
-15.700000000000   0.007593647803
-15.680000000000   0.007578062900
-15.660000000000   0.007617364906
-15.640000000000   0.007656841006
-15.620000000000   0.007684733132
-15.600000000000   0.007703571131
-15.580000000000   0.007719163264
-15.560000000000   0.007748550518
-15.540000000000   0.007646775970
-15.520000000000   0.007765706031
-15.500000000000   0.007752240829
-15.480000000000   0.007916805552
-15.460000000000   0.008027156016
-15.440000000000   0.007858227751
-15.420000000000   0.007877056077
-15.400000000000   0.007900089067
-15.380000000000   0.008245330664
-15.360000000000   0.008101023541
-15.340000000000   0.008176312473
-15.320000000000   0.007897727323
-15.300000000000   0.008120381749
-15.280000000000   0.007990676258
-15.260000000000   0.008139480373
-15.240000000000   0.008215877512
-15.220000000000   0.008194094053
-15.200000000000   0.008264512682
-15.180000000000   0.008335094717
-15.160000000000   0.008319921426
-15.140000000000   0.008488242924
-15.120000000000   0.008435782575
-15.100000000000   0.008325341551
-15.080000000000   0.008414316155
-15.060000000000   0.008372073115
-15.040000000000   0.008614968317
-15.020000000000   0.008294706704
-15.000000000000   0.008424609486
-14.980000000000   0.008286645735
-14.960000000000   0.008429755027
-14.940000000000   0.008654098473
-14.920000000000   0.008718806920
-14.900000000000   0.008651140150
-14.880000000000   0.008467240092
-14.860000000000   0.008590245838
-14.840000000000   0.008560517113
-14.820000000000   0.008756242286
-14.800000000000   0.008771915214
-14.780000000000   0.009018038528
-14.760000000000   0.008855650678
-14.740000000000   0.008697570075
-14.720000000000   0.008820680944
-14.700000000000   0.008892440527
-14.680000000000   0.009219758756
-14.660000000000   0.009054924870
-14.640000000000   0.009198699443
-14.620000000000   0.009222577289
-14.600000000000   0.008969163513
-14.580000000000   0.009066327565
-14.560000000000   0.009105791207
-14.540000000000   0.009300709133
-14.520000000000   0.009319665764
-14.500000000000   0.009276849751
-14.480000000000   0.009409470290
-14.460000000000   0.009338740396
-14.440000000000   0.009308025794
-14.420000000000   0.009477021792
-14.400000000000   0.009515664736
-14.380000000000   0.009672482781
-14.360000000000   0.009478636875
-14.340000000000   0.009758089603
-14.320000000000   0.009623273552
-14.300000000000   0.009662730711
-14.280000000000   0.009662463058
-14.260000000000   0.009758153650
-14.240000000000   0.009627139607
-14.220000000000   0.009934308210
-14.200000000000   0.009683800513
-14.180000000000   0.009650684050
-14.160000000000   0.010011919094
-14.140000000000   0.009748885184
-14.120000000000   0.009948066796
-14.100000000000   0.009963617486
-14.080000000000   0.009979498973
-14.060000000000   0.009939247239
-14.040000000000   0.010100974761
-14.020000000000   0.010194392464
-14.000000000000   0.010220379157
-13.980000000000   0.010283804558
-13.960000000000   0.010194665287
-13.940000000000   0.010266995719
-13.920000000000   0.010529971117
-13.900000000000   0.010368155715
-13.880000000000   0.010398767395
-13.860000000000   0.010405667228
-13.840000000000   0.010546323694
-13.820000000000   0.010752171897
-13.800000000000   0.010642416824
-13.780000000000   0.010571256714
-13.760000000000   0.010610747592
-13.740000000000   0.010697347752
-13.720000000000   0.010677067262
-13.700000000000   0.010831676496
-13.680000000000   0.010669857056
-13.660000000000   0.010897566031
-13.640000000000   0.010761125104
-13.620000000000   0.010808427426
-13.600000000000   0.011016475437
-13.580000000000   0.011189510808
-13.560000000000   0.011090378441
-13.540000000000   0.011090003119
-13.520000000000   0.011011686698
-13.500000000000   0.011217114246
-13.480000000000   0.011215001419
-13.460000000000   0.011046949668
-13.440000000000   0.011322828828
-13.420000000000   0.011254457838
-13.400000000000   0.011637101277
-13.380000000000   0.011284351428
-13.360000000000   0.011461822064
-13.340000000000   0.011497870539
-13.320000000000   0.011839577369
-13.300000000000   0.011492413645
-13.280000000000   0.011598302623
-13.260000000000   0.011673652926
-13.240000000000   0.011857510590
-13.220000000000   0.011806550634
-13.200000000000   0.011717453300
-13.180000000000   0.011887413802
-13.160000000000   0.012173454085
-13.140000000000   0.011975983841
-13.120000000000   0.011870387831
-13.100000000000   0.012157948415
-13.080000000000   0.012129199260
-13.060000000000   0.012319533491
-13.040000000000   0.012006391514
-13.020000000000   0.012073179271
-13.000000000000   0.012172186609
-12.980000000000   0.012331649833
-12.960000000000   0.012549332549
-12.940000000000   0.012455595279
-12.920000000000   0.012514549741
-12.900000000000   0.012623077941
-12.880000000000   0.012629985956
-12.860000000000   0.012568243698
-12.840000000000   0.012942752432
-12.820000000000   0.013072353251
-12.800000000000   0.012623984353
-12.780000000000   0.013042929194
-12.760000000000   0.013083083740
-12.740000000000   0.012949848337
-12.720000000000   0.012992698673
-12.700000000000   0.013007686053
-12.680000000000   0.013044022278
-12.660000000000   0.013313996800
-12.640000000000   0.013470517241
-12.620000000000   0.013307980647
-12.600000000000   0.013143519420
-12.580000000000   0.013472188222
-12.560000000000   0.013471988739
-12.540000000000   0.013728592948
-12.520000000000   0.013534338763
-12.500000000000   0.013571556184
-12.480000000000   0.013769407392
-12.460000000000   0.013721214510
-12.440000000000   0.014079282239
-12.420000000000   0.013908393001
-12.400000000000   0.013792045855
-12.380000000000   0.014176439538
-12.360000000000   0.014164832207
-12.340000000000   0.014266131746
-12.320000000000   0.013939444303
-12.300000000000   0.014477410350
-12.280000000000   0.014451123917
-12.260000000000   0.014220354905
-12.240000000000   0.014123584741
-12.220000000000   0.014360106354
-12.200000000000   0.014447229773
-12.180000000000   0.014586617312
-12.160000000000   0.014503755935
-12.140000000000   0.014600360818
-12.120000000000   0.014901455216
-12.100000000000   0.014921546660
-12.080000000000   0.015153257707
-12.060000000000   0.015239091542
-12.040000000000   0.015214819187
-12.020000000000   0.015238531044
-12.000000000000   0.015164191798
-11.980000000000   0.015466090276
-11.960000000000   0.015359131070
-11.940000000000   0.015460419317
-11.920000000000   0.015467950545
-11.900000000000   0.015638981556
-11.880000000000   0.015557901050
-11.860000000000   0.015857685208
-11.840000000000   0.015736545760
-11.820000000000   0.015814356794
-11.800000000000   0.015988997666
-11.780000000000   0.016101325299
-11.760000000000   0.016383422924
-11.740000000000   0.016281885996
-11.720000000000   0.016591322102
-11.700000000000   0.016338264655
-11.680000000000   0.016374171882
-11.660000000000   0.016424997407
-11.640000000000   0.016566720165
-11.620000000000   0.016198949439
-11.600000000000   0.016781647501
-11.580000000000   0.016593617021
-11.560000000000   0.016668456771
-11.540000000000   0.017133656576
-11.520000000000   0.016754454210
-11.500000000000   0.016885573739
-11.480000000000   0.017070487114
-11.460000000000   0.017037624831
-11.440000000000   0.017173789501
-11.420000000000   0.017360261523
-11.400000000000   0.017623325709
-11.380000000000   0.017652815364
-11.360000000000   0.017841681401
-11.340000000000   0.017769103938
-11.320000000000   0.017626476751
-11.300000000000   0.017883079718
-11.280000000000   0.017925091063
-11.260000000000   0.017769803876
-11.240000000000   0.018097766717
-11.220000000000   0.018239166208
-11.200000000000   0.018226264778
-11.180000000000   0.018094211910
-11.160000000000   0.018241049080
-11.140000000000   0.018497963491
-11.120000000000   0.018763301425
-11.100000000000   0.018313826298
-11.080000000000   0.018798593561
-11.060000000000   0.018977358202
-11.040000000000   0.018702222700
-11.020000000000   0.019134889355
-11.000000000000   0.019118589982
-10.980000000000   0.018863469977
-10.960000000000   0.019293140278
-10.940000000000   0.019188848477
-10.920000000000   0.019467354845
-10.900000000000   0.019313094441
-10.880000000000   0.019517852492
-10.860000000000   0.019400276098
-10.840000000000   0.019733658877
-10.820000000000   0.019800635997
-10.800000000000   0.020345155355
-10.780000000000   0.020482384860
-10.760000000000   0.019880884374
-10.740000000000   0.020514890105
-10.720000000000   0.020358718066
-10.700000000000   0.020473181082
-10.680000000000   0.020323533718
-10.660000000000   0.020795358980
-10.640000000000   0.020762378762
-10.620000000000   0.021160011361
-10.600000000000   0.020932209409
-10.580000000000   0.021074647406
-10.560000000000   0.020775345909
-10.540000000000   0.021410025063
-10.520000000000   0.021241952562
-10.500000000000   0.021494333764
-10.480000000000   0.021669070381
-10.460000000000   0.021571180280
-10.440000000000   0.021676916949
-10.420000000000   0.022010489943
-10.400000000000   0.021615263153
-10.380000000000   0.021570699584
-10.360000000000   0.021993026370
-10.340000000000   0.022325107241
-10.320000000000   0.022122044631
-10.300000000000   0.021991135138
-10.280000000000   0.022413628772
-10.260000000000   0.022259699803
-10.240000000000   0.023315011600
-10.220000000000   0.022592889442
-10.200000000000   0.022777504194
-10.180000000000   0.022774917517
-10.160000000000   0.023218710114
-10.140000000000   0.023177033795
-10.120000000000   0.023539390781
-10.100000000000   0.023523651325
-10.080000000000   0.023911908779
-10.060000000000   0.023458574248
-10.040000000000   0.023653488979
-10.020000000000   0.023959139831
-10.000000000000   0.024169479529
 -9.980000000000   0.023860701897
 -9.960000000000   0.024214189919
 -9.940000000000   0.024396451897
 -9.920000000000   0.024378920662
 -9.900000000000   0.024431036917
 -9.880000000000   0.024747020618
 -9.860000000000   0.024519128883
 -9.840000000000   0.025185925509
 -9.820000000000   0.025072852507
 -9.800000000000   0.025273768316
 -9.780000000000   0.024817991696
 -9.760000000000   0.025192941113
 -9.740000000000   0.025609264087
 -9.720000000000   0.025401243548
 -9.700000000000   0.025943591074
 -9.680000000000   0.025887739376
 -9.660000000000   0.025734504008
 -9.640000000000   0.026182251114
 -9.620000000000   0.026664517442
 -9.600000000000   0.026322142423
 -9.580000000000   0.026011410212
 -9.560000000000   0.027200216746
 -9.540000000000   0.027045153036
 -9.520000000000   0.026746115875
 -9.500000000000   0.027088220203
 -9.480000000000   0.027034941871
 -9.460000000000   0.027297085169
 -9.440000000000   0.027009193322
 -9.420000000000   0.027383319230
 -9.400000000000   0.028022555799
 -9.380000000000   0.028220629754
 -9.360000000000   0.027773377481
 -9.340000000000   0.028126369176
 -9.320000000000   0.028320303493
 -9.300000000000   0.028628299308
 -9.280000000000   0.028435788789
 -9.260000000000   0.028692578222
 -9.240000000000   0.028900839935
 -9.220000000000   0.028654138677
 -9.200000000000   0.029373252224
 -9.180000000000   0.029063380586
 -9.160000000000   0.029382686833
 -9.140000000000   0.029817678328
 -9.120000000000   0.029672868179
 -9.100000000000   0.029743770018
 -9.080000000000   0.029457472972
 -9.060000000000   0.030909114510
 -9.040000000000   0.030449840608
 -9.020000000000   0.030361290277
 -9.000000000000   0.030420076822
 -8.980000000000   0.030559456874
 -8.960000000000   0.031029861274
 -8.940000000000   0.031167747595
 -8.920000000000   0.031041214343
 -8.900000000000   0.031476395519
 -8.880000000000   0.031639831453
 -8.860000000000   0.031867495963
 -8.840000000000   0.031662280935
 -8.820000000000   0.031996880284
 -8.800000000000   0.032512270446
 -8.780000000000   0.032123319694
 -8.760000000000   0.032449617981
 -8.740000000000   0.032349981014
 -8.720000000000   0.032966959128
 -8.700000000000   0.032985071147
 -8.680000000000   0.033039549000
 -8.660000000000   0.033424709710
 -8.640000000000   0.033581106851
 -8.620000000000   0.033935598104
 -8.600000000000   0.033575132727
 -8.580000000000   0.034198668596
 -8.560000000000   0.034313839098
 -8.540000000000   0.034725932041
 -8.520000000000   0.034342188360
 -8.500000000000   0.034856679004
 -8.480000000000   0.034959612543
 -8.460000000000   0.035141816007
 -8.440000000000   0.034948344316
 -8.420000000000   0.035059248433
 -8.400000000000   0.035762722819
 -8.380000000000   0.035563894642
 -8.360000000000   0.035852293079
 -8.340000000000   0.036001681620
 -8.320000000000   0.036488130582
 -8.300000000000   0.036343206817
 -8.280000000000   0.036704955278
 -8.260000000000   0.037040976012
 -8.240000000000   0.036850979268
 -8.220000000000   0.037329990418
 -8.200000000000   0.037366262470
 -8.180000000000   0.037517532202
 -8.160000000000   0.038490862491
 -8.140000000000   0.038544437476
 -8.120000000000   0.037988887293
 -8.100000000000   0.038252612638
 -8.080000000000   0.038448003289
 -8.060000000000   0.038470592135
 -8.040000000000   0.038366088131
 -8.020000000000   0.038726762038
 -8.000000000000   0.039413444131
 -7.980000000000   0.039529632452
 -7.960000000000   0.040008248728
 -7.940000000000   0.039783897433
 -7.920000000000   0.040268839012
 -7.900000000000   0.040269400683
 -7.880000000000   0.040603100142
 -7.860000000000   0.041357594882
 -7.840000000000   0.041038254798
 -7.820000000000   0.041796689912
 -7.800000000000   0.041623779020
 -7.780000000000   0.042141022071
 -7.760000000000   0.042370771037
 -7.740000000000   0.042133605582
 -7.720000000000   0.042318422948
 -7.700000000000   0.042864041318
 -7.680000000000   0.043043942277
 -7.660000000000   0.042879775466
 -7.640000000000   0.043758313000
 -7.620000000000   0.044265741263
 -7.600000000000   0.044560823835
 -7.580000000000   0.044630870826
 -7.560000000000   0.044411946626
 -7.540000000000   0.045012685203
 -7.520000000000   0.045480766252
 -7.500000000000   0.045769719029
 -7.480000000000   0.045835699188
 -7.460000000000   0.045626271579
 -7.440000000000   0.046258674567
 -7.420000000000   0.045901801091
 -7.400000000000   0.046693220363
 -7.380000000000   0.046863453360
 -7.360000000000   0.046878485766
 -7.340000000000   0.048032816603
 -7.320000000000   0.047999022179
 -7.300000000000   0.047913122890
 -7.280000000000   0.048638982221
 -7.260000000000   0.048474566859
 -7.240000000000   0.048679343591
 -7.220000000000   0.049344584466
 -7.200000000000   0.049970470605
 -7.180000000000   0.050534537816
 -7.160000000000   0.050645363064
 -7.140000000000   0.050121284570
 -7.120000000000   0.050682531646
 -7.100000000000   0.051432005942
 -7.080000000000   0.051630773988
 -7.060000000000   0.052315258986
 -7.040000000000   0.052693676233
 -7.020000000000   0.052779924959
 -7.000000000000   0.053625860563
 -6.980000000000   0.053075610094
 -6.960000000000   0.053273693798
 -6.940000000000   0.054056516272
 -6.920000000000   0.055221385706
 -6.900000000000   0.054899720162
 -6.880000000000   0.055212396613
 -6.860000000000   0.055592858767
 -6.840000000000   0.055635969944
 -6.820000000000   0.057151229964
 -6.800000000000   0.057152236222
 -6.780000000000   0.057516995685
 -6.760000000000   0.058088074882
 -6.740000000000   0.058189312049
 -6.720000000000   0.058309271869
 -6.700000000000   0.058904693978
 -6.680000000000   0.059075911708
 -6.660000000000   0.060722933654
 -6.640000000000   0.059215453680
 -6.620000000000   0.060846914800
 -6.600000000000   0.061514018188
 -6.580000000000   0.061871468596
 -6.560000000000   0.061809892141
 -6.540000000000   0.061951381866
 -6.520000000000   0.062778484198
 -6.500000000000   0.063352993474
 -6.480000000000   0.065198511847
 -6.460000000000   0.065265531114
 -6.440000000000   0.065750957213
 -6.420000000000   0.066028629613
 -6.400000000000   0.066285079984
 -6.380000000000   0.066094763512
 -6.360000000000   0.067825397507
 -6.340000000000   0.067666303804
 -6.320000000000   0.068019373121
 -6.300000000000   0.068376796086
 -6.280000000000   0.068862072265
 -6.260000000000   0.070048075328
 -6.240000000000   0.070621454554
 -6.220000000000   0.070800433735
 -6.200000000000   0.071696851110
 -6.180000000000   0.071631116820
 -6.160000000000   0.072737904941
 -6.140000000000   0.073068269491
 -6.120000000000   0.073827945001
 -6.100000000000   0.074120498337
 -6.080000000000   0.075830356029
 -6.060000000000   0.075681606678
 -6.040000000000   0.076760938514
 -6.020000000000   0.077071611413
 -6.000000000000   0.076696721981
 -5.980000000000   0.077801514873
 -5.960000000000   0.079157498952
 -5.940000000000   0.078943881036
 -5.920000000000   0.080482507611
 -5.900000000000   0.081015793197
 -5.880000000000   0.082736927702
 -5.860000000000   0.082751271449
 -5.840000000000   0.083130666956
 -5.820000000000   0.083920727245
 -5.800000000000   0.084649022776
 -5.780000000000   0.084909010075
 -5.760000000000   0.086988578181
 -5.740000000000   0.086070679052
 -5.720000000000   0.087627117031
 -5.700000000000   0.088318215059
 -5.680000000000   0.089075959589
 -5.660000000000   0.089294268271
 -5.640000000000   0.089203752546
 -5.620000000000   0.089956244001
 -5.600000000000   0.091907509818
 -5.580000000000   0.091852549342
 -5.560000000000   0.092528201128
 -5.540000000000   0.093245622781
 -5.520000000000   0.094119760714
 -5.500000000000   0.095463954255
 -5.480000000000   0.096793595848
 -5.460000000000   0.095819936608
 -5.440000000000   0.097693953959
 -5.420000000000   0.098314909448
 -5.400000000000   0.099187133662
 -5.380000000000   0.098618254176
 -5.360000000000   0.100853302526
 -5.340000000000   0.100258618571
 -5.320000000000   0.101819154225
 -5.300000000000   0.101477668065
 -5.280000000000   0.103271288745
 -5.260000000000   0.103923988871
 -5.240000000000   0.105029659828
 -5.220000000000   0.104789044794
 -5.200000000000   0.105043674364
 -5.180000000000   0.105813471165
 -5.160000000000   0.106836909384
 -5.140000000000   0.106083409566
 -5.120000000000   0.107043299380
 -5.100000000000   0.107926701615
 -5.080000000000   0.108163524907
 -5.060000000000   0.109450558117
 -5.040000000000   0.109859670578
 -5.020000000000   0.108535624692
 -5.000000000000   0.108394877726
 -4.980000000000   0.110427402869
 -4.960000000000   0.110037188237
 -4.940000000000   0.109995019550
 -4.920000000000   0.109766781525
 -4.900000000000   0.110759205901
 -4.880000000000   0.109347899632
 -4.860000000000   0.109874049318
 -4.840000000000   0.110746774766
 -4.820000000000   0.110522431977
 -4.800000000000   0.109974834896
 -4.780000000000   0.111528777852
 -4.760000000000   0.110087925255
 -4.740000000000   0.110412930749
 -4.720000000000   0.108862874243
 -4.700000000000   0.108672292823
 -4.680000000000   0.108956444782
 -4.660000000000   0.107712621577
 -4.640000000000   0.107514735769
 -4.620000000000   0.107158349877
 -4.600000000000   0.106619311055
 -4.580000000000   0.105285938036
 -4.560000000000   0.104728682832
 -4.540000000000   0.104632441645
 -4.520000000000   0.102582368501
 -4.500000000000   0.102562414384
 -4.480000000000   0.101164076637
 -4.460000000000   0.100478581744
 -4.440000000000   0.099244762649
 -4.420000000000   0.098806248556
 -4.400000000000   0.097655989991
 -4.380000000000   0.096067481770
 -4.360000000000   0.094592223541
 -4.340000000000   0.094409408190
 -4.320000000000   0.091594150853
 -4.300000000000   0.089928563753
 -4.280000000000   0.089737146227
 -4.260000000000   0.088803942076
 -4.240000000000   0.085545296165
 -4.220000000000   0.084634717519
 -4.200000000000   0.083579477876
 -4.180000000000   0.081435749105
 -4.160000000000   0.079841168325
 -4.140000000000   0.078125123778
 -4.120000000000   0.076661185567
 -4.100000000000   0.074639258458
 -4.080000000000   0.072859059497
 -4.060000000000   0.070559905158
 -4.040000000000   0.068928070962
 -4.020000000000   0.067937258336
 -4.000000000000   0.064940682468
 -3.980000000000   0.063513744273
 -3.960000000000   0.061203940758
 -3.940000000000   0.059870922777
 -3.920000000000   0.057900126687
 -3.900000000000   0.056193056682
 -3.880000000000   0.054725187569
 -3.860000000000   0.052183563982
 -3.840000000000   0.050501710299
 -3.820000000000   0.048905384820
 -3.800000000000   0.046789137573
 -3.780000000000   0.045784630851
 -3.760000000000   0.043547634853
 -3.740000000000   0.041565412551
 -3.720000000000   0.040020838224
 -3.700000000000   0.038816995246
 -3.680000000000   0.037057077455
 -3.660000000000   0.035148486123
 -3.640000000000   0.033959626451
 -3.620000000000   0.032214963650
 -3.600000000000   0.030729913652
 -3.580000000000   0.029313200634
 -3.560000000000   0.027713896775
 -3.540000000000   0.026613122110
 -3.520000000000   0.025392687441
 -3.500000000000   0.024235217992
 -3.480000000000   0.022724400806
 -3.460000000000   0.021171526093
 -3.440000000000   0.020474698859
 -3.420000000000   0.019189166099
 -3.400000000000   0.018762053654
 -3.380000000000   0.017331385183
 -3.360000000000   0.016287986739
 -3.340000000000   0.015437298029
 -3.320000000000   0.014620982980
 -3.300000000000   0.013803763374
 -3.280000000000   0.013071883492
 -3.260000000000   0.012026976268
 -3.240000000000   0.011583832883
 -3.220000000000   0.010986438457
 -3.200000000000   0.010013179594
 -3.180000000000   0.009624655132
 -3.160000000000   0.008970010191
 -3.140000000000   0.008337192467
 -3.120000000000   0.007966489760
 -3.100000000000   0.007439084887
 -3.080000000000   0.006964004863
 -3.060000000000   0.006549201145
 -3.040000000000   0.006024757523
 -3.020000000000   0.005838773661
 -3.000000000000   0.005313765545
 -2.980000000000   0.005096511212
 -2.960000000000   0.004699133866
 -2.940000000000   0.004576312173
 -2.920000000000   0.004044209743
 -2.900000000000   0.003882324900
 -2.880000000000   0.003650866025
 -2.860000000000   0.003469012410
 -2.840000000000   0.003197077483
 -2.820000000000   0.002921539310
 -2.800000000000   0.002759232384
 -2.780000000000   0.002499356398
 -2.760000000000   0.002285838805
 -2.740000000000   0.002255053277
 -2.720000000000   0.002177501516
 -2.700000000000   0.001967125010
 -2.680000000000   0.001843073192
 -2.660000000000   0.001724048557
 -2.640000000000   0.001654298525
 -2.620000000000   0.001529298248
 -2.600000000000   0.001356476239
 -2.580000000000   0.001277687773
 -2.560000000000   0.001173917270
 -2.540000000000   0.001108783947
 -2.520000000000   0.001090882506
 -2.500000000000   0.000984357531
 -2.480000000000   0.000929305454
 -2.460000000000   0.000896380313
 -2.440000000000   0.000763297248
 -2.420000000000   0.000743234525
 -2.400000000000   0.000700292113
 -2.380000000000   0.000654778643
 -2.360000000000   0.000616608467
 -2.340000000000   0.000583793887
 -2.320000000000   0.000506588557
 -2.300000000000   0.000480010193
 -2.280000000000   0.000443119520
 -2.260000000000   0.000417534081
 -2.240000000000   0.000415187611
 -2.220000000000   0.000363290926
 -2.200000000000   0.000365008323
 -2.180000000000   0.000323245821
 -2.160000000000   0.000307924092
 -2.140000000000   0.000287556919
 -2.120000000000   0.000268104779
 -2.100000000000   0.000252482403
 -2.080000000000   0.000239036116
 -2.060000000000   0.000219499087
 -2.040000000000   0.000205242600
 -2.020000000000   0.000201652266
 -2.000000000000   0.000187513786
 -1.980000000000   0.000180546780
 -1.960000000000   0.000166644899
 -1.940000000000   0.000164187603
 -1.920000000000   0.000155488140
 -1.900000000000   0.000143113341
 -1.880000000000   0.000136300997
 -1.860000000000   0.000129454064
 -1.840000000000   0.000125006130
 -1.820000000000   0.000113876700
 -1.800000000000   0.000111058228
 -1.780000000000   0.000112404100
 -1.760000000000   0.000101968020
 -1.740000000000   0.000099867982
 -1.720000000000   0.000090650427
 -1.700000000000   0.000092202502
 -1.680000000000   0.000085466181
 -1.660000000000   0.000081135122
 -1.640000000000   0.000079043396
 -1.620000000000   0.000073467512
 -1.600000000000   0.000074657498
 -1.580000000000   0.000072592921
 -1.560000000000   0.000066878266
 -1.540000000000   0.000063448989
 -1.520000000000   0.000060398526
 -1.500000000000   0.000060786564
 -1.480000000000   0.000058012749
 -1.460000000000   0.000059058174
 -1.440000000000   0.000056222286
 -1.420000000000   0.000057080849
 -1.400000000000   0.000053817567
 -1.380000000000   0.000052981931
 -1.360000000000   0.000052332226
 -1.340000000000   0.000050456500
 -1.320000000000   0.000051198991
 -1.300000000000   0.000049382940
 -1.280000000000   0.000049224821
 -1.260000000000   0.000048814068
 -1.240000000000   0.000048020790
 -1.220000000000   0.000046880216
 -1.200000000000   0.000045232844
 -1.180000000000   0.000045782160
 -1.160000000000   0.000045937041
 -1.140000000000   0.000044523451
 -1.120000000000   0.000045344380
 -1.100000000000   0.000045227204
 -1.080000000000   0.000045165114
 -1.060000000000   0.000044515581
 -1.040000000000   0.000045175632
 -1.020000000000   0.000044350115
 -1.000000000000   0.000044810381
 -0.980000000000   0.000045210929
 -0.960000000000   0.000045357953
 -0.940000000000   0.000045827763
 -0.920000000000   0.000046259691
 -0.900000000000   0.000046393269
 -0.880000000000   0.000047069784
 -0.860000000000   0.000046613352
 -0.840000000000   0.000047113490
 -0.820000000000   0.000047693648
 -0.800000000000   0.000047923767
 -0.780000000000   0.000048939962
 -0.760000000000   0.000049578746
 -0.740000000000   0.000050249971
 -0.720000000000   0.000050940073
 -0.700000000000   0.000051596902
 -0.680000000000   0.000052406289
 -0.660000000000   0.000053035715
 -0.640000000000   0.000054156739
 -0.620000000000   0.000054994682
 -0.600000000000   0.000055806384
 -0.580000000000   0.000057021000
 -0.560000000000   0.000058221008
 -0.540000000000   0.000059286498
 -0.520000000000   0.000060738642
 -0.500000000000   0.000062019442
 -0.480000000000   0.000063345388
 -0.460000000000   0.000064809790
 -0.440000000000   0.000066178857
 -0.420000000000   0.000067741651
 -0.400000000000   0.000069525293
 -0.380000000000   0.000071316714
 -0.360000000000   0.000073133338
 -0.340000000000   0.000075125160
 -0.320000000000   0.000077224663
 -0.300000000000   0.000079406973
 -0.280000000000   0.000081804206
 -0.260000000000   0.000084257607
 -0.240000000000   0.000086696051
 -0.220000000000   0.000089482289
 -0.200000000000   0.000092503564
 -0.180000000000   0.000095612973
 -0.160000000000   0.000098860632
 -0.140000000000   0.000102366887
 -0.120000000000   0.000106003205
 -0.100000000000   0.000109989077
 -0.080000000000   0.000114270621
 -0.060000000000   0.000118785608
 -0.040000000000   0.000123650655
 -0.020000000000   0.000128898214
  0.000000000000   0.000134424046
  0.020000000000   0.000140539405
  0.040000000000   0.000147198951
  0.060000000000   0.000154452334
  0.080000000000   0.000162366104
  0.100000000000   0.000171070886
  0.120000000000   0.000180559521
  0.140000000000   0.000191132406
  0.160000000000   0.000202925874
  0.180000000000   0.000216200035
  0.200000000000   0.000231160411
  0.220000000000   0.000248606054
  0.240000000000   0.000269944783
  0.260000000000   0.000299050779
  0.280000000000   0.000345708933
  0.300000000000   0.000425355396
  0.320000000000   0.000621534888
  0.340000000000   0.001006865687
  0.360000000000   0.001689631477
  0.380000000000   0.002630190628
  0.400000000000   0.004874202225
  0.420000000000   0.007701324234
  0.440000000000   0.012310990671
  0.460000000000   0.019270170427
  0.480000000000   0.029668984642
  0.500000000000   0.043673461912
  0.520000000000   0.061550543381
  0.540000000000   0.085315128226
  0.560000000000   0.111113895513
  0.580000000000   0.139134276345
  0.600000000000   0.168504726098
  0.620000000000   0.196254839205
  0.640000000000   0.224699309806
  0.660000000000   0.243508589918
  0.680000000000   0.263784206374
  0.700000000000   0.278088677917
  0.720000000000   0.294346818491
  0.740000000000   0.306414894153
  0.760000000000   0.319432448257
  0.780000000000   0.332263352338
  0.800000000000   0.343013483616
  0.820000000000   0.354379828721
  0.840000000000   0.366451537713
  0.860000000000   0.375519852052
  0.880000000000   0.386281156012
  0.900000000000   0.392285655836
  0.920000000000   0.395594043726
  0.940000000000   0.401282496527
  0.960000000000   0.401792839455
  0.980000000000   0.403732210138
  1.000000000000   0.405065307643
  1.020000000000   0.396736054987
  1.040000000000   0.393473657300
  1.060000000000   0.387470802134
  1.080000000000   0.379003435501
  1.100000000000   0.369846350559
  1.120000000000   0.366306512673
  1.140000000000   0.358493489423
  1.160000000000   0.351277107657
  1.180000000000   0.343073740114
  1.200000000000   0.335659747849
  1.220000000000   0.331844191067
  1.240000000000   0.327512610690
  1.260000000000   0.323971931073
  1.280000000000   0.323186853255
  1.300000000000   0.316709177272
  1.320000000000   0.316797911997
  1.340000000000   0.315818786926
  1.360000000000   0.315182087233
  1.380000000000   0.313836901128
  1.400000000000   0.312543206202
  1.420000000000   0.309473008728
  1.440000000000   0.311246964398
  1.460000000000   0.309087170216
  1.480000000000   0.310746897533
  1.500000000000   0.308799710997
  1.520000000000   0.308502340324
  1.540000000000   0.304766998695
  1.560000000000   0.303450939170
  1.580000000000   0.300566739437
  1.600000000000   0.295736680543
  1.620000000000   0.289561317567
  1.640000000000   0.283644583091
  1.660000000000   0.277361156289
  1.680000000000   0.269257275934
  1.700000000000   0.261945620535
  1.720000000000   0.250692740065
  1.740000000000   0.241610728772
  1.760000000000   0.230615904299
  1.780000000000   0.221137343878
  1.800000000000   0.209155298516
  1.820000000000   0.198748410644
  1.840000000000   0.186374793278
  1.860000000000   0.174618376912
  1.880000000000   0.163140768493
  1.900000000000   0.152698184227
  1.920000000000   0.142528007786
  1.940000000000   0.130092829845
  1.960000000000   0.121520405090
  1.980000000000   0.112595793394
  2.000000000000   0.103102901615
  2.020000000000   0.095385963531
  2.040000000000   0.088662393595
  2.060000000000   0.080922229871
  2.080000000000   0.074573155513
  2.100000000000   0.069309826228
  2.120000000000   0.063736909127
  2.140000000000   0.058289127476
  2.160000000000   0.053217318338
  2.180000000000   0.049497205438
  2.200000000000   0.045060111475
  2.220000000000   0.041562064375
  2.240000000000   0.039301797032
  2.260000000000   0.035668945123
  2.280000000000   0.032605141566
  2.300000000000   0.030379440405
  2.320000000000   0.028518606863
  2.340000000000   0.026657458278
  2.360000000000   0.024627942730
  2.380000000000   0.022580160577
  2.400000000000   0.021096795418
  2.420000000000   0.020012516327
  2.440000000000   0.018385893604
  2.460000000000   0.017444136840
  2.480000000000   0.016243943918
  2.500000000000   0.014978600500
  2.520000000000   0.014142403736
  2.540000000000   0.013416870125
  2.560000000000   0.012516458883
  2.580000000000   0.012047134037
  2.600000000000   0.011504181078
  2.620000000000   0.010731187450
  2.640000000000   0.010035610990
  2.660000000000   0.009247712820
  2.680000000000   0.008840328987
  2.700000000000   0.008660466036
  2.720000000000   0.008240885611
  2.740000000000   0.007621806256
  2.760000000000   0.007430449151
  2.780000000000   0.007131986402
  2.800000000000   0.006622633144
  2.820000000000   0.006307008098
  2.840000000000   0.006104501517
  2.860000000000   0.005856595012
  2.880000000000   0.005707819542
  2.900000000000   0.005420772353
  2.920000000000   0.005043399619
  2.940000000000   0.005037802905
  2.960000000000   0.004747928134
  2.980000000000   0.004778061917
  3.000000000000   0.004329363426
  3.020000000000   0.004293174989
  3.040000000000   0.004243996712
  3.060000000000   0.003878996527
  3.080000000000   0.003806544495
  3.100000000000   0.003558060286
  3.120000000000   0.003498991142
  3.140000000000   0.003474850913
  3.160000000000   0.003332412885
  3.180000000000   0.003224853212
  3.200000000000   0.003181735844
  3.220000000000   0.003143387946
  3.240000000000   0.003020509640
  3.260000000000   0.002779386777
  3.280000000000   0.002904523306
  3.300000000000   0.002790006922
  3.320000000000   0.002730165073
  3.340000000000   0.002635972229
  3.360000000000   0.002597368970
  3.380000000000   0.002521092729
  3.400000000000   0.002464011920
  3.420000000000   0.002468660855
  3.440000000000   0.002326092966
  3.460000000000   0.002329739388
  3.480000000000   0.002262912072
  3.500000000000   0.002249184304
  3.520000000000   0.002168591907
  3.540000000000   0.002088048608
  3.560000000000   0.002096727953
  3.580000000000   0.002040659528
  3.600000000000   0.002005459374
  3.620000000000   0.002093182768
  3.640000000000   0.001879240956
  3.660000000000   0.001924327127
  3.680000000000   0.001894261054
  3.700000000000   0.001685409520
  3.720000000000   0.001870789996
  3.740000000000   0.001810516460
  3.760000000000   0.001699596278
  3.780000000000   0.001726789792
  3.800000000000   0.001707053850
  3.820000000000   0.001635739951
  3.840000000000   0.001666498542
  3.860000000000   0.001608657350
  3.880000000000   0.001636814089
  3.900000000000   0.001570827019
  3.920000000000   0.001574986090
  3.940000000000   0.001625702593
  3.960000000000   0.001548412865
  3.980000000000   0.001506729377
  4.000000000000   0.001503146086
  4.020000000000   0.001475257755
  4.040000000000   0.001449382039
  4.060000000000   0.001468709011
  4.080000000000   0.001417577042
  4.100000000000   0.001427335634
  4.120000000000   0.001439965301
  4.140000000000   0.001375961565
  4.160000000000   0.001403413179
  4.180000000000   0.001335161457
  4.200000000000   0.001353055908
  4.220000000000   0.001297283741
  4.240000000000   0.001312726008
  4.260000000000   0.001323981930
  4.280000000000   0.001324916902
  4.300000000000   0.001284580056
  4.320000000000   0.001297006595
  4.340000000000   0.001355139447
  4.360000000000   0.001293301469
  4.380000000000   0.001353026516
  4.400000000000   0.001318609421
  4.420000000000   0.001276564470
  4.440000000000   0.001185560003
  4.460000000000   0.001235701178
  4.480000000000   0.001229619545
  4.500000000000   0.001269859611
  4.520000000000   0.001218328361
  4.540000000000   0.001241685601
  4.560000000000   0.001228401711
  4.580000000000   0.001206083333
  4.600000000000   0.001206997982
  4.620000000000   0.001259871784
  4.640000000000   0.001163323623
  4.660000000000   0.001159077606
  4.680000000000   0.001259453914
  4.700000000000   0.001240020143
  4.720000000000   0.001200314704
  4.740000000000   0.001257576137
  4.760000000000   0.001244161374
  4.780000000000   0.001240895511
  4.800000000000   0.001202648935
  4.820000000000   0.001218642474
  4.840000000000   0.001234673664
  4.860000000000   0.001285261193
  4.880000000000   0.001270774576
  4.900000000000   0.001181767208
  4.920000000000   0.001201031550
  4.940000000000   0.001207942609
  4.960000000000   0.001148089806
  4.980000000000   0.001140387063
  5.000000000000   0.001215845396
  5.020000000000   0.001158703923
  5.040000000000   0.001198273439
  5.060000000000   0.001217154180
  5.080000000000   0.001195223830
  5.100000000000   0.001200119623
  5.120000000000   0.001155539239
  5.140000000000   0.001153000780
  5.160000000000   0.001192109385
  5.180000000000   0.001202247544
  5.200000000000   0.001210311399
  5.220000000000   0.001184343624
  5.240000000000   0.001157876144
  5.260000000000   0.001144478324
  5.280000000000   0.001210441901
  5.300000000000   0.001160827579
  5.320000000000   0.001264192126
  5.340000000000   0.001196671906
  5.360000000000   0.001212363834
  5.380000000000   0.001188547238
  5.400000000000   0.001304848027
  5.420000000000   0.001204401381
  5.440000000000   0.001201828874
  5.460000000000   0.001169254138
  5.480000000000   0.001244710265
  5.500000000000   0.001254208505
  5.520000000000   0.001240039520
  5.540000000000   0.001142470173
  5.560000000000   0.001230766898
  5.580000000000   0.001207526011
  5.600000000000   0.001283036225
  5.620000000000   0.001208917624
  5.640000000000   0.001197819342
  5.660000000000   0.001196953740
  5.680000000000   0.001211971877
  5.700000000000   0.001230755863
  5.720000000000   0.001230795975
  5.740000000000   0.001215545243
  5.760000000000   0.001210993036
  5.780000000000   0.001271046359
  5.800000000000   0.001318634638
  5.820000000000   0.001234969211
  5.840000000000   0.001254731903
  5.860000000000   0.001305065549
  5.880000000000   0.001283299298
  5.900000000000   0.001299464987
  5.920000000000   0.001278251568
  5.940000000000   0.001316647449
  5.960000000000   0.001286966978
  5.980000000000   0.001317491790
  6.000000000000   0.001297411800
  6.020000000000   0.001305979915
  6.040000000000   0.001300399992
  6.060000000000   0.001290425849
  6.080000000000   0.001303865477
  6.100000000000   0.001270217753
  6.120000000000   0.001298058092
  6.140000000000   0.001307303103
  6.160000000000   0.001359003584
  6.180000000000   0.001299262002
  6.200000000000   0.001307451157
  6.220000000000   0.001367243138
  6.240000000000   0.001328848983
  6.260000000000   0.001371835028
  6.280000000000   0.001372526204
  6.300000000000   0.001382212084
  6.320000000000   0.001353251736
  6.340000000000   0.001310418090
  6.360000000000   0.001392302766
  6.380000000000   0.001448835762
  6.400000000000   0.001353189712
  6.420000000000   0.001436851971
  6.440000000000   0.001399047398
  6.460000000000   0.001390074982
  6.480000000000   0.001375676945
  6.500000000000   0.001362184678
  6.520000000000   0.001430052573
  6.540000000000   0.001430163290
  6.560000000000   0.001340572814
  6.580000000000   0.001477563283
  6.600000000000   0.001473706848
  6.620000000000   0.001445271339
  6.640000000000   0.001447576213
  6.660000000000   0.001483361759
  6.680000000000   0.001462814761
  6.700000000000   0.001515410722
  6.720000000000   0.001465838074
  6.740000000000   0.001473483486
  6.760000000000   0.001600235726
  6.780000000000   0.001447873619
  6.800000000000   0.001496173167
  6.820000000000   0.001486442848
  6.840000000000   0.001480795790
  6.860000000000   0.001527024505
  6.880000000000   0.001525370330
  6.900000000000   0.001582723315
  6.920000000000   0.001592936044
  6.940000000000   0.001560254578
  6.960000000000   0.001635450454
  6.980000000000   0.001561753714
  7.000000000000   0.001469410288
  7.020000000000   0.001549477648
  7.040000000000   0.001567405167
  7.060000000000   0.001728002371
  7.080000000000   0.001653807692
  7.100000000000   0.001563657081
  7.120000000000   0.001651072918
  7.140000000000   0.001581978310
  7.160000000000   0.001640989145
  7.180000000000   0.001649696471
  7.200000000000   0.001605520952
  7.220000000000   0.001677337808
  7.240000000000   0.001591853371
  7.260000000000   0.001611956687
  7.280000000000   0.001707473674
  7.300000000000   0.001668401686
  7.320000000000   0.001712596875
  7.340000000000   0.001700304785
  7.360000000000   0.001771269941
  7.380000000000   0.001700766351
  7.400000000000   0.001689345249
  7.420000000000   0.001698161880
  7.440000000000   0.001725655887
  7.460000000000   0.001722069344
  7.480000000000   0.001858835125
  7.500000000000   0.001758409336
  7.520000000000   0.001784966427
  7.540000000000   0.001755285815
  7.560000000000   0.001782463704
  7.580000000000   0.001822067155
  7.600000000000   0.001751097537
  7.620000000000   0.001894603612
  7.640000000000   0.001767168181
  7.660000000000   0.001903549063
  7.680000000000   0.001816104745
  7.700000000000   0.001855088854
  7.720000000000   0.001871927096
  7.740000000000   0.001884568775
  7.760000000000   0.001851909597
  7.780000000000   0.001900045523
  7.800000000000   0.001814647120
  7.820000000000   0.001904854577
  7.840000000000   0.001899032944
  7.860000000000   0.001843526731
  7.880000000000   0.001918184977
  7.900000000000   0.001911861705
  7.920000000000   0.001951771935
  7.940000000000   0.001927643057
  7.960000000000   0.002014152229
  7.980000000000   0.001980350868
  8.000000000000   0.001921015371
  8.020000000000   0.001938636387
  8.040000000000   0.001990351159
  8.060000000000   0.002025862294
  8.080000000000   0.002033945425
  8.100000000000   0.002083437545
  8.120000000000   0.001977737762
  8.140000000000   0.002007095445
  8.160000000000   0.002057655631
  8.180000000000   0.002017076431
  8.200000000000   0.002175530584
  8.220000000000   0.002080214364
  8.240000000000   0.002072662734
  8.260000000000   0.002067909183
  8.280000000000   0.002116865680
  8.300000000000   0.002165273146
  8.320000000000   0.002110739634
  8.340000000000   0.002176375757
  8.360000000000   0.002111167491
  8.380000000000   0.002090070891
  8.400000000000   0.002143544284
  8.420000000000   0.002125252024
  8.440000000000   0.002197082367
  8.460000000000   0.002164951591
  8.480000000000   0.002124629222
  8.500000000000   0.002271824470
  8.520000000000   0.002253413446
  8.540000000000   0.002155229964
  8.560000000000   0.002219728853
  8.580000000000   0.002266737619
  8.600000000000   0.002227885783
  8.620000000000   0.002305398102
  8.640000000000   0.002280092418
  8.660000000000   0.002361882946
  8.680000000000   0.002348397201
  8.700000000000   0.002326105391
  8.720000000000   0.002313809307
  8.740000000000   0.002306432061
  8.760000000000   0.002374892870
  8.780000000000   0.002466137189
  8.800000000000   0.002345247257
  8.820000000000   0.002367525342
  8.840000000000   0.002381602187
  8.860000000000   0.002404400227
  8.880000000000   0.002336085464
  8.900000000000   0.002409054773
  8.920000000000   0.002313255809
  8.940000000000   0.002473826979
  8.960000000000   0.002391738887
  8.980000000000   0.002459829138
  9.000000000000   0.002476650360
  9.020000000000   0.002477819374
  9.040000000000   0.002485778270
  9.060000000000   0.002483928313
  9.080000000000   0.002408482494
  9.100000000000   0.002416266250
  9.120000000000   0.002535226935
  9.140000000000   0.002524039758
  9.160000000000   0.002574852265
  9.180000000000   0.002473464074
  9.200000000000   0.002531144496
  9.220000000000   0.002612449609
  9.240000000000   0.002589638938
  9.260000000000   0.002577453456
  9.280000000000   0.002631032686
  9.300000000000   0.002607700931
  9.320000000000   0.002612676124
  9.340000000000   0.002623045590
  9.360000000000   0.002591671075
  9.380000000000   0.002737496372
  9.400000000000   0.002688928858
  9.420000000000   0.002726475553
  9.440000000000   0.002646915759
  9.460000000000   0.002660062596
  9.480000000000   0.002722122032
  9.500000000000   0.002675585985
  9.520000000000   0.002763645449
  9.540000000000   0.002752303286
  9.560000000000   0.002726701789
  9.580000000000   0.002826453618
  9.600000000000   0.002818476751
  9.620000000000   0.002763530679
  9.640000000000   0.002708468482
  9.660000000000   0.002858336692
  9.680000000000   0.002820416324
  9.700000000000   0.002861171612
  9.720000000000   0.002826495889
  9.740000000000   0.002880208572
  9.760000000000   0.002918771520
  9.780000000000   0.002893673284
  9.800000000000   0.002916772968
  9.820000000000   0.002911236091
  9.840000000000   0.002899054492
  9.860000000000   0.002963935196
  9.880000000000   0.002984474399
  9.900000000000   0.002906773507
  9.920000000000   0.002927520525
  9.940000000000   0.002955577360
  9.960000000000   0.003008821881
  9.980000000000   0.002998821328
 10.000000000000   0.002949240831
 10.020000000000   0.003026740156
 10.040000000000   0.003069389827
 10.060000000000   0.003100306963
 10.080000000000   0.003018222878
 10.100000000000   0.002958307916
 10.120000000000   0.002984671791
 10.140000000000   0.003094306259
 10.160000000000   0.003053647170
 10.180000000000   0.003175034008
 10.200000000000   0.003198715821
 10.220000000000   0.003101559917
 10.240000000000   0.003241103133
 10.260000000000   0.003113574575
 10.280000000000   0.003097178546
 10.300000000000   0.003165230138
 10.320000000000   0.003146116418
 10.340000000000   0.003104223399
 10.360000000000   0.003199512022
 10.380000000000   0.003131147144
 10.400000000000   0.003188970980
 10.420000000000   0.003275469307
 10.440000000000   0.003259222813
 10.460000000000   0.003278457248
 10.480000000000   0.003379524748
 10.500000000000   0.003335987432
 10.520000000000   0.003216107848
 10.540000000000   0.003362751743
 10.560000000000   0.003347565503
 10.580000000000   0.003245635577
 10.600000000000   0.003243329578
 10.620000000000   0.003275474850
 10.640000000000   0.003393128326
 10.660000000000   0.003425094256
 10.680000000000   0.003366675936
 10.700000000000   0.003376949579
 10.720000000000   0.003322051231
 10.740000000000   0.003398414886
 10.760000000000   0.003497277113
 10.780000000000   0.003431989977
 10.800000000000   0.003420081834
 10.820000000000   0.003409307875
 10.840000000000   0.003460638148
 10.860000000000   0.003401314027
 10.880000000000   0.003493022547
 10.900000000000   0.003420600123
 10.920000000000   0.003557745000
 10.940000000000   0.003502762028
 10.960000000000   0.003548286738
 10.980000000000   0.003465288927
 11.000000000000   0.003547892049
 11.020000000000   0.003523962161
 11.040000000000   0.003660229507
 11.060000000000   0.003547660062
 11.080000000000   0.003588950717
 11.100000000000   0.003643171810
 11.120000000000   0.003660101965
 11.140000000000   0.003560963882
 11.160000000000   0.003510807503
 11.180000000000   0.003644145177
 11.200000000000   0.003597627128
 11.220000000000   0.003564490346
 11.240000000000   0.003711168246
 11.260000000000   0.003634857089
 11.280000000000   0.003690018756
 11.300000000000   0.003664380751
 11.320000000000   0.003653663468
 11.340000000000   0.003645481726
 11.360000000000   0.003741933763
 11.380000000000   0.003701114713
 11.400000000000   0.003816530001
 11.420000000000   0.003777527234
 11.440000000000   0.003652836658
 11.460000000000   0.003753296177
 11.480000000000   0.003686089664
 11.500000000000   0.003803145238
 11.520000000000   0.003782051744
 11.540000000000   0.003786226800
 11.560000000000   0.003795378250
 11.580000000000   0.003780866205
 11.600000000000   0.003723861142
 11.620000000000   0.003813604017
 11.640000000000   0.003778237585
 11.660000000000   0.003854964639
 11.680000000000   0.003915624638
 11.700000000000   0.003889542153
 11.720000000000   0.003866535402
 11.740000000000   0.003898262165
 11.760000000000   0.003920582844
 11.780000000000   0.003982990948
 11.800000000000   0.003864014738
 11.820000000000   0.003913113533
 11.840000000000   0.003889841472
 11.860000000000   0.004011331992
 11.880000000000   0.003926588693
 11.900000000000   0.003877891728
 11.920000000000   0.003976811938
 11.940000000000   0.003947483282
 11.960000000000   0.003893336003
 11.980000000000   0.003962712970
 12.000000000000   0.003950629842
 12.020000000000   0.003955687818
 12.040000000000   0.004046928453
 12.060000000000   0.004092098803
 12.080000000000   0.004149229937
 12.100000000000   0.004052455079
 12.120000000000   0.004006878933
 12.140000000000   0.004102766802
 12.160000000000   0.004118633754
 12.180000000000   0.004043310611
 12.200000000000   0.004148550533
 12.220000000000   0.003912563042
 12.240000000000   0.003998866388
 12.260000000000   0.004134076262
 12.280000000000   0.004112142033
 12.300000000000   0.004173314323
 12.320000000000   0.004178181561
 12.340000000000   0.004269070372
 12.360000000000   0.004064030673
 12.380000000000   0.004139818507
 12.400000000000   0.004154826104
 12.420000000000   0.004166617151
 12.440000000000   0.004198517851
 12.460000000000   0.004159851461
 12.480000000000   0.004212046949
 12.500000000000   0.004103457687
 12.520000000000   0.004246251559
 12.540000000000   0.004187087095
 12.560000000000   0.004172595737
 12.580000000000   0.004143159733
 12.600000000000   0.004257667609
 12.620000000000   0.004212425956
 12.640000000000   0.004196805125
 12.660000000000   0.004362718499
 12.680000000000   0.004213896342
 12.700000000000   0.004248682505
 12.720000000000   0.004165095418
 12.740000000000   0.004241642718
 12.760000000000   0.004290005251
 12.780000000000   0.004192786585
 12.800000000000   0.004219132636
 12.820000000000   0.004221754918
 12.840000000000   0.004347836113
 12.860000000000   0.004267034698
 12.880000000000   0.004225170514
 12.900000000000   0.004235629165
 12.920000000000   0.004280220785
 12.940000000000   0.004282633274
 12.960000000000   0.004334283444
 12.980000000000   0.004304577176
 13.000000000000   0.004224331568
 13.020000000000   0.004370632458
 13.040000000000   0.004326953120
 13.060000000000   0.004266789231
 13.080000000000   0.004301524975
 13.100000000000   0.004338786856
 13.120000000000   0.004417678646
 13.140000000000   0.004370314362
 13.160000000000   0.004424821507
 13.180000000000   0.004441835459
 13.200000000000   0.004353221939
 13.220000000000   0.004316415035
 13.240000000000   0.004263967584
 13.260000000000   0.004459172356
 13.280000000000   0.004334303856
 13.300000000000   0.004459833894
 13.320000000000   0.004226301490
 13.340000000000   0.004487558387
 13.360000000000   0.004258361260
 13.380000000000   0.004380665532
 13.400000000000   0.004381725826
 13.420000000000   0.004424112680
 13.440000000000   0.004368137339
 13.460000000000   0.004382498330
 13.480000000000   0.004415258485
 13.500000000000   0.004456310912
 13.520000000000   0.004469369093
 13.540000000000   0.004464098209
 13.560000000000   0.004453373757
 13.580000000000   0.004449615624
 13.600000000000   0.004467164199
 13.620000000000   0.004410272422
 13.640000000000   0.004501662920
 13.660000000000   0.004503569069
 13.680000000000   0.004476070730
 13.700000000000   0.004399191507
 13.720000000000   0.004497189667
 13.740000000000   0.004500152199
 13.760000000000   0.004461305917
 13.780000000000   0.004505654193
 13.800000000000   0.004495646961
 13.820000000000   0.004428841817
 13.840000000000   0.004480913633
 13.860000000000   0.004486486640
 13.880000000000   0.004376856239
 13.900000000000   0.004443828506
 13.920000000000   0.004512671269
 13.940000000000   0.004415386496
 13.960000000000   0.004468503584
 13.980000000000   0.004453574577
 14.000000000000   0.004602065374
 14.020000000000   0.004445563688
 14.040000000000   0.004510931584
 14.060000000000   0.004395183927
 14.080000000000   0.004539365950
 14.100000000000   0.004526310810
 14.120000000000   0.004547706596
 14.140000000000   0.004483678140
 14.160000000000   0.004412677994
 14.180000000000   0.004425062690
 14.200000000000   0.004505503745
 14.220000000000   0.004539218071
 14.240000000000   0.004378863604
 14.260000000000   0.004563303992
 14.280000000000   0.004682818821
 14.300000000000   0.004445762046
 14.320000000000   0.004543985079
 14.340000000000   0.004577490609
 14.360000000000   0.004470858800
 14.380000000000   0.004548333283
 14.400000000000   0.004431910593
 14.420000000000   0.004551158311
 14.440000000000   0.004539806435
 14.460000000000   0.004466407041
 14.480000000000   0.004338754927
 14.500000000000   0.004530888392
 14.520000000000   0.004434982477
 14.540000000000   0.004464700314
 14.560000000000   0.004453772737
 14.580000000000   0.004486626310
 14.600000000000   0.004500407887
 14.620000000000   0.004608735386
 14.640000000000   0.004553664228
 14.660000000000   0.004428032618
 14.680000000000   0.004503861130
 14.700000000000   0.004504220086
 14.720000000000   0.004544844890
 14.740000000000   0.004448999369
 14.760000000000   0.004483420820
 14.780000000000   0.004513203517
 14.800000000000   0.004483345881
 14.820000000000   0.004351773692
 14.840000000000   0.004538634634
 14.860000000000   0.004415537012
 14.880000000000   0.004502623935
 14.900000000000   0.004433136642
 14.920000000000   0.004421066458
 14.940000000000   0.004441909922
 14.960000000000   0.004408700213
 14.980000000000   0.004558042259
 15.000000000000   0.002547805241
