        0.02000000         0.19243520        -0.84148525         0.00015556         0.00016811
        0.06000000         0.06090253        -0.68147130         0.00006428         0.00006783
        0.10000000         0.00975190        -0.60024068         0.00003791         0.00004136
        0.14000000        -0.01295854        -0.57043417         0.00003037         0.00002948
        0.18000000        -0.02690618        -0.55188160         0.00002616         0.00002266
        0.22000000        -0.03665894        -0.53525314         0.00002301         0.00001828
        0.26000000        -0.04363348        -0.51909643         0.00002057         0.00001529
        0.30000000        -0.04847858        -0.50356261         0.00001874         0.00001314
        0.34000000        -0.05162755        -0.48891620         0.00001738         0.00001154
        0.38000000        -0.05343022        -0.47527962         0.00001637         0.00001030
        0.42000000        -0.05418230        -0.46265297         0.00001557         0.00000931
        0.46000000        -0.05413196        -0.45096855         0.00001491         0.00000849
        0.50000000        -0.05348344        -0.44013115         0.00001434         0.00000779
        0.54000000        -0.05240125        -0.43004103         0.00001383         0.00000718
        0.58000000        -0.05101537        -0.42060521         0.00001335         0.00000665
        0.62000000        -0.04942669        -0.41174186         0.00001290         0.00000617
        0.66000000        -0.04771219        -0.40338112         0.00001247         0.00000574
        0.70000000        -0.04592959        -0.39546438         0.00001206         0.00000536
        0.74000000        -0.04412142        -0.38794273         0.00001167         0.00000501
        0.78000000        -0.04231831        -0.38077550         0.00001130         0.00000470
        0.82000000        -0.04054179        -0.37392868         0.00001095         0.00000442
        0.86000000        -0.03880645        -0.36737374         0.00001061         0.00000417
        0.90000000        -0.03712172        -0.36108652         0.00001029         0.00000394
        0.94000000        -0.03549318        -0.35504639         0.00000999         0.00000373
        0.98000000        -0.03392361        -0.34923555         0.00000969         0.00000355
        1.02000000        -0.03241383        -0.34363853         0.00000942         0.00000338
        1.06000000        -0.03096325        -0.33824170         0.00000915         0.00000323
        1.10000000        -0.02957037        -0.33303298         0.00000890         0.00000309
        1.14000000        -0.02823308        -0.32800153         0.00000866         0.00000297
        1.18000000        -0.02694892        -0.32313761         0.00000843         0.00000285
        1.22000000        -0.02571524        -0.31843234         0.00000821         0.00000275
        1.26000000        -0.02452936        -0.31387760         0.00000800         0.00000265
        1.30000000        -0.02338861        -0.30946593         0.00000780         0.00000257
        1.34000000        -0.02229043        -0.30519043         0.00000761         0.00000248
        1.38000000        -0.02123237        -0.30104471         0.00000743         0.00000241
        1.42000000        -0.02021213        -0.29702281         0.00000725         0.00000234
        1.46000000        -0.01922756        -0.29311916         0.00000708         0.00000227
        1.50000000        -0.01827668        -0.28932855         0.00000692         0.00000221
        1.54000000        -0.01735766        -0.28564609         0.00000676         0.00000216
        1.58000000        -0.01646880        -0.28206716         0.00000661         0.00000210
        1.62000000        -0.01560857        -0.27858744         0.00000647         0.00000205
        1.66000000        -0.01477554        -0.27520283         0.00000633         0.00000200
        1.70000000        -0.01396843        -0.27190946         0.00000620         0.00000196
        1.74000000        -0.01318603        -0.26870367         0.00000607         0.00000191
        1.78000000        -0.01242727        -0.26558200         0.00000595         0.00000187
        1.82000000        -0.01169114        -0.26254116         0.00000583         0.00000183
        1.86000000        -0.01097672        -0.25957803         0.00000571         0.00000179
        1.90000000        -0.01028317        -0.25668965         0.00000560         0.00000175
        1.94000000        -0.00960969        -0.25387321         0.00000550         0.00000171
        1.98000000        -0.00895557        -0.25112603         0.00000540         0.00000168
        2.02000000        -0.00832013        -0.24844557         0.00000530         0.00000164
        2.06000000        -0.00770274        -0.24582939         0.00000520         0.00000161
        2.10000000        -0.00710281        -0.24327519         0.00000511         0.00000158
        2.14000000        -0.00651981        -0.24078077         0.00000502         0.00000155
        2.18000000        -0.00595320        -0.23834401         0.00000493         0.00000152
        2.22000000        -0.00540250        -0.23596292         0.00000485         0.00000149
        2.26000000        -0.00486726        -0.23363558         0.00000477         0.00000146
        2.30000000        -0.00434703        -0.23136015         0.00000469         0.00000143
        2.34000000        -0.00384140        -0.22913488         0.00000462         0.00000140
        2.38000000        -0.00334997        -0.22695811         0.00000454         0.00000137
        2.42000000        -0.00287236        -0.22482822         0.00000447         0.00000134
        2.46000000        -0.00240821        -0.22274368         0.00000440         0.00000132
        2.50000000        -0.00195717        -0.22070303         0.00000434         0.00000129
        2.54000000        -0.00151890        -0.21870485         0.00000427         0.00000127
        2.58000000        -0.00109307        -0.21674779         0.00000421         0.00000124
        2.62000000        -0.00067939        -0.21483057         0.00000415         0.00000122
        2.66000000        -0.00027753        -0.21295193         0.00000409         0.00000119
        2.70000000         0.00011278        -0.21111069         0.00000403         0.00000117
        2.74000000         0.00049184        -0.20930569         0.00000397         0.00000115
        2.78000000         0.00085993        -0.20753585         0.00000392         0.00000112
        2.82000000         0.00121730        -0.20580009         0.00000386         0.00000110
        2.86000000         0.00156422        -0.20409742         0.00000381         0.00000108
        2.90000000         0.00190096        -0.20242684         0.00000376         0.00000106
        2.94000000         0.00222774        -0.20078742         0.00000371         0.00000104
        2.98000000         0.00254482        -0.19917826         0.00000366         0.00000102
        3.02000000         0.00285243        -0.19759849         0.00000362         0.00000100
        3.06000000         0.00315080        -0.19604726         0.00000357         0.00000098
        3.10000000         0.00344016        -0.19452377         0.00000353         0.00000096
        3.14000000         0.00372072        -0.19302724         0.00000348         0.00000094
        3.18000000         0.00399270        -0.19155693         0.00000344         0.00000092
        3.22000000         0.00425631        -0.19011210         0.00000340         0.00000090
        3.26000000         0.00451175        -0.18869207         0.00000336         0.00000088
        3.30000000         0.00475922        -0.18729616         0.00000332         0.00000087
        3.34000000         0.00499891        -0.18592372         0.00000328         0.00000085
        3.38000000         0.00523103        -0.18457412         0.00000324         0.00000083
        3.42000000         0.00545574        -0.18324676         0.00000320         0.00000081
        3.46000000         0.00567325        -0.18194107         0.00000317         0.00000080
        3.50000000         0.00588371        -0.18065646         0.00000313         0.00000078
        3.54000000         0.00608732        -0.17939240         0.00000309         0.00000077
        3.58000000         0.00628423        -0.17814837         0.00000306         0.00000075
        3.62000000         0.00647462        -0.17692385         0.00000303         0.00000073
        3.66000000         0.00665865        -0.17571835         0.00000299         0.00000072
        3.70000000         0.00683647        -0.17453140         0.00000296         0.00000071
        3.74000000         0.00700825        -0.17336253         0.00000293         0.00000069
        3.78000000         0.00717413        -0.17221130         0.00000290         0.00000068
        3.82000000         0.00733427        -0.17107729         0.00000287         0.00000066
        3.86000000         0.00748880        -0.16996006         0.00000284         0.00000065
        3.90000000         0.00763788        -0.16885922         0.00000281         0.00000064
        3.94000000         0.00778164        -0.16777439         0.00000278         0.00000062
        3.98000000         0.00792021        -0.16670517         0.00000275         0.00000061
        4.02000000         0.00805374        -0.16565120         0.00000272         0.00000060
        4.06000000         0.00818234        -0.16461213         0.00000269         0.00000059
        4.10000000         0.00830615        -0.16358762         0.00000266         0.00000057
        4.14000000         0.00842529        -0.16257732         0.00000264         0.00000056
        4.18000000         0.00853988        -0.16158092         0.00000261         0.00000055
        4.22000000         0.00865003        -0.16059809         0.00000258         0.00000054
        4.26000000         0.00875588        -0.15962855         0.00000256         0.00000053
        4.30000000         0.00885751        -0.15867199         0.00000253         0.00000052
        4.34000000         0.00895506        -0.15772812         0.00000251         0.00000051
        4.38000000         0.00904862        -0.15679667         0.00000248         0.00000050
        4.42000000         0.00913830        -0.15587736         0.00000246         0.00000049
        4.46000000         0.00922421        -0.15496994         0.00000243         0.00000048
        4.50000000         0.00930643        -0.15407415         0.00000241         0.00000047
        4.54000000         0.00938508        -0.15318974         0.00000239         0.00000046
        4.58000000         0.00946025        -0.15231648         0.00000237         0.00000045
        4.62000000         0.00953202        -0.15145412         0.00000234         0.00000044
        4.66000000         0.00960049        -0.15060245         0.00000232         0.00000043
        4.70000000         0.00966576        -0.14976125         0.00000230         0.00000043
        4.74000000         0.00972790        -0.14893029         0.00000228         0.00000042
        4.78000000         0.00978700        -0.14810938         0.00000226         0.00000041
        4.82000000         0.00984314        -0.14729830         0.00000224         0.00000040
        4.86000000         0.00989641        -0.14649687         0.00000221         0.00000039
        4.90000000         0.00994688        -0.14570488         0.00000219         0.00000039
        4.94000000         0.00999464        -0.14492217         0.00000217         0.00000038
        4.98000000         0.01003974        -0.14414854         0.00000215         0.00000037
        5.02000000         0.01008228        -0.14338381         0.00000213         0.00000037
        5.06000000         0.01012231        -0.14262782         0.00000212         0.00000036
        5.10000000         0.01015992        -0.14188040         0.00000210         0.00000035
        5.14000000         0.01019516        -0.14114139         0.00000208         0.00000035
        5.18000000         0.01022810        -0.14041063         0.00000206         0.00000034
        5.22000000         0.01025881        -0.13968796         0.00000204         0.00000033
        5.26000000         0.01028735        -0.13897324         0.00000202         0.00000033
        5.30000000         0.01031379        -0.13826632         0.00000201         0.00000032
        5.34000000         0.01033818        -0.13756705         0.00000199         0.00000032
        5.38000000         0.01036057        -0.13687530         0.00000197         0.00000031
        5.42000000         0.01038104        -0.13619093         0.00000195         0.00000031
        5.46000000         0.01039963        -0.13551381         0.00000194         0.00000030
        5.50000000         0.01041639        -0.13484382         0.00000192         0.00000030
        5.54000000         0.01043139        -0.13418082         0.00000190         0.00000029
        5.58000000         0.01044466        -0.13352469         0.00000189         0.00000029
        5.62000000         0.01045627        -0.13287532         0.00000187         0.00000028
        5.66000000         0.01046626        -0.13223259         0.00000186         0.00000028
        5.70000000         0.01047468        -0.13159638         0.00000184         0.00000027
        5.74000000         0.01048158        -0.13096659         0.00000182         0.00000027
        5.78000000         0.01048699        -0.13034310         0.00000181         0.00000026
        5.82000000         0.01049097        -0.12972581         0.00000179         0.00000026
        5.86000000         0.01049356        -0.12911462         0.00000178         0.00000026
        5.90000000         0.01049479        -0.12850943         0.00000177         0.00000025
        5.94000000         0.01049472        -0.12791014         0.00000175         0.00000025
        5.98000000         0.01049338        -0.12731665         0.00000174         0.00000024
        6.02000000         0.01049080        -0.12672887         0.00000172         0.00000024
        6.06000000         0.01048704        -0.12614670         0.00000171         0.00000024
        6.10000000         0.01048212        -0.12557007         0.00000169         0.00000023
        6.14000000         0.01047607        -0.12499888         0.00000168         0.00000023
        6.18000000         0.01046895        -0.12443304         0.00000167         0.00000023
        6.22000000         0.01046077        -0.12387248         0.00000165         0.00000022
        6.26000000         0.01045157        -0.12331710         0.00000164         0.00000022
        6.30000000         0.01044139        -0.12276684         0.00000163         0.00000022
        6.34000000         0.01043026        -0.12222161         0.00000162         0.00000022
        6.38000000         0.01041820        -0.12168134         0.00000160         0.00000021
        6.42000000         0.01040525        -0.12114595         0.00000159         0.00000021
        6.46000000         0.01039143        -0.12061537         0.00000158         0.00000021
        6.50000000         0.01037678        -0.12008952         0.00000157         0.00000021
        6.54000000         0.01036132        -0.11956835         0.00000155         0.00000020
        6.58000000         0.01034508        -0.11905177         0.00000154         0.00000020
        6.62000000         0.01032809        -0.11853973         0.00000153         0.00000020
        6.66000000         0.01031036        -0.11803216         0.00000152         0.00000020
        6.70000000         0.01029193        -0.11752898         0.00000151         0.00000019
        6.74000000         0.01027282        -0.11703015         0.00000149         0.00000019
        6.78000000         0.01025305        -0.11653560         0.00000148         0.00000019
        6.82000000         0.01023265        -0.11604527         0.00000147         0.00000019
        6.86000000         0.01021164        -0.11555909         0.00000146         0.00000019
        6.90000000         0.01019003        -0.11507702         0.00000145         0.00000018
        6.94000000         0.01016786        -0.11459899         0.00000144         0.00000018
        6.98000000         0.01014514        -0.11412495         0.00000143         0.00000018
        7.02000000         0.01012189        -0.11365485         0.00000142         0.00000018
        7.06000000         0.01009813        -0.11318863         0.00000141         0.00000018
        7.10000000         0.01007388        -0.11272624         0.00000140         0.00000018
        7.14000000         0.01004916        -0.11226763         0.00000139         0.00000017
        7.18000000         0.01002399        -0.11181275         0.00000138         0.00000017
        7.22000000         0.00999838        -0.11136154         0.00000137         0.00000017
        7.26000000         0.00997235        -0.11091397         0.00000136         0.00000017
        7.30000000         0.00994592        -0.11046998         0.00000135         0.00000017
        7.34000000         0.00991910        -0.11002953         0.00000134         0.00000017
        7.38000000         0.00989191        -0.10959257         0.00000133         0.00000016
        7.42000000         0.00986437        -0.10915906         0.00000132         0.00000016
        7.46000000         0.00983648        -0.10872895         0.00000131         0.00000016
        7.50000000         0.00980827        -0.10830220         0.00000130         0.00000016
        7.54000000         0.00977975        -0.10787876         0.00000129         0.00000016
        7.58000000         0.00975093        -0.10745861         0.00000128         0.00000016
        7.62000000         0.00972182        -0.10704169         0.00000127         0.00000016
        7.66000000         0.00969244        -0.10662796         0.00000126         0.00000016
        7.70000000         0.00966280        -0.10621740         0.00000126         0.00000015
        7.74000000         0.00963291        -0.10580994         0.00000125         0.00000015
        7.78000000         0.00960278        -0.10540557         0.00000124         0.00000015
        7.82000000         0.00957244        -0.10500425         0.00000123         0.00000015
        7.86000000         0.00954187        -0.10460592         0.00000122         0.00000015
        7.90000000         0.00951111        -0.10421057         0.00000121         0.00000015
        7.94000000         0.00948015        -0.10381816         0.00000120         0.00000015
        7.98000000         0.00944901        -0.10342864         0.00000120         0.00000015