        0.02000000         0.33270073        -1.39150132         0.00015857         0.00016344
        0.06000000         0.12956868        -1.00026334         0.00005644         0.00006436
        0.10000000         0.06012395        -0.82072975         0.00004285         0.00004419
        0.14000000         0.02839864        -0.73658490         0.00003279         0.00003735
        0.18000000         0.00998190        -0.68193664         0.00002488         0.00003420
        0.22000000        -0.00156780        -0.63994041         0.00001950         0.00003172
        0.26000000        -0.00896940        -0.60550188         0.00001631         0.00002936
        0.30000000        -0.01367242        -0.57649033         0.00001484         0.00002711
        0.34000000        -0.01654668        -0.55165742         0.00001446         0.00002502
        0.38000000        -0.01815425        -0.53012027         0.00001461         0.00002312
        0.42000000        -0.01887682        -0.51121224         0.00001494         0.00002140
        0.46000000        -0.01898208        -0.49442173         0.00001525         0.00001985
        0.50000000        -0.01866123        -0.47935480         0.00001546         0.00001846
        0.54000000        -0.01805212        -0.46570740         0.00001556         0.00001720
        0.58000000        -0.01725430        -0.45324369         0.00001554         0.00001604
        0.62000000        -0.01633947        -0.44177932         0.00001544         0.00001499
        0.66000000        -0.01535889        -0.43116875         0.00001525         0.00001402
        0.70000000        -0.01434875        -0.42129578         0.00001502         0.00001312
        0.74000000        -0.01333420        -0.41206648         0.00001474         0.00001229
        0.78000000        -0.01233230        -0.40340401         0.00001444         0.00001151
        0.82000000        -0.01135423        -0.39524474         0.00001412         0.00001079
        0.86000000        -0.01040691        -0.38753538         0.00001379         0.00001012
        0.90000000        -0.00949424        -0.38023085         0.00001346         0.00000949
        0.94000000        -0.00861799        -0.37329261         0.00001314         0.00000890
        0.98000000        -0.00777848        -0.36668750         0.00001282         0.00000836
        1.02000000        -0.00697504        -0.36038669         0.00001251         0.00000785
        1.06000000        -0.00620636        -0.35436501         0.00001221         0.00000737
        1.10000000        -0.00547078        -0.34860029         0.00001192         0.00000692
        1.14000000        -0.00476641        -0.34307295         0.00001165         0.00000651
        1.18000000        -0.00409134        -0.33776557         0.00001138         0.00000613
        1.22000000        -0.00344361        -0.33266261         0.00001113         0.00000577
        1.26000000        -0.00282137        -0.32775012         0.00001089         0.00000544
        1.30000000        -0.00222288        -0.32301557         0.00001066         0.00000513
        1.34000000        -0.00164648        -0.31844761         0.00001044         0.00000484
        1.38000000        -0.00109068        -0.31403597         0.00001023         0.00000458
        1.42000000        -0.00055412        -0.30977133         0.00001003         0.00000434
        1.46000000        -0.00003556        -0.30564516         0.00000984         0.00000411
        1.50000000         0.00046612        -0.30164969         0.00000966         0.00000390
        1.54000000         0.00095191        -0.29777777         0.00000948         0.00000371
        1.58000000         0.00142269        -0.29402286         0.00000932         0.00000353
        1.62000000         0.00187926        -0.29037891         0.00000916         0.00000337
        1.66000000         0.00232231        -0.28684034         0.00000901         0.00000322
        1.70000000         0.00275248        -0.28340199         0.00000886         0.00000308
        1.74000000         0.00317032        -0.28005907         0.00000872         0.00000295
        1.78000000         0.00357632        -0.27680714         0.00000858         0.00000283
        1.82000000         0.00397091        -0.27364205         0.00000845         0.00000272
        1.86000000         0.00435451        -0.27055994         0.00000832         0.00000262
        1.90000000         0.00472744        -0.26755720         0.00000820         0.00000253
        1.94000000         0.00509004        -0.26463045         0.00000808         0.00000244
        1.98000000         0.00544259        -0.26177652         0.00000797         0.00000236
        2.02000000         0.00578534        -0.25899244         0.00000785         0.00000228
        2.06000000         0.00611853        -0.25627542         0.00000775         0.00000221
        2.10000000         0.00644239        -0.25362281         0.00000764         0.00000215
        2.14000000         0.00675712        -0.25103214         0.00000754         0.00000208
        2.18000000         0.00706290        -0.24850106         0.00000744         0.00000202
        2.22000000         0.00735991        -0.24602735         0.00000734         0.00000197
        2.26000000         0.00764832        -0.24360891         0.00000725         0.00000191
        2.30000000         0.00792830        -0.24124376         0.00000716         0.00000186
        2.34000000         0.00819999        -0.23893001         0.00000707         0.00000181
        2.38000000         0.00846354        -0.23666586         0.00000698         0.00000176
        2.42000000         0.00871910        -0.23444961         0.00000689         0.00000172
        2.46000000         0.00896681        -0.23227964         0.00000681         0.00000167
        2.50000000         0.00920681        -0.23015441         0.00000673         0.00000163
        2.54000000         0.00943922        -0.22807245         0.00000665         0.00000159
        2.58000000         0.00966420        -0.22603235         0.00000657         0.00000155
        2.62000000         0.00988185        -0.22403278         0.00000649         0.00000151
        2.66000000         0.01009233        -0.22207244         0.00000642         0.00000147
        2.70000000         0.01029575        -0.22015012         0.00000634         0.00000143
        2.74000000         0.01049225        -0.21826465         0.00000627         0.00000139
        2.78000000         0.01068196        -0.21641490         0.00000620         0.00000136
        2.82000000         0.01086499        -0.21459979         0.00000613         0.00000132
        2.86000000         0.01104148        -0.21281830         0.00000606         0.00000129
        2.90000000         0.01121156        -0.21106944         0.00000599         0.00000125
        2.94000000         0.01137535        -0.20935226         0.00000593         0.00000122
        2.98000000         0.01153297        -0.20766585         0.00000586         0.00000119
        3.02000000         0.01168455        -0.20600933         0.00000580         0.00000115
        3.06000000         0.01183022        -0.20438185         0.00000573         0.00000112
        3.10000000         0.01197009        -0.20278262         0.00000567         0.00000109
        3.14000000         0.01210429        -0.20121085         0.00000561         0.00000106
        3.18000000         0.01223294        -0.19966578         0.00000555         0.00000103
        3.22000000         0.01235616        -0.19814671         0.00000549         0.00000100
        3.26000000         0.01247407        -0.19665292         0.00000544         0.00000097
        3.30000000         0.01258680        -0.19518375         0.00000538         0.00000094
        3.34000000         0.01269444        -0.19373856         0.00000532         0.00000091
        3.38000000         0.01279713        -0.19231672         0.00000527         0.00000088
        3.42000000         0.01289498        -0.19091762         0.00000522         0.00000086
        3.46000000         0.01298810        -0.18954068         0.00000516         0.00000083
        3.50000000         0.01307661        -0.18818535         0.00000511         0.00000080
        3.54000000         0.01316061        -0.18685108         0.00000506         0.00000078
        3.58000000         0.01324022        -0.18553735         0.00000501         0.00000075
        3.62000000         0.01331554        -0.18424364         0.00000496         0.00000073
        3.66000000         0.01338668        -0.18296948         0.00000491         0.00000070
        3.70000000         0.01345375        -0.18171438         0.00000486         0.00000068
        3.74000000         0.01351685        -0.18047789         0.00000481         0.00000066
        3.78000000         0.01357609        -0.17925956         0.00000477         0.00000064
        3.82000000         0.01363155        -0.17805897         0.00000472         0.00000061
        3.86000000         0.01368335        -0.17687570         0.00000468         0.00000059
        3.90000000         0.01373158        -0.17570935         0.00000463         0.00000057
        3.94000000         0.01377634        -0.17455952         0.00000459         0.00000055
        3.98000000         0.01381771        -0.17342585         0.00000454         0.00000053
        4.02000000         0.01385580        -0.17230796         0.00000450         0.00000051
        4.06000000         0.01389069        -0.17120549         0.00000446         0.00000049
        4.10000000         0.01392247        -0.17011811         0.00000442         0.00000048
        4.14000000         0.01395123        -0.16904548         0.00000438         0.00000046
        4.18000000         0.01397705        -0.16798728         0.00000434         0.00000044
        4.22000000         0.01400003        -0.16694319         0.00000430         0.00000042
        4.26000000         0.01402023        -0.16591291         0.00000426         0.00000041
        4.30000000         0.01403774        -0.16489614         0.00000422         0.00000039
        4.34000000         0.01405265        -0.16389260         0.00000418         0.00000038
        4.38000000         0.01406502        -0.16290200         0.00000414         0.00000036
        4.42000000         0.01407494        -0.16192407         0.00000411         0.00000035
        4.46000000         0.01408247        -0.16095856         0.00000407         0.00000034
        4.50000000         0.01408769        -0.16000521         0.00000403         0.00000032
        4.54000000         0.01409067        -0.15906376         0.00000400         0.00000031
        4.58000000         0.01409148        -0.15813397         0.00000396         0.00000030
        4.62000000         0.01409019        -0.15721562         0.00000393         0.00000029
        4.66000000         0.01408686        -0.15630847         0.00000389         0.00000028
        4.70000000         0.01408155        -0.15541230         0.00000386         0.00000027
        4.74000000         0.01407433        -0.15452689         0.00000383         0.00000026
        4.78000000         0.01406527        -0.15365204         0.00000380         0.00000025
        4.82000000         0.01405442        -0.15278754         0.00000376         0.00000024
        4.86000000         0.01404183        -0.15193319         0.00000373         0.00000024
        4.90000000         0.01402757        -0.15108879         0.00000370         0.00000023
        4.94000000         0.01401170        -0.15025417         0.00000367         0.00000022
        4.98000000         0.01399426        -0.14942912         0.00000364         0.00000022
        5.02000000         0.01397531        -0.14861348         0.00000361         0.00000021
        5.06000000         0.01395490        -0.14780708         0.00000358         0.00000021
        5.10000000         0.01393309        -0.14700973         0.00000355         0.00000021
        5.14000000         0.01390991        -0.14622128         0.00000352         0.00000020
        5.18000000         0.01388543        -0.14544156         0.00000349         0.00000020
        5.22000000         0.01385968        -0.14467043         0.00000346         0.00000020
        5.26000000         0.01383271        -0.14390771         0.00000343         0.00000020
        5.30000000         0.01380456        -0.14315327         0.00000341         0.00000019
        5.34000000         0.01377528        -0.14240696         0.00000338         0.00000019
        5.38000000         0.01374492        -0.14166863         0.00000335         0.00000019
        5.42000000         0.01371350        -0.14093816         0.00000333         0.00000019
        5.46000000         0.01368107        -0.14021539         0.00000330         0.00000019
        5.50000000         0.01364767        -0.13950021         0.00000327         0.00000019
        5.54000000         0.01361334        -0.13879248         0.00000325         0.00000019
        5.58000000         0.01357811        -0.13809207         0.00000322         0.00000019
        5.62000000         0.01354202        -0.13739887         0.00000320         0.00000020
        5.66000000         0.01350511        -0.13671276         0.00000317         0.00000020
        5.70000000         0.01346740        -0.13603361         0.00000315         0.00000020
        5.74000000         0.01342893        -0.13536131         0.00000312         0.00000020
        5.78000000         0.01338973        -0.13469575         0.00000310         0.00000020
        5.82000000         0.01334983        -0.13403682         0.00000308         0.00000020
        5.86000000         0.01330927        -0.13338442         0.00000305         0.00000021
        5.90000000         0.01326807        -0.13273844         0.00000303         0.00000021
        5.94000000         0.01322626        -0.13209878         0.00000301         0.00000021
        5.98000000         0.01318386        -0.13146534         0.00000298         0.00000021
        6.02000000         0.01314091        -0.13083802         0.00000296         0.00000021
        6.06000000         0.01309743        -0.13021673         0.00000294         0.00000022
        6.10000000         0.01305345        -0.12960138         0.00000292         0.00000022
        6.14000000         0.01300898        -0.12899186         0.00000290         0.00000022
        6.18000000         0.01296406        -0.12838810         0.00000288         0.00000022
        6.22000000         0.01291871        -0.12779001         0.00000285         0.00000022
        6.26000000         0.01287295        -0.12719750         0.00000283         0.00000023
        6.30000000         0.01282679        -0.12661049         0.00000281         0.00000023
        6.34000000         0.01278027        -0.12602889         0.00000279         0.00000023
        6.38000000         0.01273341        -0.12545263         0.00000277         0.00000023
        6.42000000         0.01268621        -0.12488163         0.00000275         0.00000023
        6.46000000         0.01263871        -0.12431582         0.00000273         0.00000023
        6.50000000         0.01259092        -0.12375511         0.00000271         0.00000024
        6.54000000         0.01254286        -0.12319943         0.00000269         0.00000024
        6.58000000         0.01249454        -0.12264871         0.00000267         0.00000024
        6.62000000         0.01244599        -0.12210289         0.00000266         0.00000024
        6.66000000         0.01239722        -0.12156189         0.00000264         0.00000024
        6.70000000         0.01234825        -0.12102565         0.00000262         0.00000024
        6.74000000         0.01229908        -0.12049409         0.00000260         0.00000024
        6.78000000         0.01224974        -0.11996716         0.00000258         0.00000025
        6.82000000         0.01220025        -0.11944478         0.00000256         0.00000025
        6.86000000         0.01215061        -0.11892691         0.00000255         0.00000025
        6.90000000         0.01210084        -0.11841347         0.00000253         0.00000025
        6.94000000         0.01205095        -0.11790440         0.00000251         0.00000025
        6.98000000         0.01200095        -0.11739966         0.00000249         0.00000025
        7.02000000         0.01195087        -0.11689917         0.00000248         0.00000025
        7.06000000         0.01190070        -0.11640288         0.00000246         0.00000025
        7.10000000         0.01185046        -0.11591075         0.00000244         0.00000025
        7.14000000         0.01180017        -0.11542270         0.00000243         0.00000025
        7.18000000         0.01174983        -0.11493870         0.00000241         0.00000026
        7.22000000         0.01169945        -0.11445868         0.00000240         0.00000026
        7.26000000         0.01164905        -0.11398260         0.00000238         0.00000026
        7.30000000         0.01159863        -0.11351041         0.00000236         0.00000026
        7.34000000         0.01154821        -0.11304204         0.00000235         0.00000026
        7.38000000         0.01149778        -0.11257747         0.00000233         0.00000026
        7.42000000         0.01144737        -0.11211663         0.00000232         0.00000026
        7.46000000         0.01139698        -0.11165949         0.00000230         0.00000026
        7.50000000         0.01134661        -0.11120599         0.00000229         0.00000026
        7.54000000         0.01129629        -0.11075609         0.00000227         0.00000026
        7.58000000         0.01124600        -0.11030975         0.00000226         0.00000026
        7.62000000         0.01119577        -0.10986692         0.00000224         0.00000026
        7.66000000         0.01114559        -0.10942756         0.00000223         0.00000026
        7.70000000         0.01109548        -0.10899162         0.00000221         0.00000026
        7.74000000         0.01104544        -0.10855908         0.00000220         0.00000026
        7.78000000         0.01099548        -0.10812987         0.00000218         0.00000026
        7.82000000         0.01094561        -0.10770397         0.00000217         0.00000026
        7.86000000         0.01089582        -0.10728134         0.00000216         0.00000026
        7.90000000         0.01084613        -0.10686193         0.00000214         0.00000026
        7.94000000         0.01079654        -0.10644571         0.00000213         0.00000026
        7.98000000         0.01074706        -0.10603264         0.00000212         0.00000026