-25.000000000000   0.001734867686
-24.980000000000   0.001943803798
-24.960000000000   0.002137984499
-24.940000000000   0.002308150633
-24.920000000000   0.002451844375
-24.900000000000   0.002571051670
-24.880000000000   0.002669512550
-24.860000000000   0.002751128070
-24.840000000000   0.002819325678
-24.820000000000   0.002876921515
-24.800000000000   0.002926145845
-24.780000000000   0.002968699436
-24.760000000000   0.003005844702
-24.740000000000   0.003038532288
-24.720000000000   0.003067528304
-24.700000000000   0.003093480505
-24.680000000000   0.003116895264
-24.660000000000   0.003138093434
-24.640000000000   0.003157233253
-24.620000000000   0.003174420179
-24.600000000000   0.003189839634
-24.580000000000   0.003203788184
-24.560000000000   0.003216577325
-24.540000000000   0.003228429034
-24.520000000000   0.003239465803
-24.500000000000   0.003249772395
-24.480000000000   0.003259453495
-24.460000000000   0.003268650750
-24.440000000000   0.003277530150
-24.420000000000   0.003286253460
-24.400000000000   0.003294929962
-24.380000000000   0.003303598337
-24.360000000000   0.003312272837
-24.340000000000   0.003320987978
-24.320000000000   0.003329803749
-24.300000000000   0.003338789675
-24.280000000000   0.003347984445
-24.260000000000   0.003357347565
-24.240000000000   0.003366733642
-24.220000000000   0.003375890331
-24.200000000000   0.003384488684
-24.180000000000   0.003392215417
-24.160000000000   0.003398907071
-24.140000000000   0.003404620827
-24.120000000000   0.003409566656
-24.100000000000   0.003413980931
-24.080000000000   0.003418072766
-24.060000000000   0.003422046631
-24.040000000000   0.003426111838
-24.020000000000   0.003430433429
-24.000000000000   0.003435076210
-23.980000000000   0.003440005391
-23.960000000000   0.003445123907
-23.940000000000   0.003450311666
-23.920000000000   0.003455468692
-23.900000000000   0.003460550735
-23.880000000000   0.003465562226
-23.860000000000   0.003470535367
-23.840000000000   0.003475537831
-23.820000000000   0.003480651872
-23.800000000000   0.003485913575
-23.780000000000   0.003491301863
-23.760000000000   0.003496771647
-23.740000000000   0.003502258461
-23.720000000000   0.003507666954
-23.700000000000   0.003512878771
-23.680000000000   0.003517794377
-23.660000000000   0.003522401155
-23.640000000000   0.003526781667
-23.620000000000   0.003531042054
-23.600000000000   0.003535296419
-23.580000000000   0.003539725282
-23.560000000000   0.003544529622
-23.540000000000   0.003549771636
-23.520000000000   0.003555333433
-23.500000000000   0.003561041133
-23.480000000000   0.003566763417
-23.460000000000   0.003572407108
-23.440000000000   0.003577902796
-23.420000000000   0.003583231864
-23.400000000000   0.003588423838
-23.380000000000   0.003593502403
-23.360000000000   0.003598467249
-23.340000000000   0.003603338419
-23.320000000000   0.003608197937
-23.300000000000   0.003613166274
-23.280000000000   0.003618327628
-23.260000000000   0.003623674780
-23.240000000000   0.003629111786
-23.220000000000   0.003634495346
-23.200000000000   0.003639689224
-23.180000000000   0.003644613735
-23.160000000000   0.003649243545
-23.140000000000   0.003653561285
-23.120000000000   0.003657572603
-23.100000000000   0.003661395342
-23.080000000000   0.003665255014
-23.060000000000   0.003669326126
-23.040000000000   0.003673618419
-23.020000000000   0.003678022018
-23.000000000000   0.003682411170
-22.980000000000   0.003686723971
-22.960000000000   0.003690993498
-22.940000000000   0.003695320942
-22.920000000000   0.003699831826
-22.900000000000   0.003704638377
-22.880000000000   0.003709786948
-22.860000000000   0.003715233745
-22.840000000000   0.003720910035
-22.820000000000   0.003726788237
-22.800000000000   0.003732819683
-22.780000000000   0.003738831840
-22.760000000000   0.003744556573
-22.740000000000   0.003749760768
-22.720000000000   0.003754339514
-22.700000000000   0.003758347508
-22.680000000000   0.003761982037
-22.660000000000   0.003765473203
-22.640000000000   0.003768955281
-22.620000000000   0.003772471012
-22.600000000000   0.003776075497
-22.580000000000   0.003779882013
-22.560000000000   0.003783993054
-22.540000000000   0.003788403710
-22.520000000000   0.003792993309
-22.500000000000   0.003797605630
-22.480000000000   0.003802120385
-22.460000000000   0.003806455208
-22.440000000000   0.003810513894
-22.420000000000   0.003814169435
-22.400000000000   0.003817359984
-22.380000000000   0.003820191910
-22.360000000000   0.003822902450
-22.340000000000   0.003825744908
-22.320000000000   0.003828924966
-22.300000000000   0.003832590380
-22.280000000000   0.003836806090
-22.260000000000   0.003841520676
-22.240000000000   0.003846599937
-22.220000000000   0.003851926553
-22.200000000000   0.003857449833
-22.180000000000   0.003863119516
-22.160000000000   0.003868786946
-22.140000000000   0.003874209730
-22.120000000000   0.003879197350
-22.100000000000   0.003883793561
-22.080000000000   0.003888311356
-22.060000000000   0.003893144356
-22.040000000000   0.003898502807
-22.020000000000   0.003904308173
-22.000000000000   0.003910310691
-21.980000000000   0.003916289254
-21.960000000000   0.003922177500
-21.940000000000   0.003928050749
-21.920000000000   0.003934008745
-21.900000000000   0.003940050211
-21.880000000000   0.003946032224
-21.860000000000   0.003951749201
-21.840000000000   0.003957039665
-21.820000000000   0.003961827764
-21.800000000000   0.003966134937
-21.780000000000   0.003970088476
-21.760000000000   0.003973890098
-21.740000000000   0.003977741033
-21.720000000000   0.003981779823
-21.700000000000   0.003986064838
-21.680000000000   0.003990593921
-21.660000000000   0.003995349685
-21.640000000000   0.004000325029
-21.620000000000   0.004005486501
-21.600000000000   0.004010725552
-21.580000000000   0.004015901300
-21.560000000000   0.004020925823
-21.540000000000   0.004025743241
-21.520000000000   0.004030275153
-21.500000000000   0.004034469912
-21.480000000000   0.004038376189
-21.460000000000   0.004042121430
-21.440000000000   0.004045845050
-21.420000000000   0.004049674501
-21.400000000000   0.004053725333
-21.380000000000   0.004058120246
-21.360000000000   0.004062990887
-21.340000000000   0.004068386619
-21.320000000000   0.004074221487
-21.300000000000   0.004080388081
-21.280000000000   0.004086864335
-21.260000000000   0.004093660974
-21.240000000000   0.004100716941
-21.220000000000   0.004107870482
-21.200000000000   0.004114917516
-21.180000000000   0.004121719756
-21.160000000000   0.004128253183
-21.140000000000   0.004134529794
-21.120000000000   0.004140516492
-21.100000000000   0.004146174020
-21.080000000000   0.004151548282
-21.060000000000   0.004156794272
-21.040000000000   0.004162121537
-21.020000000000   0.004167717704
-21.000000000000   0.004173682602
-20.980000000000   0.004179990227
-20.960000000000   0.004186506666
-20.940000000000   0.004193087643
-20.920000000000   0.004199693776
-20.900000000000   0.004206395378
-20.880000000000   0.004213276587
-20.860000000000   0.004220347444
-20.840000000000   0.004227504661
-20.820000000000   0.004234559455
-20.800000000000   0.004241324935
-20.780000000000   0.004247684141
-20.760000000000   0.004253600087
-20.740000000000   0.004259099052
-20.720000000000   0.004264235634
-20.700000000000   0.004269067644
-20.680000000000   0.004273667174
-20.660000000000   0.004278104707
-20.640000000000   0.004282406140
-20.620000000000   0.004286575785
-20.600000000000   0.004290683219
-20.580000000000   0.004294921868
-20.560000000000   0.004299574113
-20.540000000000   0.004304890419
-20.520000000000   0.004310956995
-20.500000000000   0.004317635811
-20.480000000000   0.004324639169
-20.460000000000   0.004331708541
-20.440000000000   0.004338735861
-20.420000000000   0.004345749826
-20.400000000000   0.004352831243
-20.380000000000   0.004360014957
-20.360000000000   0.004367236405
-20.340000000000   0.004374383770
-20.320000000000   0.004381405204
-20.300000000000   0.004388331626
-20.280000000000   0.004395189101
-20.260000000000   0.004401946230
-20.240000000000   0.004408566525
-20.220000000000   0.004415057934
-20.200000000000   0.004421428175
-20.180000000000   0.004427634819
-20.160000000000   0.004433627806
-20.140000000000   0.004439403264
-20.120000000000   0.004445004737
-20.100000000000   0.004450517743
-20.080000000000   0.004456079904
-20.060000000000   0.004461838969
-20.040000000000   0.004467852200
-20.020000000000   0.004474048798
-20.000000000000   0.004480299340
-19.980000000000   0.004486526747
-19.960000000000   0.004492754179
-19.940000000000   0.004499045521
-19.920000000000   0.004505428734
-19.900000000000   0.004511896117
-19.880000000000   0.004518473605
-19.860000000000   0.004525265213
-19.840000000000   0.004532409133
-19.820000000000   0.004540008192
-19.800000000000   0.004548097139
-19.780000000000   0.004556616003
-19.760000000000   0.004565366944
-19.740000000000   0.004574009690
-19.720000000000   0.004582199645
-19.700000000000   0.004589808807
-19.680000000000   0.004596990698
-19.660000000000   0.004604027400
-19.640000000000   0.004611129287
-19.620000000000   0.004618317702
-19.600000000000   0.004625397456
-19.580000000000   0.004632056930
-19.560000000000   0.004638101104
-19.540000000000   0.004643638076
-19.520000000000   0.004649025899
-19.500000000000   0.004654641904
-19.480000000000   0.004660710073
-19.460000000000   0.004667310149
-19.440000000000   0.004674464599
-19.420000000000   0.004682150478
-19.400000000000   0.004690262861
-19.380000000000   0.004698619846
-19.360000000000   0.004707024306
-19.340000000000   0.004715350881
-19.320000000000   0.004723581741
-19.300000000000   0.004731752903
-19.280000000000   0.004739886296
-19.260000000000   0.004747987004
-19.240000000000   0.004756079293
-19.220000000000   0.004764242602
-19.200000000000   0.004772600544
-19.180000000000   0.004781226441
-19.160000000000   0.004790059889
-19.140000000000   0.004798939539
-19.120000000000   0.004807721066
-19.100000000000   0.004816378323
-19.080000000000   0.004825013268
-19.060000000000   0.004833763099
-19.040000000000   0.004842697744
-19.020000000000   0.004851779571
-19.000000000000   0.004860851193
-18.980000000000   0.004869688049
-18.960000000000   0.004878152510
-18.940000000000   0.004886289148
-18.920000000000   0.004894227844
-18.900000000000   0.004902048690
-18.880000000000   0.004909793544
-18.860000000000   0.004917553129
-18.840000000000   0.004925461669
-18.820000000000   0.004933621847
-18.800000000000   0.004942114354
-18.780000000000   0.004951056507
-18.760000000000   0.004960575525
-18.740000000000   0.004970716073
-18.720000000000   0.004981385925
-18.700000000000   0.004992417811
-18.680000000000   0.005003689109
-18.660000000000   0.005015131998
-18.640000000000   0.005026609686
-18.620000000000   0.005037847715
-18.600000000000   0.005048535664
-18.580000000000   0.005058493268
-18.560000000000   0.005067761516
-18.540000000000   0.005076577202
-18.520000000000   0.005085232513
-18.500000000000   0.005093888743
-18.480000000000   0.005102525164
-18.460000000000   0.005111071890
-18.440000000000   0.005119529681
-18.420000000000   0.005127928112
-18.400000000000   0.005136245504
-18.380000000000   0.005144456204
-18.360000000000   0.005152632917
-18.340000000000   0.005160941774
-18.320000000000   0.005169552112
-18.300000000000   0.005178601930
-18.280000000000   0.005188203010
-18.260000000000   0.005198366625
-18.240000000000   0.005208903181
-18.220000000000   0.005219469402
-18.200000000000   0.005229774890
-18.180000000000   0.005239743130
-18.160000000000   0.005249485482
-18.140000000000   0.005259170724
-18.120000000000   0.005268920707
-18.100000000000   0.005278783891
-18.080000000000   0.005288743779
-18.060000000000   0.005298726103
-18.040000000000   0.005308632287
-18.020000000000   0.005318422859
-18.000000000000   0.005328200035
-17.980000000000   0.005338140674
-17.960000000000   0.005348294478
-17.940000000000   0.005358498557
-17.920000000000   0.005368491011
-17.900000000000   0.005378059657
-17.880000000000   0.005387157249
-17.860000000000   0.005395993441
-17.840000000000   0.005405000346
-17.820000000000   0.005414598348
-17.800000000000   0.005424931133
-17.780000000000   0.005435817671
-17.760000000000   0.005446927528
-17.740000000000   0.005457976326
-17.720000000000   0.005468823182
-17.700000000000   0.005479495185
-17.680000000000   0.005490132170
-17.660000000000   0.005500859339
-17.640000000000   0.005511724508
-17.620000000000   0.005522755991
-17.600000000000   0.005533995344
-17.580000000000   0.005545431027
-17.560000000000   0.005556949296
-17.540000000000   0.005568381516
-17.520000000000   0.005579558307
-17.500000000000   0.005590305078
-17.480000000000   0.005600472675
-17.460000000000   0.005610035441
-17.440000000000   0.005619155912
-17.420000000000   0.005628142486
-17.400000000000   0.005637292418
-17.380000000000   0.005646743488
-17.360000000000   0.005656501055
-17.340000000000   0.005666567433
-17.320000000000   0.005677004991
-17.300000000000   0.005687904103
-17.280000000000   0.005699306373
-17.260000000000   0.005711162206
-17.240000000000   0.005723354249
-17.220000000000   0.005735727872
-17.200000000000   0.005748121735
-17.180000000000   0.005760442591
-17.160000000000   0.005772702281
-17.140000000000   0.005784953365
-17.120000000000   0.005797260352
-17.100000000000   0.005809732225
-17.080000000000   0.005822440784
-17.060000000000   0.005835327853
-17.040000000000   0.005848331107
-17.020000000000   0.005861523501
-17.000000000000   0.005875019607
-16.980000000000   0.005888823836
-16.960000000000   0.005902792106
-16.940000000000   0.005916678894
-16.920000000000   0.005930250164
-16.900000000000   0.005943397230
-16.880000000000   0.005956203202
-16.860000000000   0.005968991360
-16.840000000000   0.005982257342
-16.820000000000   0.005996389709
-16.800000000000   0.006011431336
-16.780000000000   0.006027152243
-16.760000000000   0.006043277955
-16.740000000000   0.006059573618
-16.720000000000   0.006075773873
-16.700000000000   0.006091597785
-16.680000000000   0.006106893593
-16.660000000000   0.006121702193
-16.640000000000   0.006136167559
-16.620000000000   0.006150445959
-16.600000000000   0.006164714749
-16.580000000000   0.006179163152
-16.560000000000   0.006193855919
-16.540000000000   0.006208613825
-16.520000000000   0.006223094333
-16.500000000000   0.006237013789
-16.480000000000   0.006250345797
-16.460000000000   0.006263398388
-16.440000000000   0.006276658448
-16.420000000000   0.006290443671
-16.400000000000   0.006304735808
-16.380000000000   0.006319397748
-16.360000000000   0.006334426304
-16.340000000000   0.006349886015
-16.320000000000   0.006365667270
-16.300000000000   0.006381435230
-16.280000000000   0.006396873877
-16.260000000000   0.006411932781
-16.240000000000   0.006426800617
-16.220000000000   0.006441721882
-16.200000000000   0.006456886727
-16.180000000000   0.006472406135
-16.160000000000   0.006488290264
-16.140000000000   0.006504452350
-16.120000000000   0.006520794164
-16.100000000000   0.006537285961
-16.080000000000   0.006553928453
-16.060000000000   0.006570692724
-16.040000000000   0.006587519333
-16.020000000000   0.006604339206
-16.000000000000   0.006621113894
-15.980000000000   0.006637877041
-15.960000000000   0.006654746871
-15.940000000000   0.006671887554
-15.920000000000   0.006689408503
-15.900000000000   0.006707247990
-15.880000000000   0.006725148209
-15.860000000000   0.006742766370
-15.840000000000   0.006759862539
-15.820000000000   0.006776446710
-15.800000000000   0.006792746884
-15.780000000000   0.006809044943
-15.760000000000   0.006825588262
-15.740000000000   0.006842624826
-15.720000000000   0.006860394268
-15.700000000000   0.006879038361
-15.680000000000   0.006898587069
-15.660000000000   0.006919012034
-15.640000000000   0.006940226402
-15.620000000000   0.006962038610
-15.600000000000   0.006984105549
-15.580000000000   0.007005928761
-15.560000000000   0.007026990411
-15.540000000000   0.007046992065
-15.520000000000   0.007065965800
-15.500000000000   0.007084192880
-15.480000000000   0.007102077089
-15.460000000000   0.007120004890
-15.440000000000   0.007138206833
-15.420000000000   0.007156699786
-15.400000000000   0.007175313718
-15.380000000000   0.007193787634
-15.360000000000   0.007211908514
-15.340000000000   0.007229613189
-15.320000000000   0.007246999628
-15.300000000000   0.007264321225
-15.280000000000   0.007281976694
-15.260000000000   0.007300397333
-15.240000000000   0.007319897383
-15.220000000000   0.007340623017
-15.200000000000   0.007362545085
-15.180000000000   0.007385390855
-15.160000000000   0.007408636954
-15.140000000000   0.007431758273
-15.120000000000   0.007454518547
-15.100000000000   0.007476922850
-15.080000000000   0.007498922613
-15.060000000000   0.007520269819
-15.040000000000   0.007540740446
-15.020000000000   0.007560473622
-15.000000000000   0.007579949718
-14.980000000000   0.007599621447
-14.960000000000   0.007619660456
-14.940000000000   0.007640016889
-14.920000000000   0.007660617098
-14.900000000000   0.007681487606
-14.880000000000   0.007702726750
-14.860000000000   0.007724414090
-14.840000000000   0.007746542680
-14.820000000000   0.007768980300
-14.800000000000   0.007791565779
-14.780000000000   0.007814318057
-14.760000000000   0.007837443555
-14.740000000000   0.007861092783
-14.720000000000   0.007885220748
-14.700000000000   0.007909677752
-14.680000000000   0.007934267749
-14.660000000000   0.007958757128
-14.640000000000   0.007983016607
-14.620000000000   0.008007126085
-14.600000000000   0.008031228042
-14.580000000000   0.008055282488
-14.560000000000   0.008079060654
-14.540000000000   0.008102439185
-14.520000000000   0.008125625757
-14.500000000000   0.008149020101
-14.480000000000   0.008172896586
-14.460000000000   0.008197282772
-14.440000000000   0.008222078700
-14.420000000000   0.008247236573
-14.400000000000   0.008272863789
-14.380000000000   0.008299147880
-14.360000000000   0.008326206046
-14.340000000000   0.008354015761
-14.320000000000   0.008382345896
-14.300000000000   0.008410709889
-14.280000000000   0.008438580079
-14.260000000000   0.008465740995
-14.240000000000   0.008492352552
-14.220000000000   0.008518651528
-14.200000000000   0.008544667699
-14.180000000000   0.008570272166
-14.160000000000   0.008595421947
-14.140000000000   0.008620253862
-14.120000000000   0.008644964554
-14.100000000000   0.008669724784
-14.080000000000   0.008694753642
-14.060000000000   0.008720365715
-14.040000000000   0.008746828052
-14.020000000000   0.008774155685
-14.000000000000   0.008802091754
-13.980000000000   0.008830330893
-13.960000000000   0.008858787595
-13.940000000000   0.008887664820
-13.920000000000   0.008917256900
-13.900000000000   0.008947702739
-13.880000000000   0.008978957102
-13.860000000000   0.009010934313
-13.840000000000   0.009043565570
-13.820000000000   0.009076723339
-13.800000000000   0.009110186783
-13.780000000000   0.009143685701
-13.760000000000   0.009176961572
-13.740000000000   0.009209829729
-13.720000000000   0.009242215125
-13.700000000000   0.009274188831
-13.680000000000   0.009305990149
-13.660000000000   0.009337880329
-13.640000000000   0.009369902065
-13.620000000000   0.009401860788
-13.600000000000   0.009433552117
-13.580000000000   0.009464969460
-13.560000000000   0.009496336703
-13.540000000000   0.009527975883
-13.520000000000   0.009560080023
-13.500000000000   0.009592601791
-13.480000000000   0.009625417756
-13.460000000000   0.009658496024
-13.440000000000   0.009691797949
-13.420000000000   0.009725154515
-13.400000000000   0.009758388223
-13.380000000000   0.009791590003
-13.360000000000   0.009825204974
-13.340000000000   0.009859710064
-13.320000000000   0.009895201746
-13.300000000000   0.009931396917
-13.280000000000   0.009967936335
-13.260000000000   0.010004495158
-13.240000000000   0.010040715839
-13.220000000000   0.010076296190
-13.200000000000   0.010111202093
-13.180000000000   0.010145691880
-13.160000000000   0.010180081341
-13.140000000000   0.010214559061
-13.120000000000   0.010249245435
-13.100000000000   0.010284343529
-13.080000000000   0.010320154417
-13.060000000000   0.010356898543
-13.040000000000   0.010394524770
-13.020000000000   0.010432675575
-13.000000000000   0.010470878435
-12.980000000000   0.010508903563
-12.960000000000   0.010546971623
-12.940000000000   0.010585579539
-12.920000000000   0.010625121519
-12.900000000000   0.010665638462
-12.880000000000   0.010706827392
-12.860000000000   0.010748222376
-12.840000000000   0.010789481850
-12.820000000000   0.010830631824
-12.800000000000   0.010871976504
-12.780000000000   0.010913721626
-12.760000000000   0.010955765947
-12.740000000000   0.010997858517
-12.720000000000   0.011039859153
-12.700000000000   0.011081858635
-12.680000000000   0.011124091889
-12.660000000000   0.011166745930
-12.640000000000   0.011209852445
-12.620000000000   0.011253337616
-12.600000000000   0.011297102304
-12.580000000000   0.011341063631
-12.560000000000   0.011385258797
-12.540000000000   0.011429916820
-12.520000000000   0.011475281785
-12.500000000000   0.011521380808
-12.480000000000   0.011568087123
-12.460000000000   0.011615318963
-12.440000000000   0.011663088281
-12.420000000000   0.011711460483
-12.400000000000   0.011760500974
-12.380000000000   0.011810157326
-12.360000000000   0.011860184689
-12.340000000000   0.011910199947
-12.320000000000   0.011959820269
-12.300000000000   0.012008861789
-12.280000000000   0.012057426900
-12.260000000000   0.012105697898
-12.240000000000   0.012153645720
-12.220000000000   0.012201078611
-12.200000000000   0.012248017624
-12.180000000000   0.012294918454
-12.160000000000   0.012342484408
-12.140000000000   0.012391290164
-12.120000000000   0.012441544540
-12.100000000000   0.012493090636
-12.080000000000   0.012545610249
-12.060000000000   0.012598905649
-12.040000000000   0.012653006845
-12.020000000000   0.012708018658
-12.000000000000   0.012763898214
-11.980000000000   0.012820372909
-11.960000000000   0.012877024661
-11.940000000000   0.012933465575
-11.920000000000   0.012989490262
-11.900000000000   0.013045103772
-11.880000000000   0.013100463841
-11.860000000000   0.013155753855
-11.840000000000   0.013210994720
-11.820000000000   0.013266056686
-11.800000000000   0.013320937662
-11.780000000000   0.013375911504
-11.760000000000   0.013431310084
-11.740000000000   0.013487288711
-11.720000000000   0.013543884222
-11.700000000000   0.013601131956
-11.680000000000   0.013658995807
-11.660000000000   0.013717292967
-11.640000000000   0.013775825554
-11.620000000000   0.013834583185
-11.600000000000   0.013893763257
-11.580000000000   0.013953576431
-11.560000000000   0.014014004767
-11.540000000000   0.014074764169
-11.520000000000   0.014135603577
-11.500000000000   0.014196647176
-11.480000000000   0.014258277061
-11.460000000000   0.014320672313
-11.440000000000   0.014383672181
-11.420000000000   0.014447102069
-11.400000000000   0.014511016985
-11.380000000000   0.014575575442
-11.360000000000   0.014640890428
-11.340000000000   0.014707076468
-11.320000000000   0.014774234657
-11.300000000000   0.014842309173
-11.280000000000   0.014911129279
-11.260000000000   0.014980631813
-11.240000000000   0.015050881544
-11.220000000000   0.015121857009
-11.200000000000   0.015193380686
-11.180000000000   0.015265301299
-11.160000000000   0.015337596549
-11.140000000000   0.015410114525
-11.120000000000   0.015482198195
-11.100000000000   0.015552843163
-11.080000000000   0.015621471193
-11.060000000000   0.015688450799
-11.040000000000   0.015754828178
-11.020000000000   0.015821660293
-11.000000000000   0.015889480990
-10.980000000000   0.015958270319
-10.960000000000   0.016027862452
-10.940000000000   0.016098198521
-10.920000000000   0.016169210534
-10.900000000000   0.016240714478
-10.880000000000   0.016312539837
-10.860000000000   0.016384706113
-10.840000000000   0.016457421617
-10.820000000000   0.016530939620
-10.800000000000   0.016605452166
-10.780000000000   0.016681028860
-10.760000000000   0.016757456327
-10.740000000000   0.016834194267
-10.720000000000   0.016910756196
-10.700000000000   0.016987154521
-10.680000000000   0.017063890648
-10.660000000000   0.017141563830
-10.640000000000   0.017220435764
-10.620000000000   0.017300222575
-10.600000000000   0.017380363432
-10.580000000000   0.017460583637
-10.560000000000   0.017541153579
-10.540000000000   0.017622663426
-10.520000000000   0.017705691177
-10.500000000000   0.017790599891
-10.480000000000   0.017877418275
-10.460000000000   0.017965804674
-10.440000000000   0.018055163044
-10.420000000000   0.018144915634
-10.400000000000   0.018234774606
-10.380000000000   0.018324748248
-10.360000000000   0.018414861194
-10.340000000000   0.018504955295
-10.320000000000   0.018594879035
-10.300000000000   0.018684833188
-10.280000000000   0.018775388292
-10.260000000000   0.018867112556
-10.240000000000   0.018960215129
-10.220000000000   0.019054484570
-10.200000000000   0.019149382343
-10.180000000000   0.019244268882
-10.160000000000   0.019338797884
-10.140000000000   0.019433062126
-10.120000000000   0.019527223249
-10.100000000000   0.019621186908
-10.080000000000   0.019714765064
-10.060000000000   0.019807959636
-10.040000000000   0.019901016600
-10.020000000000   0.019994272121
-10.000000000000   0.020087953326
 -9.980000000000   0.020182172682
 -9.960000000000   0.020277052478
 -9.940000000000   0.020372715548
 -9.920000000000   0.020469179399
 -9.900000000000   0.020566411678
 -9.880000000000   0.020664496122
 -9.860000000000   0.020763617311
 -9.840000000000   0.020863924681
 -9.820000000000   0.020965493290
 -9.800000000000   0.021068225066
 -9.780000000000   0.021171569965
 -9.760000000000   0.021274492366
 -9.740000000000   0.021375984941
 -9.720000000000   0.021475717974
 -9.700000000000   0.021574286598
 -9.680000000000   0.021672934131
 -9.660000000000   0.021772990182
 -9.640000000000   0.021875393287
 -9.620000000000   0.021980532208
 -9.600000000000   0.022088332829
 -9.580000000000   0.022198381856
 -9.560000000000   0.022310009477
 -9.540000000000   0.022422351892
 -9.520000000000   0.022534416391
 -9.500000000000   0.022645213657
 -9.480000000000   0.022754051371
 -9.460000000000   0.022860856979
 -9.440000000000   0.022966264937
 -9.420000000000   0.023071433127
 -9.400000000000   0.023177689577
 -9.380000000000   0.023286051133
 -9.360000000000   0.023396821511
 -9.340000000000   0.023509612063
 -9.320000000000   0.023623783590
 -9.300000000000   0.023738959607
 -9.280000000000   0.023855268932
 -9.260000000000   0.023973146753
 -9.240000000000   0.024092834935
 -9.220000000000   0.024214014921
 -9.200000000000   0.024335828240
 -9.180000000000   0.024457247003
 -9.160000000000   0.024577531039
 -9.140000000000   0.024696494117
 -9.120000000000   0.024814646483
 -9.100000000000   0.024933026839
 -9.080000000000   0.025052519947
 -9.060000000000   0.025173244479
 -9.040000000000   0.025294566916
 -9.020000000000   0.025415618148
 -9.000000000000   0.025535892770
 -8.980000000000   0.025655472778
 -8.960000000000   0.025774734456
 -8.940000000000   0.025893989993
 -8.920000000000   0.026013411345
 -8.900000000000   0.026133105767
 -8.880000000000   0.026253242134
 -8.860000000000   0.026374042147
 -8.840000000000   0.026495559659
 -8.820000000000   0.026617603634
 -8.800000000000   0.026739883508
 -8.780000000000   0.026862074081
 -8.760000000000   0.026983764108
 -8.740000000000   0.027104567234
 -8.720000000000   0.027224490723
 -8.700000000000   0.027344182449
 -8.680000000000   0.027464659171
 -8.660000000000   0.027586704756
 -8.640000000000   0.027710505227
 -8.620000000000   0.027835813498
 -8.600000000000   0.027962338257
 -8.580000000000   0.028089788824
 -8.560000000000   0.028217622648
 -8.540000000000   0.028345050195
 -8.520000000000   0.028471418791
 -8.500000000000   0.028596474861
 -8.480000000000   0.028720276642
 -8.460000000000   0.028843168618
 -8.440000000000   0.028965868596
 -8.420000000000   0.029089346541
 -8.400000000000   0.029214485168
 -8.380000000000   0.029341668632
 -8.360000000000   0.029470508203
 -8.340000000000   0.029600033451
 -8.320000000000   0.029729289863
 -8.300000000000   0.029857769021
 -8.280000000000   0.029985320324
 -8.260000000000   0.030111819843
 -8.240000000000   0.030237073053
 -8.220000000000   0.030361030592
 -8.200000000000   0.030484031330
 -8.180000000000   0.030606795295
 -8.160000000000   0.030730143943
 -8.140000000000   0.030854491199
 -8.120000000000   0.030979475744
 -8.100000000000   0.031104321336
 -8.080000000000   0.031228612287
 -8.060000000000   0.031352506784
 -8.040000000000   0.031476201974
 -8.020000000000   0.031599562267
 -8.000000000000   0.031722426003
 -7.980000000000   0.031844937317
 -7.960000000000   0.031967394129
 -7.940000000000   0.032089991966
 -7.920000000000   0.032212726967
 -7.900000000000   0.032335253672
 -7.880000000000   0.032456849719
 -7.860000000000   0.032576804635
 -7.840000000000   0.032694953888
 -7.820000000000   0.032811821904
 -7.800000000000   0.032928306249
 -7.780000000000   0.033045202394
 -7.760000000000   0.033162990897
 -7.740000000000   0.033282026898
 -7.720000000000   0.033402615521
 -7.700000000000   0.033524729842
 -7.680000000000   0.033647780517
 -7.660000000000   0.033770584391
 -7.640000000000   0.033891512344
 -7.620000000000   0.034009094237
 -7.600000000000   0.034122891923
 -7.580000000000   0.034233784057
 -7.560000000000   0.034343361462
 -7.540000000000   0.034453101643
 -7.520000000000   0.034563929735
 -7.500000000000   0.034676050889
 -7.480000000000   0.034788901249
 -7.460000000000   0.034901520970
 -7.440000000000   0.035013205765
 -7.420000000000   0.035123714357
 -7.400000000000   0.035233032985
 -7.380000000000   0.035341258551
 -7.360000000000   0.035448661012
 -7.340000000000   0.035555657335
 -7.320000000000   0.035662505420
 -7.300000000000   0.035768954910
 -7.280000000000   0.035874310757
 -7.260000000000   0.035977747348
 -7.240000000000   0.036078459496
 -7.220000000000   0.036175827345
 -7.200000000000   0.036269836722
 -7.180000000000   0.036361436578
 -7.160000000000   0.036452327027
 -7.140000000000   0.036544138266
 -7.120000000000   0.036637636908
 -7.100000000000   0.036732662701
 -7.080000000000   0.036828615421
 -7.060000000000   0.036924824157
 -7.040000000000   0.037020680112
 -7.020000000000   0.037115595337
 -7.000000000000   0.037208767769
 -6.980000000000   0.037299054269
 -6.960000000000   0.037385239487
 -6.940000000000   0.037466502325
 -6.920000000000   0.037542618206
 -6.900000000000   0.037613859054
 -6.880000000000   0.037680958571
 -6.860000000000   0.037745132164
 -6.840000000000   0.037807852556
 -6.820000000000   0.037870451614
 -6.800000000000   0.037933813932
 -6.780000000000   0.037998357297
 -6.760000000000   0.038064180649
 -6.740000000000   0.038131126515
 -6.720000000000   0.038198835712
 -6.700000000000   0.038266838157
 -6.680000000000   0.038334525522
 -6.660000000000   0.038401156847
 -6.640000000000   0.038466117694
 -6.620000000000   0.038529251946
 -6.600000000000   0.038590895132
 -6.580000000000   0.038651533300
 -6.560000000000   0.038711438627
 -6.540000000000   0.038770564282
 -6.520000000000   0.038828617720
 -6.500000000000   0.038885292859
 -6.480000000000   0.038940619192
 -6.460000000000   0.038994971160
 -6.440000000000   0.039048738899
 -6.420000000000   0.039102234699
 -6.400000000000   0.039155690813
 -6.380000000000   0.039208896844
 -6.360000000000   0.039260962050
 -6.340000000000   0.039310800154
 -6.320000000000   0.039357855484
 -6.300000000000   0.039402211517
 -6.280000000000   0.039444064428
 -6.260000000000   0.039483074596
 -6.240000000000   0.039518310767
 -6.220000000000   0.039549091926
 -6.200000000000   0.039575873811
 -6.180000000000   0.039600212219
 -6.160000000000   0.039623691607
 -6.140000000000   0.039646807512
 -6.120000000000   0.039669093559
 -6.100000000000   0.039690118999
 -6.080000000000   0.039709822165
 -6.060000000000   0.039728135925
 -6.040000000000   0.039744887940
 -6.020000000000   0.039760008688
 -6.000000000000   0.039773624981
 -5.980000000000   0.039785940966
 -5.960000000000   0.039797097989
 -5.940000000000   0.039807312864
 -5.920000000000   0.039817173599
 -5.900000000000   0.039827558983
 -5.880000000000   0.039839145439
 -5.860000000000   0.039851935889
 -5.840000000000   0.039865150366
 -5.820000000000   0.039877665415
 -5.800000000000   0.039888691645
 -5.780000000000   0.039897937650
 -5.760000000000   0.039905206760
 -5.740000000000   0.039910357229
 -5.720000000000   0.039913852147
 -5.700000000000   0.039916885661
 -5.680000000000   0.039920597184
 -5.660000000000   0.039925084892
 -5.640000000000   0.039929163981
 -5.620000000000   0.039931195794
 -5.600000000000   0.039930390582
 -5.580000000000   0.039927381183
 -5.560000000000   0.039923508628
 -5.540000000000   0.039919798243
 -5.520000000000   0.039916626115
 -5.500000000000   0.039913803082
 -5.480000000000   0.039910544902
 -5.460000000000   0.039905708456
 -5.440000000000   0.039898581571
 -5.420000000000   0.039889378708
 -5.400000000000   0.039878828878
 -5.380000000000   0.039867592102
 -5.360000000000   0.039856386065
 -5.340000000000   0.039846294216
 -5.320000000000   0.039838369445
 -5.300000000000   0.039833011154
 -5.280000000000   0.039829892400
 -5.260000000000   0.039828227415
 -5.240000000000   0.039827025787
 -5.220000000000   0.039825293807
 -5.200000000000   0.039822151836
 -5.180000000000   0.039816902225
 -5.160000000000   0.039809226836
 -5.140000000000   0.039799450593
 -5.120000000000   0.039788374146
 -5.100000000000   0.039776693663
 -5.080000000000   0.039764701332
 -5.060000000000   0.039752466576
 -5.040000000000   0.039740097213
 -5.020000000000   0.039727935364
 -5.000000000000   0.039716699058
 -4.980000000000   0.039707387334
 -4.960000000000   0.039700971953
 -4.940000000000   0.039698038694
 -4.920000000000   0.039698560489
 -4.900000000000   0.039701950121
 -4.880000000000   0.039707413011
 -4.860000000000   0.039714438903
 -4.840000000000   0.039723055667
 -4.820000000000   0.039733675708
 -4.800000000000   0.039746553980
 -4.780000000000   0.039761223071
 -4.760000000000   0.039776729412
 -4.740000000000   0.039792617297
 -4.720000000000   0.039809475803
 -4.700000000000   0.039828389768
 -4.680000000000   0.039849828068
 -4.660000000000   0.039873030238
 -4.640000000000   0.039896395849
 -4.620000000000   0.039918418752
 -4.600000000000   0.039938571221
 -4.580000000000   0.039957736726
 -4.560000000000   0.039977799283
 -4.540000000000   0.040000525610
 -4.520000000000   0.040026690601
 -4.500000000000   0.040056167927
 -4.480000000000   0.040088497997
 -4.460000000000   0.040123316371
 -4.440000000000   0.040160726004
 -4.420000000000   0.040201523951
 -4.400000000000   0.040246828158
 -4.380000000000   0.040297173903
 -4.360000000000   0.040351945244
 -4.340000000000   0.040409726588
 -4.320000000000   0.040469166815
 -4.300000000000   0.040529597604
 -4.280000000000   0.040591100105
 -4.260000000000   0.040654308124
 -4.240000000000   0.040720303306
 -4.220000000000   0.040790495195
 -4.200000000000   0.040866183018
 -4.180000000000   0.040948066893
 -4.160000000000   0.041036167985
 -4.140000000000   0.041129974855
 -4.120000000000   0.041228548300
 -4.100000000000   0.041330746242
 -4.080000000000   0.041435533010
 -4.060000000000   0.041542195893
 -4.040000000000   0.041650581531
 -4.020000000000   0.041761255950
 -4.000000000000   0.041875177022
 -3.980000000000   0.041992944251
 -3.960000000000   0.042114561962
 -3.940000000000   0.042240243478
 -3.920000000000   0.042371103385
 -3.900000000000   0.042508581988
 -3.880000000000   0.042653305895
 -3.860000000000   0.042804732354
 -3.840000000000   0.042961782302
 -3.820000000000   0.043123699648
 -3.800000000000   0.043290478726
 -3.780000000000   0.043462672240
 -3.760000000000   0.043640826807
 -3.740000000000   0.043825151651
 -3.720000000000   0.044015842216
 -3.700000000000   0.044213476243
 -3.680000000000   0.044418643765
 -3.660000000000   0.044631183730
 -3.640000000000   0.044850108112
 -3.620000000000   0.045074376596
 -3.600000000000   0.045303671022
 -3.580000000000   0.045538487713
 -3.560000000000   0.045779651214
 -3.540000000000   0.046027863152
 -3.520000000000   0.046283688096
 -3.500000000000   0.046547709230
 -3.480000000000   0.046820390755
 -3.460000000000   0.047101698354
 -3.440000000000   0.047391028001
 -3.420000000000   0.047687626841
 -3.400000000000   0.047991109567
 -3.380000000000   0.048301743334
 -3.360000000000   0.048620377168
 -3.340000000000   0.048948152318
 -3.320000000000   0.049286192295
 -3.300000000000   0.049635231765
 -3.280000000000   0.049995329169
 -3.260000000000   0.050366098205
 -3.240000000000   0.050747304445
 -3.220000000000   0.051139128294
 -3.200000000000   0.051541903318
 -3.180000000000   0.051955562384
 -3.160000000000   0.052379144010
 -3.140000000000   0.052811026425
 -3.120000000000   0.053249870408
 -3.100000000000   0.053695356387
 -3.080000000000   0.054148189002
 -3.060000000000   0.054609503289
 -3.040000000000   0.055080182292
 -3.020000000000   0.055560616032
 -3.000000000000   0.056051067993
 -2.980000000000   0.056552337735
 -2.960000000000   0.057066117860
 -2.940000000000   0.057594471683
 -2.920000000000   0.058138440906
 -2.900000000000   0.058696986520
 -2.880000000000   0.059267666313
 -2.860000000000   0.059848530001
 -2.840000000000   0.060439245712
 -2.820000000000   0.061040536657
 -2.800000000000   0.061652959188
 -2.780000000000   0.062276513346
 -2.760000000000   0.062911239265
 -2.740000000000   0.063557637049
 -2.720000000000   0.064216332548
 -2.700000000000   0.064887785387
 -2.680000000000   0.065572505575
 -2.660000000000   0.066271093509
 -2.640000000000   0.066983697001
 -2.620000000000   0.067709684457
 -2.600000000000   0.068448036475
 -2.580000000000   0.069197659910
 -2.560000000000   0.069957235427
 -2.540000000000   0.070725202832
 -2.520000000000   0.071500301016
 -2.500000000000   0.072282282364
 -2.480000000000   0.073071816490
 -2.460000000000   0.073869500799
 -2.440000000000   0.074675186790
 -2.420000000000   0.075488262248
 -2.400000000000   0.076308317876
 -2.380000000000   0.077135299450
 -2.360000000000   0.077968957505
 -2.340000000000   0.078808380674
 -2.320000000000   0.079652220773
 -2.300000000000   0.080499269350
 -2.280000000000   0.081348808828
 -2.260000000000   0.082200795900
 -2.240000000000   0.083055968645
 -2.220000000000   0.083915464650
 -2.200000000000   0.084779922561
 -2.180000000000   0.085648816441
 -2.160000000000   0.086520637740
 -2.140000000000   0.087393663222
 -2.120000000000   0.088266765683
 -2.100000000000   0.089139674113
 -2.080000000000   0.090012022683
 -2.060000000000   0.090882127295
 -2.040000000000   0.091747178571
 -2.020000000000   0.092604582293
 -2.000000000000   0.093452883538
 -1.980000000000   0.094291521826
 -1.960000000000   0.095120026067
 -1.940000000000   0.095937610359
 -1.920000000000   0.096743485905
 -1.900000000000   0.097537495607
 -1.880000000000   0.098320228514
 -1.860000000000   0.099092146728
 -1.840000000000   0.099852908510
 -1.820000000000   0.100601826150
 -1.800000000000   0.101338374224
 -1.780000000000   0.102062036891
 -1.760000000000   0.102772028909
 -1.740000000000   0.103467258032
 -1.720000000000   0.104146441585
 -1.700000000000   0.104808009163
 -1.680000000000   0.105450116536
 -1.660000000000   0.106071674078
 -1.640000000000   0.106673631833
 -1.620000000000   0.107258894268
 -1.600000000000   0.107831041942
 -1.580000000000   0.108393102332
 -1.560000000000   0.108946802581
 -1.540000000000   0.109492595538
 -1.520000000000   0.110030759671
 -1.500000000000   0.110562630775
 -1.480000000000   0.111090641706
 -1.460000000000   0.111617494512
 -1.440000000000   0.112146018464
 -1.420000000000   0.112680176065
 -1.400000000000   0.113225780492
 -1.380000000000   0.113789828089
 -1.360000000000   0.114378890563
 -1.340000000000   0.114997455612
 -1.320000000000   0.115647481143
 -1.300000000000   0.116329868263
 -1.280000000000   0.117046334220
 -1.260000000000   0.117799690385
 -1.240000000000   0.118593196035
 -1.220000000000   0.119430899355
 -1.200000000000   0.120318478716
 -1.180000000000   0.121263024715
 -1.160000000000   0.122272481867
 -1.140000000000   0.123355748081
 -1.120000000000   0.124522745911
 -1.100000000000   0.125784003285
 -1.080000000000   0.127149803783
 -1.060000000000   0.128628978088
 -1.040000000000   0.130228187796
 -1.020000000000   0.131952521753
 -1.000000000000   0.133806671432
 -0.980000000000   0.135795671035
 -0.960000000000   0.137925142496
 -0.940000000000   0.140200947124
 -0.920000000000   0.142628620657
 -0.900000000000   0.145213340906
 -0.880000000000   0.147959919636
 -0.860000000000   0.150872090353
 -0.840000000000   0.153951118789
 -0.820000000000   0.157194203643
 -0.800000000000   0.160593605317
 -0.780000000000   0.164137158412
 -0.760000000000   0.167809554841
 -0.740000000000   0.171592974343
 -0.720000000000   0.175466910048
 -0.700000000000   0.179408044911
 -0.680000000000   0.183389775003
 -0.660000000000   0.187381044196
 -0.640000000000   0.191346531888
 -0.620000000000   0.195249523479
 -0.600000000000   0.199055436697
 -0.580000000000   0.202734581493
 -0.560000000000   0.206264929844
 -0.540000000000   0.209634133941
 -0.520000000000   0.212839008675
 -0.500000000000   0.215884165862
 -0.480000000000   0.218783269046
 -0.460000000000   0.221563214279
 -0.440000000000   0.224269405797
 -0.420000000000   0.226970493445
 -0.400000000000   0.229760510940
 -0.380000000000   0.232755848171
 -0.360000000000   0.236086296494
 -0.340000000000   0.239882200582
 -0.320000000000   0.244259863422
 -0.300000000000   0.249304898608
 -0.280000000000   0.255052848122
 -0.260000000000   0.261470054606
 -0.240000000000   0.268439797017
 -0.220000000000   0.275757651052
 -0.200000000000   0.283139233229
 -0.180000000000   0.290243434046
 -0.160000000000   0.296712936227
 -0.140000000000   0.302229440453
 -0.120000000000   0.306574193563
 -0.100000000000   0.309676357330
 -0.080000000000   0.311624898354
 -0.060000000000   0.312616580703
 -0.040000000000   0.312831780640
 -0.020000000000   0.312288150441
  0.000000000000   0.310770624182
  0.020000000000   0.307902068747
  0.040000000000   0.303322674065
  0.060000000000   0.296876850722
  0.080000000000   0.288708159288
  0.100000000000   0.279218822052
  0.120000000000   0.268925481039
  0.140000000000   0.258295484364
  0.160000000000   0.247640709743
  0.180000000000   0.237092196621
  0.200000000000   0.226634607432
  0.220000000000   0.216169624361
  0.240000000000   0.205583205017
  0.260000000000   0.194799448553
  0.280000000000   0.183811884531
  0.300000000000   0.172689823851
  0.320000000000   0.161564149952
  0.340000000000   0.150601571414
  0.360000000000   0.139975859970
  0.380000000000   0.129842356374
  0.400000000000   0.120320496490
  0.420000000000   0.111486534133
  0.440000000000   0.103375033661
  0.460000000000   0.095985649258
  0.480000000000   0.089292171093
  0.500000000000   0.083251566154
  0.520000000000   0.077811442527
  0.540000000000   0.072915663429
  0.560000000000   0.068508489228
  0.580000000000   0.064537320794
  0.600000000000   0.060954065070
  0.620000000000   0.057715483545
  0.640000000000   0.054782915887
  0.660000000000   0.052121713215
  0.680000000000   0.049700818641
  0.700000000000   0.047492657610
  0.720000000000   0.045472920445
  0.740000000000   0.043620166973
  0.760000000000   0.041915710290
  0.780000000000   0.040343712808
  0.800000000000   0.038890943459
  0.820000000000   0.037546053987
  0.840000000000   0.036298835290
  0.860000000000   0.035139917334
  0.880000000000   0.034060905700
  0.900000000000   0.033054596712
  0.920000000000   0.032114886521
  0.940000000000   0.031236345970
  0.960000000000   0.030413870223
  0.980000000000   0.029642632167
  1.000000000000   0.028918014881
  1.020000000000   0.028235380508
  1.040000000000   0.027590080361
  1.060000000000   0.026977866667
  1.080000000000   0.026395336176
  1.100000000000   0.025840095314
  1.120000000000   0.025310677373
  1.140000000000   0.024806281496
  1.160000000000   0.024326403454
  1.180000000000   0.023870455050
  1.200000000000   0.023437385984
  1.220000000000   0.023025534649
  1.240000000000   0.022633003091
  1.260000000000   0.022258210912
  1.280000000000   0.021900084650
  1.300000000000   0.021557908949
  1.320000000000   0.021231133698
  1.340000000000   0.020919248171
  1.360000000000   0.020621731608
  1.380000000000   0.020338007385
  1.400000000000   0.020067339567
  1.420000000000   0.019808845593
  1.440000000000   0.019561728392
  1.460000000000   0.019325447012
  1.480000000000   0.019099585439
  1.500000000000   0.018883703293
  1.520000000000   0.018677492934
  1.540000000000   0.018480902731
  1.560000000000   0.018293861054
  1.580000000000   0.018115986571
  1.600000000000   0.017946667303
  1.620000000000   0.017785306280
  1.640000000000   0.017631515417
  1.660000000000   0.017485113149
  1.680000000000   0.017345834942
  1.700000000000   0.017213131356
  1.720000000000   0.017086359778
  1.740000000000   0.016965044780
  1.760000000000   0.016848919031
  1.780000000000   0.016737893662
  1.800000000000   0.016632064356
  1.820000000000   0.016531639468
  1.840000000000   0.016436733457
  1.860000000000   0.016347211507
  1.880000000000   0.016262811773
  1.900000000000   0.016183396700
  1.920000000000   0.016108934325
  1.940000000000   0.016039212706
  1.960000000000   0.015973699038
  1.980000000000   0.015911693263
  2.000000000000   0.015852598902
  2.020000000000   0.015796100220
  2.040000000000   0.015742176799
  2.060000000000   0.015691065849
  2.080000000000   0.015643199685
  2.100000000000   0.015598986856
  2.120000000000   0.015558562097
  2.140000000000   0.015521748892
  2.160000000000   0.015488165188
  2.180000000000   0.015457335555
  2.200000000000   0.015428797844
  2.220000000000   0.015402261564
  2.240000000000   0.015377720025
  2.260000000000   0.015355242784
  2.280000000000   0.015334638125
  2.300000000000   0.015315474887
  2.320000000000   0.015297355285
  2.340000000000   0.015280010452
  2.360000000000   0.015263270726
  2.380000000000   0.015247095531
  2.400000000000   0.015231568026
  2.420000000000   0.015216813475
  2.440000000000   0.015202978767
  2.460000000000   0.015190212394
  2.480000000000   0.015178470934
  2.500000000000   0.015167375177
  2.520000000000   0.015156470509
  2.540000000000   0.015145630076
  2.560000000000   0.015134992330
  2.580000000000   0.015124522981
  2.600000000000   0.015113848667
  2.620000000000   0.015102523059
  2.640000000000   0.015090323138
  2.660000000000   0.015077270512
  2.680000000000   0.015063414841
  2.700000000000   0.015048695990
  2.720000000000   0.015033094207
  2.740000000000   0.015016782848
  2.760000000000   0.015000046827
  2.780000000000   0.014983224489
  2.800000000000   0.014966750700
  2.820000000000   0.014951011411
  2.840000000000   0.014936075565
  2.860000000000   0.014921648333
  2.880000000000   0.014907214084
  2.900000000000   0.014892183392
  2.920000000000   0.014876046075
  2.940000000000   0.014858521027
  2.960000000000   0.014839641945
  2.980000000000   0.014819714136
  3.000000000000   0.014799150147
  3.020000000000   0.014778353527
  3.040000000000   0.014757700583
  3.060000000000   0.014737446593
  3.080000000000   0.014717584534
  3.100000000000   0.014697874621
  3.120000000000   0.014678005507
  3.140000000000   0.014657709351
  3.160000000000   0.014636832811
  3.180000000000   0.014615415067
  3.200000000000   0.014593645940
  3.220000000000   0.014571666664
  3.240000000000   0.014549382705
  3.260000000000   0.014526389434
  3.280000000000   0.014502100477
  3.300000000000   0.014476041176
  3.320000000000   0.014448013962
  3.340000000000   0.014418071333
  3.360000000000   0.014386507798
  3.380000000000   0.014353896773
  3.400000000000   0.014321026363
  3.420000000000   0.014288630436
  3.440000000000   0.014257024597
  3.460000000000   0.014225917067
  3.480000000000   0.014194582506
  3.500000000000   0.014162294901
  3.520000000000   0.014128666250
  3.540000000000   0.014093647676
  3.560000000000   0.014057287672
  3.580000000000   0.014019570235
  3.600000000000   0.013980504560
  3.620000000000   0.013940278136
  3.640000000000   0.013899214652
  3.660000000000   0.013857586295
  3.680000000000   0.013815518522
  3.700000000000   0.013773071231
  3.720000000000   0.013730357020
  3.740000000000   0.013687540116
  3.760000000000   0.013644736846
  3.780000000000   0.013601945398
  3.800000000000   0.013559077117
  3.820000000000   0.013516035323
  3.840000000000   0.013472710832
  3.860000000000   0.013428875821
  3.880000000000   0.013384195263
  3.900000000000   0.013338473036
  3.920000000000   0.013291894504
  3.940000000000   0.013245017135
  3.960000000000   0.013198449323
  3.980000000000   0.013152449446
  4.000000000000   0.013106814046
  4.020000000000   0.013061050038
  4.040000000000   0.013014583136
  4.060000000000   0.012966953382
  4.080000000000   0.012917982051
  4.100000000000   0.012867771329
  4.120000000000   0.012816533061
  4.140000000000   0.012764465567
  4.160000000000   0.012711751542
  4.180000000000   0.012658583774
  4.200000000000   0.012605201872
  4.220000000000   0.012551875032
  4.240000000000   0.012498761347
  4.260000000000   0.012445743971
  4.280000000000   0.012392470269
  4.300000000000   0.012338623076
  4.320000000000   0.012284176462
  4.340000000000   0.012229447409
  4.360000000000   0.012174944436
  4.380000000000   0.012121084703
  4.400000000000   0.012067951376
  4.420000000000   0.012015275751
  4.440000000000   0.011962624209
  4.460000000000   0.011909624390
  4.480000000000   0.011856086178
  4.500000000000   0.011802007211
  4.520000000000   0.011747562307
  4.540000000000   0.011693079653
  4.560000000000   0.011638899408
  4.580000000000   0.011585207318
  4.600000000000   0.011532037694
  4.620000000000   0.011479329129
  4.640000000000   0.011426895532
  4.660000000000   0.011374510844
  4.680000000000   0.011322120043
  4.700000000000   0.011269810688
  4.720000000000   0.011217534237
  4.740000000000   0.011165010129
  4.760000000000   0.011111941528
  4.780000000000   0.011058243706
  4.800000000000   0.011004052404
  4.820000000000   0.010949605631
  4.840000000000   0.010895210204
  4.860000000000   0.010841271606
  4.880000000000   0.010788203692
  4.900000000000   0.010736237471
  4.920000000000   0.010685346183
  4.940000000000   0.010635324794
  4.960000000000   0.010585893694
  4.980000000000   0.010536787861
  5.000000000000   0.010487851353
  5.020000000000   0.010439043737
  5.040000000000   0.010390366602
  5.060000000000   0.010341812491
  5.080000000000   0.010293317843
  5.100000000000   0.010244756911
  5.120000000000   0.010195995415
  5.140000000000   0.010146932727
  5.160000000000   0.010097548187
  5.180000000000   0.010047925458
  5.200000000000   0.009998137400
  5.220000000000   0.009948092351
  5.240000000000   0.009897616394
  5.260000000000   0.009846735868
  5.280000000000   0.009795815886
  5.300000000000   0.009745401315
  5.320000000000   0.009695936532
  5.340000000000   0.009647618024
  5.360000000000   0.009600380610
  5.380000000000   0.009553854833
  5.400000000000   0.009507425853
  5.420000000000   0.009460542396
  5.440000000000   0.009413001019
  5.460000000000   0.009364919235
  5.480000000000   0.009316527763
  5.500000000000   0.009268053798
  5.520000000000   0.009219712483
  5.540000000000   0.009171702585
  5.560000000000   0.009124201026
  5.580000000000   0.009077362336
  5.600000000000   0.009031294216
  5.620000000000   0.008986048895
  5.640000000000   0.008941686683
  5.660000000000   0.008898291803
  5.680000000000   0.008855839059
  5.700000000000   0.008814094544
  5.720000000000   0.008772735417
  5.740000000000   0.008731518293
  5.760000000000   0.008690261174
  5.780000000000   0.008648767281
  5.800000000000   0.008606911455
  5.820000000000   0.008564763333
  5.840000000000   0.008522543453
  5.860000000000   0.008480490968
  5.880000000000   0.008438761766
  5.900000000000   0.008397381598
  5.920000000000   0.008356271737
  5.940000000000   0.008315338553
  5.960000000000   0.008274557502
  5.980000000000   0.008233952839
  6.000000000000   0.008193510215
  6.020000000000   0.008153195020
  6.040000000000   0.008113082471
  6.060000000000   0.008073342843
  6.080000000000   0.008034033200
  6.100000000000   0.007994984829
  6.120000000000   0.007955935377
  6.140000000000   0.007916728934
  6.160000000000   0.007877395281
  6.180000000000   0.007838115623
  6.200000000000   0.007799090224
  6.220000000000   0.007760391210
  6.240000000000   0.007721972289
  6.260000000000   0.007683803578
  6.280000000000   0.007645958128
  6.300000000000   0.007608571182
  6.320000000000   0.007571748323
  6.340000000000   0.007535515926
  6.360000000000   0.007499808243
  6.380000000000   0.007464480894
  6.400000000000   0.007429370771
  6.420000000000   0.007394376639
  6.440000000000   0.007359515476
  6.460000000000   0.007324975369
  6.480000000000   0.007291130194
  6.500000000000   0.007258350903
  6.520000000000   0.007226664274
  6.540000000000   0.007195658876
  6.560000000000   0.007164770990
  6.580000000000   0.007133600616
  6.600000000000   0.007101984209
  6.620000000000   0.007069899229
  6.640000000000   0.007037386702
  6.660000000000   0.007004576544
  6.680000000000   0.006971731434
  6.700000000000   0.006939181665
  6.720000000000   0.006907192901
  6.740000000000   0.006875895139
  6.760000000000   0.006845300260
  6.780000000000   0.006815348595
  6.800000000000   0.006785932096
  6.820000000000   0.006756909285
  6.840000000000   0.006728124148
  6.860000000000   0.006699400308
  6.880000000000   0.006670542323
  6.900000000000   0.006641386810
  6.920000000000   0.006611829249
  6.940000000000   0.006581792513
  6.960000000000   0.006551244840
  6.980000000000   0.006520261621
  7.000000000000   0.006489018200
  7.020000000000   0.006457743664
  7.040000000000   0.006426729894
  7.060000000000   0.006396304187
  7.080000000000   0.006366693101
  7.100000000000   0.006337936742
  7.120000000000   0.006309927190
  7.140000000000   0.006282494395
  7.160000000000   0.006255519254
  7.180000000000   0.006229028062
  7.200000000000   0.006203156337
  7.220000000000   0.006177996354
  7.240000000000   0.006153487116
  7.260000000000   0.006129439743
  7.280000000000   0.006105617903
  7.300000000000   0.006081788604
  7.320000000000   0.006057783958
  7.340000000000   0.006033566325
  7.360000000000   0.006009206947
  7.380000000000   0.005984804199
  7.400000000000   0.005960435886
  7.420000000000   0.005936169324
  7.440000000000   0.005912107205
  7.460000000000   0.005888392518
  7.480000000000   0.005865081042
  7.500000000000   0.005841987476
  7.520000000000   0.005818733013
  7.540000000000   0.005795005281
  7.560000000000   0.005770767506
  7.580000000000   0.005746206967
  7.600000000000   0.005721540592
  7.620000000000   0.005696893283
  7.640000000000   0.005672276751
  7.660000000000   0.005647617119
  7.680000000000   0.005622845110
  7.700000000000   0.005598026199
  7.720000000000   0.005573423285
  7.740000000000   0.005549400643
  7.760000000000   0.005526193704
  7.780000000000   0.005503779543
  7.800000000000   0.005482010183
  7.820000000000   0.005460849321
  7.840000000000   0.005440436384
  7.860000000000   0.005420902865
  7.880000000000   0.005402157903
  7.900000000000   0.005383853645
  7.920000000000   0.005365525590
  7.940000000000   0.005346787045
  7.960000000000   0.005327442465
  7.980000000000   0.005307504102
  8.000000000000   0.005287176135
  8.020000000000   0.005266768672
  8.040000000000   0.005246546712
  8.060000000000   0.005226641784
  8.080000000000   0.005207093529
  8.100000000000   0.005187947548
  8.120000000000   0.005169284283
  8.140000000000   0.005151170875
  8.160000000000   0.005133615948
  8.180000000000   0.005116523272
  8.200000000000   0.005099667375
  8.220000000000   0.005082779456
  8.240000000000   0.005065695379
  8.260000000000   0.005048415724
  8.280000000000   0.005031034891
  8.300000000000   0.005013615367
  8.320000000000   0.004996086332
  8.340000000000   0.004978247441
  8.360000000000   0.004959926915
  8.380000000000   0.004941160496
  8.400000000000   0.004922219928
  8.420000000000   0.004903496546
  8.440000000000   0.004885331686
  8.460000000000   0.004867894719
  8.480000000000   0.004851180230
  8.500000000000   0.004835114576
  8.520000000000   0.004819656514
  8.540000000000   0.004804769565
  8.560000000000   0.004790302730
  8.580000000000   0.004775947885
  8.600000000000   0.004761349164
  8.620000000000   0.004746246429
  8.640000000000   0.004730545885
  8.660000000000   0.004714321038
  8.680000000000   0.004697755876
  8.700000000000   0.004681058201
  8.720000000000   0.004664392318
  8.740000000000   0.004647851067
  8.760000000000   0.004631505303
  8.780000000000   0.004615503979
  8.800000000000   0.004600066646
  8.820000000000   0.004585331918
  8.840000000000   0.004571234569
  8.860000000000   0.004557522103
  8.880000000000   0.004543859442
  8.900000000000   0.004529945828
  8.920000000000   0.004515601413
  8.940000000000   0.004500836653
  8.960000000000   0.004485886207
  8.980000000000   0.004471095200
  9.000000000000   0.004456687347
  9.020000000000   0.004442653067
  9.040000000000   0.004428877084
  9.060000000000   0.004415329962
  9.080000000000   0.004402085620
  9.100000000000   0.004389199310
  9.120000000000   0.004376638220
  9.140000000000   0.004364272420
  9.160000000000   0.004351864786
  9.180000000000   0.004339125985
  9.200000000000   0.004325860185
  9.220000000000   0.004312089149
  9.240000000000   0.004298053095
  9.260000000000   0.004284088095
  9.280000000000   0.004270480432
  9.300000000000   0.004257391115
  9.320000000000   0.004244842747
  9.340000000000   0.004232735356
  9.360000000000   0.004220903916
  9.380000000000   0.004209217662
  9.400000000000   0.004197629673
  9.420000000000   0.004186117816
  9.440000000000   0.004174616684
  9.460000000000   0.004163058162
  9.480000000000   0.004151458435
  9.500000000000   0.004139923674
  9.520000000000   0.004128556622
  9.540000000000   0.004117337278
  9.560000000000   0.004106110727
  9.580000000000   0.004094712661
  9.600000000000   0.004083097726
  9.620000000000   0.004071363095
  9.640000000000   0.004059678573
  9.660000000000   0.004048200663
  9.680000000000   0.004037032365
  9.700000000000   0.004026224454
  9.720000000000   0.004015784511
  9.740000000000   0.004005678810
  9.760000000000   0.003995827598
  9.780000000000   0.003986119762
  9.800000000000   0.003976454495
  9.820000000000   0.003966775145
  9.840000000000   0.003957065915
  9.860000000000   0.003947306110
  9.880000000000   0.003937415010
  9.900000000000   0.003927269167
  9.920000000000   0.003916832666
  9.940000000000   0.003906250155
  9.960000000000   0.003895738275
  9.980000000000   0.003885391148
 10.000000000000   0.003875135514
 10.020000000000   0.003864854578
 10.040000000000   0.003854496949
 10.060000000000   0.003844062846
 10.080000000000   0.003833567167
 10.100000000000   0.003823079665
 10.120000000000   0.003812769167
 10.140000000000   0.003802846017
 10.160000000000   0.003793416439
 10.180000000000   0.003784377433
 10.200000000000   0.003775463686
 10.220000000000   0.003766393075
 10.240000000000   0.003757002694
 10.260000000000   0.003747340910
 10.280000000000   0.003737646172
 10.300000000000   0.003728192613
 10.320000000000   0.003719130228
 10.340000000000   0.003710438907
 10.360000000000   0.003702000981
 10.380000000000   0.003693708810
 10.400000000000   0.003685517051
 10.420000000000   0.003677407397
 10.440000000000   0.003669311373
 10.460000000000   0.003661078953
 10.480000000000   0.003652523219
 10.500000000000   0.003643507801
 10.520000000000   0.003634026274
 10.540000000000   0.003624238886
 10.560000000000   0.003614442441
 10.580000000000   0.003604947282
 10.600000000000   0.003595932597
 10.620000000000   0.003587395322
 10.640000000000   0.003579211535
 10.660000000000   0.003571255929
 10.680000000000   0.003563470726
 10.700000000000   0.003555813302
 10.720000000000   0.003548195588
 10.740000000000   0.003540512320
 10.760000000000   0.003532694171
 10.780000000000   0.003524739553
 10.800000000000   0.003516710273
 10.820000000000   0.003508668991
 10.840000000000   0.003500628423
 10.860000000000   0.003492600027
 10.880000000000   0.003484687419
 10.900000000000   0.003477071145
 10.920000000000   0.003469857497
 10.940000000000   0.003462970016
 10.960000000000   0.003456219219
 10.980000000000   0.003449441407
 11.000000000000   0.003442550261
 11.020000000000   0.003435536895
 11.040000000000   0.003428479175
 11.060000000000   0.003421487622
 11.080000000000   0.003414587892
 11.100000000000   0.003407701353
 11.120000000000   0.003400757369
 11.140000000000   0.003393752666
 11.160000000000   0.003386702548
 11.180000000000   0.003379614756
 11.200000000000   0.003372519369
 11.220000000000   0.003365482521
 11.240000000000   0.003358579190
 11.260000000000   0.003351856976
 11.280000000000   0.003345313116
 11.300000000000   0.003338882489
 11.320000000000   0.003332457851
 11.340000000000   0.003325946919
 11.360000000000   0.003319305907
 11.380000000000   0.003312537242
 11.400000000000   0.003305698059
 11.420000000000   0.003298904778
 11.440000000000   0.003292286265
 11.460000000000   0.003285925804
 11.480000000000   0.003279829227
 11.500000000000   0.003273885941
 11.520000000000   0.003267876811
 11.540000000000   0.003261586734
 11.560000000000   0.003254902107
 11.580000000000   0.003247812406
 11.600000000000   0.003240405682
 11.620000000000   0.003232864283
 11.640000000000   0.003225377940
 11.660000000000   0.003218036336
 11.680000000000   0.003210836497
 11.700000000000   0.003203767571
 11.720000000000   0.003196829375
 11.740000000000   0.003189999690
 11.760000000000   0.003183246649
 11.780000000000   0.003176566158
 11.800000000000   0.003169988178
 11.820000000000   0.003163557739
 11.840000000000   0.003157312016
 11.860000000000   0.003151257526
 11.880000000000   0.003145360593
 11.900000000000   0.003139563320
 11.920000000000   0.003133821697
 11.940000000000   0.003128154878
 11.960000000000   0.003122648741
 11.980000000000   0.003117388781
 12.000000000000   0.003112395815
 12.020000000000   0.003107617726
 12.040000000000   0.003102943671
 12.060000000000   0.003098235221
 12.080000000000   0.003093399755
 12.100000000000   0.003088433060
 12.120000000000   0.003083347389
 12.140000000000   0.003078073082
 12.160000000000   0.003072503074
 12.180000000000   0.003066651711
 12.200000000000   0.003060719000
 12.220000000000   0.003054974014
 12.240000000000   0.003049591242
 12.260000000000   0.003044596761
 12.280000000000   0.003039941277
 12.300000000000   0.003035580391
 12.320000000000   0.003031465810
 12.340000000000   0.003027514872
 12.360000000000   0.003023616345
 12.380000000000   0.003019619198
 12.400000000000   0.003015344219
 12.420000000000   0.003010683455
 12.440000000000   0.003005678408
 12.460000000000   0.003000466287
 12.480000000000   0.002995167824
 12.500000000000   0.002989853270
 12.520000000000   0.002984589751
 12.540000000000   0.002979456207
 12.560000000000   0.002974496525
 12.580000000000   0.002969690804
 12.600000000000   0.002964956561
 12.620000000000   0.002960146105
 12.640000000000   0.002955091244
 12.660000000000   0.002949688300
 12.680000000000   0.002943926809
 12.700000000000   0.002937860030
 12.720000000000   0.002931590435
 12.740000000000   0.002925273285
 12.760000000000   0.002919089664
 12.780000000000   0.002913199438
 12.800000000000   0.002907721304
 12.820000000000   0.002902738242
 12.840000000000   0.002898282312
 12.860000000000   0.002894303353
 12.880000000000   0.002890685249
 12.900000000000   0.002887286625
 12.920000000000   0.002883942763
 12.940000000000   0.002880460242
 12.960000000000   0.002876654159
 12.980000000000   0.002872404878
 13.000000000000   0.002867696527
 13.020000000000   0.002862619242
 13.040000000000   0.002857335618
 13.060000000000   0.002852040333
 13.080000000000   0.002846921860
 13.100000000000   0.002842100808
 13.120000000000   0.002837563640
 13.140000000000   0.002833173032
 13.160000000000   0.002828771637
 13.180000000000   0.002824264347
 13.200000000000   0.002819590673
 13.220000000000   0.002814663275
 13.240000000000   0.002809391914
 13.260000000000   0.002803770246
 13.280000000000   0.002797903114
 13.300000000000   0.002791946972
 13.320000000000   0.002786020623
 13.340000000000   0.002780148990
 13.360000000000   0.002774307717
 13.380000000000   0.002768529837
 13.400000000000   0.002762945429
 13.420000000000   0.002757715386
 13.440000000000   0.002752938092
 13.460000000000   0.002748615127
 13.480000000000   0.002744677922
 13.500000000000   0.002741017799
 13.520000000000   0.002737498529
 13.540000000000   0.002733986021
 13.560000000000   0.002730386617
 13.580000000000   0.002726641650
 13.600000000000   0.002722715323
 13.620000000000   0.002718609716
 13.640000000000   0.002714346232
 13.660000000000   0.002709934032
 13.680000000000   0.002705387534
 13.700000000000   0.002700769882
 13.720000000000   0.002696211111
 13.740000000000   0.002691847006
 13.760000000000   0.002687689772
 13.780000000000   0.002683577288
 13.800000000000   0.002679299866
 13.820000000000   0.002674762118
 13.840000000000   0.002669988854
 13.860000000000   0.002665023263
 13.880000000000   0.002659903294
 13.900000000000   0.002654728815
 13.920000000000   0.002649664154
 13.940000000000   0.002644836583
 13.960000000000   0.002640263584
 13.980000000000   0.002635874964
 14.000000000000   0.002631571189
 14.020000000000   0.002627280429
 14.040000000000   0.002622983357
 14.060000000000   0.002618690831
 14.080000000000   0.002614428467
 14.100000000000   0.002610232883
 14.120000000000   0.002606112990
 14.140000000000   0.002602007605
 14.160000000000   0.002597802782
 14.180000000000   0.002593385718
 14.200000000000   0.002588673328
 14.220000000000   0.002583628105
 14.240000000000   0.002578282054
 14.260000000000   0.002572698879
 14.280000000000   0.002566863913
 14.300000000000   0.002560629821
 14.320000000000   0.002553801433
 14.340000000000   0.002546287297
 14.360000000000   0.002538191491
 14.380000000000   0.002529769791
 14.400000000000   0.002521272346
 14.420000000000   0.002512834760
 14.440000000000   0.002504499470
 14.460000000000   0.002496240366
 14.480000000000   0.002487939191
 14.500000000000   0.002479413013
 14.520000000000   0.002470505234
 14.540000000000   0.002461120939
 14.560000000000   0.002451167510
 14.580000000000   0.002440521445
 14.600000000000   0.002429071782
 14.620000000000   0.002416737844
 14.640000000000   0.002403412863
 14.660000000000   0.002388910284
 14.680000000000   0.002373001372
 14.700000000000   0.002355505662
 14.720000000000   0.002336274896
 14.740000000000   0.002315037178
 14.760000000000   0.002291256790
 14.780000000000   0.002264150251
 14.800000000000   0.002232820244
 14.820000000000   0.002196323101
 14.840000000000   0.002153556610
 14.860000000000   0.002103026641
 14.880000000000   0.002042653689
 14.900000000000   0.001969763587
 14.920000000000   0.001881317127
 14.940000000000   0.001774493574
 14.960000000000   0.001647895519
 14.980000000000   0.001503458881
 15.000000000000   0.001348106454
