-25.000000000000   0.000755382503
-24.980000000000   0.000845462919
-24.960000000000   0.000929090383
-24.940000000000   0.001002141032
-24.920000000000   0.001063432535
-24.900000000000   0.001113777652
-24.880000000000   0.001154845907
-24.860000000000   0.001188438267
-24.840000000000   0.001216175416
-24.820000000000   0.001239413499
-24.800000000000   0.001259218893
-24.780000000000   0.001276365810
-24.760000000000   0.001291377133
-24.740000000000   0.001304585860
-24.720000000000   0.001316192749
-24.700000000000   0.001326329263
-24.680000000000   0.001335120845
-24.660000000000   0.001342719608
-24.640000000000   0.001349315691
-24.620000000000   0.001355141646
-24.600000000000   0.001360430445
-24.580000000000   0.001365340305
-24.560000000000   0.001369934910
-24.540000000000   0.001374228474
-24.520000000000   0.001378217500
-24.500000000000   0.001381876226
-24.480000000000   0.001385169500
-24.460000000000   0.001388089804
-24.440000000000   0.001390668044
-24.420000000000   0.001392955511
-24.400000000000   0.001395010586
-24.380000000000   0.001396905773
-24.360000000000   0.001398738847
-24.340000000000   0.001400612259
-24.320000000000   0.001402575690
-24.300000000000   0.001404590791
-24.280000000000   0.001406570159
-24.260000000000   0.001408444869
-24.240000000000   0.001410186508
-24.220000000000   0.001411803322
-24.200000000000   0.001413352930
-24.180000000000   0.001414925392
-24.160000000000   0.001416571481
-24.140000000000   0.001418258600
-24.120000000000   0.001419917377
-24.100000000000   0.001421511839
-24.080000000000   0.001423039204
-24.060000000000   0.001424480450
-24.040000000000   0.001425785197
-24.020000000000   0.001426906016
-24.000000000000   0.001427827176
-23.980000000000   0.001428556853
-23.960000000000   0.001429102953
-23.940000000000   0.001429480259
-23.920000000000   0.001429758992
-23.900000000000   0.001430069534
-23.880000000000   0.001430532164
-23.860000000000   0.001431212659
-23.840000000000   0.001432133007
-23.820000000000   0.001433264950
-23.800000000000   0.001434514459
-23.780000000000   0.001435742205
-23.760000000000   0.001436811445
-23.740000000000   0.001437634131
-23.720000000000   0.001438185073
-23.700000000000   0.001438486207
-23.680000000000   0.001438594329
-23.660000000000   0.001438602027
-23.640000000000   0.001438629561
-23.620000000000   0.001438791252
-23.600000000000   0.001439154395
-23.580000000000   0.001439724907
-23.560000000000   0.001440459039
-23.540000000000   0.001441285504
-23.520000000000   0.001442142619
-23.500000000000   0.001443003435
-23.480000000000   0.001443862918
-23.460000000000   0.001444724643
-23.440000000000   0.001445605155
-23.420000000000   0.001446527722
-23.400000000000   0.001447502695
-23.380000000000   0.001448519481
-23.360000000000   0.001449551083
-23.340000000000   0.001450545689
-23.320000000000   0.001451409633
-23.300000000000   0.001452032173
-23.280000000000   0.001452358917
-23.260000000000   0.001452433490
-23.240000000000   0.001452357505
-23.220000000000   0.001452222447
-23.200000000000   0.001452084235
-23.180000000000   0.001451981855
-23.160000000000   0.001451948783
-23.140000000000   0.001451999633
-23.120000000000   0.001452131476
-23.100000000000   0.001452341036
-23.080000000000   0.001452624816
-23.060000000000   0.001452984301
-23.040000000000   0.001453448976
-23.020000000000   0.001454075052
-23.000000000000   0.001454903209
-22.980000000000   0.001455918833
-22.960000000000   0.001457057782
-22.940000000000   0.001458239389
-22.920000000000   0.001459384777
-22.900000000000   0.001460423444
-22.880000000000   0.001461309349
-22.860000000000   0.001462030304
-22.840000000000   0.001462593546
-22.820000000000   0.001463011225
-22.800000000000   0.001463296788
-22.780000000000   0.001463460341
-22.760000000000   0.001463513828
-22.740000000000   0.001463493904
-22.720000000000   0.001463475910
-22.700000000000   0.001463553773
-22.680000000000   0.001463791809
-22.660000000000   0.001464184415
-22.640000000000   0.001464663255
-22.620000000000   0.001465139366
-22.600000000000   0.001465527228
-22.580000000000   0.001465747611
-22.560000000000   0.001465752878
-22.540000000000   0.001465564324
-22.520000000000   0.001465269228
-22.500000000000   0.001464974817
-22.480000000000   0.001464758421
-22.460000000000   0.001464653263
-22.440000000000   0.001464669225
-22.420000000000   0.001464802898
-22.400000000000   0.001465037791
-22.380000000000   0.001465355080
-22.360000000000   0.001465733277
-22.340000000000   0.001466141475
-22.320000000000   0.001466550760
-22.300000000000   0.001466961124
-22.280000000000   0.001467417339
-22.260000000000   0.001467985767
-22.240000000000   0.001468717168
-22.220000000000   0.001469634381
-22.200000000000   0.001470730995
-22.180000000000   0.001471962811
-22.160000000000   0.001473246395
-22.140000000000   0.001474484776
-22.120000000000   0.001475610139
-22.100000000000   0.001476601089
-22.080000000000   0.001477474724
-22.060000000000   0.001478286638
-22.040000000000   0.001479115053
-22.020000000000   0.001480004174
-22.000000000000   0.001480911995
-21.980000000000   0.001481717888
-21.960000000000   0.001482295882
-21.940000000000   0.001482608441
-21.920000000000   0.001482746413
-21.900000000000   0.001482870229
-21.880000000000   0.001483097319
-21.860000000000   0.001483440384
-21.840000000000   0.001483848721
-21.820000000000   0.001484288661
-21.800000000000   0.001484760198
-21.780000000000   0.001485243976
-21.760000000000   0.001485670814
-21.740000000000   0.001485967522
-21.720000000000   0.001486121799
-21.700000000000   0.001486186945
-21.680000000000   0.001486238700
-21.660000000000   0.001486333447
-21.640000000000   0.001486492037
-21.620000000000   0.001486721107
-21.600000000000   0.001487051938
-21.580000000000   0.001487544363
-21.560000000000   0.001488244777
-21.540000000000   0.001489153452
-21.520000000000   0.001490233506
-21.500000000000   0.001491437981
-21.480000000000   0.001492725964
-21.460000000000   0.001494056567
-21.440000000000   0.001495364701
-21.420000000000   0.001496553460
-21.400000000000   0.001497536004
-21.380000000000   0.001498297315
-21.360000000000   0.001498911283
-21.340000000000   0.001499489483
-21.320000000000   0.001500104690
-21.300000000000   0.001500746301
-21.280000000000   0.001501333241
-21.260000000000   0.001501770313
-21.240000000000   0.001502001061
-21.220000000000   0.001502031103
-21.200000000000   0.001501932143
-21.180000000000   0.001501814001
-21.160000000000   0.001501759585
-21.140000000000   0.001501782195
-21.120000000000   0.001501857958
-21.100000000000   0.001501989524
-21.080000000000   0.001502221090
-21.060000000000   0.001502604858
-21.040000000000   0.001503171649
-21.020000000000   0.001503924229
-21.000000000000   0.001504836600
-20.980000000000   0.001505850826
-20.960000000000   0.001506883377
-20.940000000000   0.001507849505
-20.920000000000   0.001508692362
-20.900000000000   0.001509401303
-20.880000000000   0.001510006149
-20.860000000000   0.001510547095
-20.840000000000   0.001511054696
-20.820000000000   0.001511553645
-20.800000000000   0.001512069335
-20.780000000000   0.001512633614
-20.760000000000   0.001513280618
-20.740000000000   0.001514025434
-20.720000000000   0.001514857455
-20.700000000000   0.001515761903
-20.680000000000   0.001516721588
-20.660000000000   0.001517682373
-20.640000000000   0.001518547660
-20.620000000000   0.001519234182
-20.600000000000   0.001519725807
-20.580000000000   0.001520074925
-20.560000000000   0.001520375702
-20.540000000000   0.001520738051
-20.520000000000   0.001521252456
-20.500000000000   0.001521948246
-20.480000000000   0.001522786966
-20.460000000000   0.001523695550
-20.440000000000   0.001524592720
-20.420000000000   0.001525391966
-20.400000000000   0.001526023967
-20.380000000000   0.001526487575
-20.360000000000   0.001526862235
-20.340000000000   0.001527262295
-20.320000000000   0.001527785703
-20.300000000000   0.001528488439
-20.280000000000   0.001529370264
-20.260000000000   0.001530370758
-20.240000000000   0.001531384180
-20.220000000000   0.001532291469
-20.200000000000   0.001533005768
-20.180000000000   0.001533517892
-20.160000000000   0.001533912274
-20.140000000000   0.001534317669
-20.120000000000   0.001534817108
-20.100000000000   0.001535398578
-20.080000000000   0.001535984473
-20.060000000000   0.001536501858
-20.040000000000   0.001536933460
-20.020000000000   0.001537336273
-20.000000000000   0.001537825024
-19.980000000000   0.001538491715
-19.960000000000   0.001539329778
-19.940000000000   0.001540268430
-19.920000000000   0.001541261929
-19.900000000000   0.001542314407
-19.880000000000   0.001543435588
-19.860000000000   0.001544593712
-19.840000000000   0.001545711491
-19.820000000000   0.001546712970
-19.800000000000   0.001547592211
-19.780000000000   0.001548437343
-19.760000000000   0.001549366561
-19.740000000000   0.001550431212
-19.720000000000   0.001551579612
-19.700000000000   0.001552708901
-19.680000000000   0.001553749691
-19.660000000000   0.001554696295
-19.640000000000   0.001555562236
-19.620000000000   0.001556339564
-19.600000000000   0.001557027735
-19.580000000000   0.001557678757
-19.560000000000   0.001558366749
-19.540000000000   0.001559128041
-19.520000000000   0.001559955648
-19.500000000000   0.001560823040
-19.480000000000   0.001561705300
-19.460000000000   0.001562593942
-19.440000000000   0.001563501721
-19.420000000000   0.001564466159
-19.400000000000   0.001565544014
-19.380000000000   0.001566775665
-19.360000000000   0.001568143574
-19.340000000000   0.001569576759
-19.320000000000   0.001570983403
-19.300000000000   0.001572275376
-19.280000000000   0.001573408202
-19.260000000000   0.001574412442
-19.240000000000   0.001575350863
-19.220000000000   0.001576244429
-19.200000000000   0.001577073241
-19.180000000000   0.001577846369
-19.160000000000   0.001578639914
-19.140000000000   0.001579562298
-19.120000000000   0.001580690577
-19.100000000000   0.001582031478
-19.080000000000   0.001583525455
-19.060000000000   0.001585080204
-19.040000000000   0.001586606583
-19.020000000000   0.001588037448
-19.000000000000   0.001589340571
-18.980000000000   0.001590525784
-18.960000000000   0.001591628859
-18.940000000000   0.001592681792
-18.920000000000   0.001593701298
-18.900000000000   0.001594706089
-18.880000000000   0.001595723433
-18.860000000000   0.001596755398
-18.840000000000   0.001597749322
-18.820000000000   0.001598634239
-18.800000000000   0.001599380379
-18.780000000000   0.001599992158
-18.760000000000   0.001600461451
-18.740000000000   0.001600770567
-18.720000000000   0.001600946064
-18.700000000000   0.001601087384
-18.680000000000   0.001601333118
-18.660000000000   0.001601796132
-18.640000000000   0.001602520968
-18.620000000000   0.001603481598
-18.600000000000   0.001604601152
-18.580000000000   0.001605785925
-18.560000000000   0.001606968566
-18.540000000000   0.001608133225
-18.520000000000   0.001609307312
-18.500000000000   0.001610521074
-18.480000000000   0.001611765320
-18.460000000000   0.001613008006
-18.440000000000   0.001614252044
-18.420000000000   0.001615548627
-18.400000000000   0.001616947891
-18.380000000000   0.001618460245
-18.360000000000   0.001620078770
-18.340000000000   0.001621811212
-18.320000000000   0.001623663925
-18.300000000000   0.001625603245
-18.280000000000   0.001627552861
-18.260000000000   0.001629441196
-18.240000000000   0.001631248723
-18.220000000000   0.001633005619
-18.200000000000   0.001634758599
-18.180000000000   0.001636546157
-18.160000000000   0.001638377869
-18.140000000000   0.001640223175
-18.120000000000   0.001642029939
-18.100000000000   0.001643764818
-18.080000000000   0.001645441590
-18.060000000000   0.001647111247
-18.040000000000   0.001648825580
-18.020000000000   0.001650605925
-18.000000000000   0.001652433567
-17.980000000000   0.001654249224
-17.960000000000   0.001655954775
-17.940000000000   0.001657439105
-17.920000000000   0.001658642447
-17.900000000000   0.001659621170
-17.880000000000   0.001660542766
-17.860000000000   0.001661595822
-17.840000000000   0.001662885720
-17.820000000000   0.001664399910
-17.800000000000   0.001666056179
-17.780000000000   0.001667771070
-17.760000000000   0.001669485340
-17.740000000000   0.001671155594
-17.720000000000   0.001672773483
-17.700000000000   0.001674401842
-17.680000000000   0.001676145892
-17.660000000000   0.001678071635
-17.640000000000   0.001680173076
-17.620000000000   0.001682410892
-17.600000000000   0.001684749880
-17.580000000000   0.001687145960
-17.560000000000   0.001689514628
-17.540000000000   0.001691737228
-17.520000000000   0.001693707083
-17.500000000000   0.001695367343
-17.480000000000   0.001696714798
-17.460000000000   0.001697800023
-17.440000000000   0.001698748456
-17.420000000000   0.001699750033
-17.400000000000   0.001700970385
-17.380000000000   0.001702451858
-17.360000000000   0.001704112282
-17.340000000000   0.001705837012
-17.320000000000   0.001707541582
-17.300000000000   0.001709155165
-17.280000000000   0.001710618169
-17.260000000000   0.001711929356
-17.240000000000   0.001713158619
-17.220000000000   0.001714397446
-17.200000000000   0.001715709085
-17.180000000000   0.001717127433
-17.160000000000   0.001718688848
-17.140000000000   0.001720439346
-17.120000000000   0.001722401996
-17.100000000000   0.001724550803
-17.080000000000   0.001726820123
-17.060000000000   0.001729141686
-17.040000000000   0.001731481115
-17.020000000000   0.001733833181
-17.000000000000   0.001736174922
-16.980000000000   0.001738444633
-16.960000000000   0.001740591085
-16.940000000000   0.001742631743
-16.920000000000   0.001744633776
-16.900000000000   0.001746631139
-16.880000000000   0.001748574380
-16.860000000000   0.001750376189
-16.840000000000   0.001752007568
-16.820000000000   0.001753540734
-16.800000000000   0.001755106213
-16.780000000000   0.001756825369
-16.760000000000   0.001758757798
-16.740000000000   0.001760870171
-16.720000000000   0.001763054251
-16.700000000000   0.001765186716
-16.680000000000   0.001767182996
-16.660000000000   0.001769018567
-16.640000000000   0.001770726872
-16.620000000000   0.001772386026
-16.600000000000   0.001774089972
-16.580000000000   0.001775921000
-16.560000000000   0.001777953714
-16.540000000000   0.001780260082
-16.520000000000   0.001782867789
-16.500000000000   0.001785719553
-16.480000000000   0.001788692664
-16.460000000000   0.001791637318
-16.440000000000   0.001794398039
-16.420000000000   0.001796857222
-16.400000000000   0.001799002627
-16.380000000000   0.001800941643
-16.360000000000   0.001802829603
-16.340000000000   0.001804777441
-16.320000000000   0.001806819795
-16.300000000000   0.001808942017
-16.280000000000   0.001811109404
-16.260000000000   0.001813294550
-16.240000000000   0.001815516318
-16.220000000000   0.001817843899
-16.200000000000   0.001820347410
-16.180000000000   0.001823051589
-16.160000000000   0.001825921822
-16.140000000000   0.001828876428
-16.120000000000   0.001831825526
-16.100000000000   0.001834705644
-16.080000000000   0.001837490192
-16.060000000000   0.001840213863
-16.040000000000   0.001842989163
-16.020000000000   0.001845942037
-16.000000000000   0.001849116338
-15.980000000000   0.001852449670
-15.960000000000   0.001855824796
-15.940000000000   0.001859130798
-15.920000000000   0.001862286079
-15.900000000000   0.001865246922
-15.880000000000   0.001868027437
-15.860000000000   0.001870701328
-15.840000000000   0.001873365546
-15.820000000000   0.001876092572
-15.800000000000   0.001878912666
-15.780000000000   0.001881834817
-15.760000000000   0.001884860553
-15.740000000000   0.001887958486
-15.720000000000   0.001891048188
-15.700000000000   0.001894038344
-15.680000000000   0.001896865428
-15.660000000000   0.001899492647
-15.640000000000   0.001901921111
-15.620000000000   0.001904216440
-15.600000000000   0.001906493057
-15.580000000000   0.001908857351
-15.560000000000   0.001911359617
-15.540000000000   0.001913980121
-15.520000000000   0.001916651452
-15.500000000000   0.001919310110
-15.480000000000   0.001921944803
-15.460000000000   0.001924591076
-15.440000000000   0.001927271184
-15.420000000000   0.001929947125
-15.400000000000   0.001932541690
-15.380000000000   0.001935015876
-15.360000000000   0.001937437056
-15.340000000000   0.001939963692
-15.320000000000   0.001942759189
-15.300000000000   0.001945915228
-15.280000000000   0.001949414759
-15.260000000000   0.001953140685
-15.240000000000   0.001956939115
-15.220000000000   0.001960682762
-15.200000000000   0.001964276916
-15.180000000000   0.001967647642
-15.160000000000   0.001970767469
-15.140000000000   0.001973691485
-15.120000000000   0.001976555636
-15.100000000000   0.001979521657
-15.080000000000   0.001982687946
-15.060000000000   0.001986042583
-15.040000000000   0.001989494853
-15.020000000000   0.001992944794
-15.000000000000   0.001996352851
-14.980000000000   0.001999754890
-14.960000000000   0.002003205160
-14.940000000000   0.002006716939
-14.920000000000   0.002010236343
-14.900000000000   0.002013654737
-14.880000000000   0.002016879757
-14.860000000000   0.002019904585
-14.840000000000   0.002022812819
-14.820000000000   0.002025745063
-14.800000000000   0.002028837410
-14.780000000000   0.002032141489
-14.760000000000   0.002035600901
-14.740000000000   0.002039109456
-14.720000000000   0.002042582573
-14.700000000000   0.002046001493
-14.680000000000   0.002049431245
-14.660000000000   0.002053003046
-14.640000000000   0.002056852502
-14.620000000000   0.002061033013
-14.600000000000   0.002065488082
-14.580000000000   0.002070114498
-14.560000000000   0.002074810471
-14.540000000000   0.002079475462
-14.520000000000   0.002084038617
-14.500000000000   0.002088505654
-14.480000000000   0.002092945480
-14.460000000000   0.002097414252
-14.440000000000   0.002101895279
-14.420000000000   0.002106298833
-14.400000000000   0.002110504462
-14.380000000000   0.002114413377
-14.360000000000   0.002117984988
-14.340000000000   0.002121257618
-14.320000000000   0.002124350462
-14.300000000000   0.002127438703
-14.280000000000   0.002130708863
-14.260000000000   0.002134295262
-14.240000000000   0.002138216369
-14.220000000000   0.002142369988
-14.200000000000   0.002146619559
-14.180000000000   0.002150905083
-14.160000000000   0.002155272477
-14.140000000000   0.002159799263
-14.120000000000   0.002164504520
-14.100000000000   0.002169334855
-14.080000000000   0.002174220161
-14.060000000000   0.002179129818
-14.040000000000   0.002184088251
-14.020000000000   0.002189140793
-14.000000000000   0.002194299595
-13.980000000000   0.002199530382
-13.960000000000   0.002204774966
-13.940000000000   0.002209958300
-13.920000000000   0.002214997032
-13.900000000000   0.002219849540
-13.880000000000   0.002224569206
-13.860000000000   0.002229279905
-13.840000000000   0.002234070520
-13.820000000000   0.002238931645
-13.800000000000   0.002243806766
-13.780000000000   0.002248667410
-13.760000000000   0.002253529305
-13.740000000000   0.002258423249
-13.720000000000   0.002263358871
-13.700000000000   0.002268313380
-13.680000000000   0.002273251940
-13.660000000000   0.002278147434
-13.640000000000   0.002282991930
-13.620000000000   0.002287813482
-13.600000000000   0.002292685088
-13.580000000000   0.002297714095
-13.560000000000   0.002302989929
-13.540000000000   0.002308500071
-13.520000000000   0.002314120442
-13.500000000000   0.002319715946
-13.480000000000   0.002325232312
-13.460000000000   0.002330706068
-13.440000000000   0.002336232806
-13.420000000000   0.002341931501
-13.400000000000   0.002347896708
-13.380000000000   0.002354137252
-13.360000000000   0.002360549299
-13.340000000000   0.002366975170
-13.320000000000   0.002373310084
-13.300000000000   0.002379555096
-13.280000000000   0.002385776925
-13.260000000000   0.002392036497
-13.240000000000   0.002398349915
-13.220000000000   0.002404703143
-13.200000000000   0.002411110543
-13.180000000000   0.002417639891
-13.160000000000   0.002424353902
-13.140000000000   0.002431236445
-13.120000000000   0.002438185860
-13.100000000000   0.002445070918
-13.080000000000   0.002451791078
-13.060000000000   0.002458306766
-13.040000000000   0.002464646186
-13.020000000000   0.002470889530
-13.000000000000   0.002477121067
-12.980000000000   0.002483391526
-12.960000000000   0.002489725423
-12.940000000000   0.002496148206
-12.920000000000   0.002502702817
-12.900000000000   0.002509440839
-12.880000000000   0.002516374188
-12.860000000000   0.002523410208
-12.840000000000   0.002530359825
-12.820000000000   0.002537067694
-12.800000000000   0.002543547894
-12.780000000000   0.002549944723
-12.760000000000   0.002556366940
-12.740000000000   0.002562826822
-12.720000000000   0.002569329718
-12.700000000000   0.002575952606
-12.680000000000   0.002582804879
-12.660000000000   0.002589945848
-12.640000000000   0.002597366145
-12.620000000000   0.002605035085
-12.600000000000   0.002612945683
-12.580000000000   0.002621085235
-12.560000000000   0.002629366756
-12.540000000000   0.002637621818
-12.520000000000   0.002645678616
-12.500000000000   0.002653466128
-12.480000000000   0.002661058167
-12.460000000000   0.002668610680
-12.440000000000   0.002676247695
-12.420000000000   0.002684005431
-12.400000000000   0.002691874126
-12.380000000000   0.002699877457
-12.360000000000   0.002708093080
-12.340000000000   0.002716588620
-12.320000000000   0.002725362490
-12.300000000000   0.002734367380
-12.280000000000   0.002743565497
-12.260000000000   0.002752915961
-12.240000000000   0.002762326626
-12.220000000000   0.002771680422
-12.200000000000   0.002780922660
-12.180000000000   0.002790095002
-12.160000000000   0.002799251210
-12.140000000000   0.002808360698
-12.120000000000   0.002817339452
-12.100000000000   0.002826145169
-12.080000000000   0.002834809345
-12.060000000000   0.002843420138
-12.040000000000   0.002852111331
-12.020000000000   0.002861032212
-12.000000000000   0.002870268165
-11.980000000000   0.002879785129
-11.960000000000   0.002889473115
-11.940000000000   0.002899235505
-11.920000000000   0.002909037866
-11.900000000000   0.002918886057
-11.880000000000   0.002928762950
-11.860000000000   0.002938612390
-11.840000000000   0.002948414839
-11.820000000000   0.002958274065
-11.800000000000   0.002968416391
-11.780000000000   0.002979079414
-11.760000000000   0.002990357440
-11.740000000000   0.003002139591
-11.720000000000   0.003014184754
-11.700000000000   0.003026237315
-11.680000000000   0.003038097860
-11.660000000000   0.003049663263
-11.640000000000   0.003060977875
-11.620000000000   0.003072222934
-11.600000000000   0.003083593565
-11.580000000000   0.003095177373
-11.560000000000   0.003106933449
-11.540000000000   0.003118743741
-11.520000000000   0.003130470334
-11.500000000000   0.003142009859
-11.480000000000   0.003153352806
-11.460000000000   0.003164597526
-11.440000000000   0.003175871840
-11.420000000000   0.003187239397
-11.400000000000   0.003198713158
-11.380000000000   0.003210317263
-11.360000000000   0.003222066641
-11.340000000000   0.003233929696
-11.320000000000   0.003245863911
-11.300000000000   0.003257859772
-11.280000000000   0.003269946782
-11.260000000000   0.003282188426
-11.240000000000   0.003294662299
-11.220000000000   0.003307411525
-11.200000000000   0.003320412580
-11.180000000000   0.003333600631
-11.160000000000   0.003346932294
-11.140000000000   0.003360426698
-11.120000000000   0.003374151962
-11.100000000000   0.003388183764
-11.080000000000   0.003402548923
-11.060000000000   0.003417165211
-11.040000000000   0.003431846929
-11.020000000000   0.003446410825
-11.000000000000   0.003460784192
-10.980000000000   0.003475006000
-10.960000000000   0.003489162185
-10.940000000000   0.003503337400
-10.920000000000   0.003517599105
-10.900000000000   0.003532016771
-10.880000000000   0.003546662562
-10.860000000000   0.003561541971
-10.840000000000   0.003576570165
-10.820000000000   0.003591671388
-10.800000000000   0.003606843876
-10.780000000000   0.003622111762
-10.760000000000   0.003637498039
-10.740000000000   0.003653066069
-10.720000000000   0.003668930416
-10.700000000000   0.003685168999
-10.680000000000   0.003701704147
-10.660000000000   0.003718301192
-10.640000000000   0.003734703390
-10.620000000000   0.003750774150
-10.600000000000   0.003766560824
-10.580000000000   0.003782284924
-10.560000000000   0.003798238994
-10.540000000000   0.003814600615
-10.520000000000   0.003831330687
-10.500000000000   0.003848272593
-10.480000000000   0.003865327242
-10.460000000000   0.003882542088
-10.440000000000   0.003900074293
-10.420000000000   0.003918040199
-10.400000000000   0.003936384176
-10.380000000000   0.003954941376
-10.360000000000   0.003973604658
-10.340000000000   0.003992396842
-10.320000000000   0.004011423094
-10.300000000000   0.004030764609
-10.280000000000   0.004050395713
-10.260000000000   0.004070195921
-10.240000000000   0.004090023818
-10.220000000000   0.004109789450
-10.200000000000   0.004129497770
-10.180000000000   0.004149223820
-10.160000000000   0.004169050612
-10.140000000000   0.004189075360
-10.120000000000   0.004209451793
-10.100000000000   0.004230342519
-10.080000000000   0.004251794652
-10.060000000000   0.004273676780
-10.040000000000   0.004295741669
-10.020000000000   0.004317765657
-10.000000000000   0.004339659621
 -9.980000000000   0.004361463176
 -9.960000000000   0.004383269738
 -9.940000000000   0.004405154365
 -9.920000000000   0.004427094267
 -9.900000000000   0.004448933587
 -9.880000000000   0.004470503516
 -9.860000000000   0.004491809814
 -9.840000000000   0.004513041750
 -9.820000000000   0.004534416748
 -9.800000000000   0.004556076443
 -9.780000000000   0.004578089023
 -9.760000000000   0.004600494756
 -9.740000000000   0.004623334360
 -9.720000000000   0.004646641512
 -9.700000000000   0.004670426345
 -9.680000000000   0.004694655765
 -9.660000000000   0.004719259624
 -9.640000000000   0.004744185757
 -9.620000000000   0.004769423499
 -9.600000000000   0.004794935689
 -9.580000000000   0.004820609196
 -9.560000000000   0.004846327478
 -9.540000000000   0.004872059311
 -9.520000000000   0.004897827897
 -9.500000000000   0.004923634023
 -9.480000000000   0.004949465808
 -9.460000000000   0.004975338429
 -9.440000000000   0.005001290325
 -9.420000000000   0.005027395200
 -9.400000000000   0.005053793644
 -9.380000000000   0.005080643400
 -9.360000000000   0.005108014724
 -9.340000000000   0.005135876666
 -9.320000000000   0.005164184964
 -9.300000000000   0.005192956321
 -9.280000000000   0.005222245709
 -9.260000000000   0.005252052339
 -9.240000000000   0.005282308777
 -9.220000000000   0.005312989257
 -9.200000000000   0.005344148052
 -9.180000000000   0.005375821633
 -9.160000000000   0.005407924856
 -9.140000000000   0.005440228205
 -9.120000000000   0.005472440909
 -9.100000000000   0.005504365302
 -9.080000000000   0.005536000530
 -9.060000000000   0.005567533312
 -9.040000000000   0.005599191811
 -9.020000000000   0.005631027220
 -9.000000000000   0.005662887032
 -8.980000000000   0.005694668151
 -8.960000000000   0.005726535971
 -8.940000000000   0.005758845192
 -8.920000000000   0.005791912990
 -8.900000000000   0.005825889514
 -8.880000000000   0.005860734075
 -8.860000000000   0.005896258755
 -8.840000000000   0.005932253068
 -8.820000000000   0.005968578406
 -8.800000000000   0.006005120178
 -8.780000000000   0.006041685543
 -8.760000000000   0.006077989331
 -8.740000000000   0.006113780535
 -8.720000000000   0.006149053291
 -8.700000000000   0.006184148389
 -8.680000000000   0.006219595381
 -8.660000000000   0.006255808328
 -8.640000000000   0.006292895585
 -8.620000000000   0.006330718377
 -8.600000000000   0.006369081725
 -8.580000000000   0.006407848344
 -8.560000000000   0.006446922004
 -8.540000000000   0.006486192744
 -8.520000000000   0.006525526411
 -8.500000000000   0.006564842633
 -8.480000000000   0.006604220024
 -8.460000000000   0.006643885381
 -8.440000000000   0.006684075948
 -8.420000000000   0.006724900380
 -8.400000000000   0.006766308197
 -8.380000000000   0.006808179937
 -8.360000000000   0.006850456414
 -8.340000000000   0.006893180993
 -8.320000000000   0.006936375974
 -8.300000000000   0.006979885182
 -8.280000000000   0.007023409961
 -8.260000000000   0.007066736625
 -8.240000000000   0.007109917952
 -8.220000000000   0.007153198951
 -8.200000000000   0.007196775130
 -8.180000000000   0.007240672617
 -8.160000000000   0.007284838851
 -8.140000000000   0.007329269113
 -8.120000000000   0.007374028387
 -8.100000000000   0.007419206559
 -8.080000000000   0.007464907757
 -8.060000000000   0.007511275830
 -8.040000000000   0.007558437301
 -8.020000000000   0.007606343143
 -8.000000000000   0.007654739109
 -7.980000000000   0.007703390107
 -7.960000000000   0.007752279095
 -7.940000000000   0.007801527680
 -7.920000000000   0.007851197135
 -7.900000000000   0.007901247245
 -7.880000000000   0.007951649866
 -7.860000000000   0.008002437417
 -7.840000000000   0.008053587755
 -7.820000000000   0.008104920561
 -7.800000000000   0.008156190110
 -7.780000000000   0.008207244109
 -7.760000000000   0.008258008812
 -7.740000000000   0.008308407333
 -7.720000000000   0.008358413708
 -7.700000000000   0.008408140127
 -7.680000000000   0.008457838257
 -7.660000000000   0.008507858914
 -7.640000000000   0.008558611978
 -7.620000000000   0.008610502428
 -7.600000000000   0.008663766783
 -7.580000000000   0.008718321366
 -7.560000000000   0.008773790331
 -7.540000000000   0.008829646543
 -7.520000000000   0.008885364970
 -7.500000000000   0.008940524279
 -7.480000000000   0.008994812445
 -7.460000000000   0.009048040675
 -7.440000000000   0.009100229405
 -7.420000000000   0.009151674596
 -7.400000000000   0.009202870342
 -7.380000000000   0.009254278073
 -7.360000000000   0.009306112355
 -7.340000000000   0.009358331628
 -7.320000000000   0.009410847956
 -7.300000000000   0.009463751644
 -7.280000000000   0.009517338279
 -7.260000000000   0.009571933465
 -7.240000000000   0.009627659476
 -7.220000000000   0.009684362242
 -7.200000000000   0.009741787160
 -7.180000000000   0.009799745176
 -7.160000000000   0.009857981912
 -7.140000000000   0.009915963564
 -7.120000000000   0.009973019120
 -7.100000000000   0.010028748752
 -7.080000000000   0.010083226142
 -7.060000000000   0.010136866259
 -7.040000000000   0.010190181362
 -7.020000000000   0.010243582414
 -7.000000000000   0.010297251336
 -6.980000000000   0.010351142941
 -6.960000000000   0.010405140695
 -6.940000000000   0.010459186876
 -6.920000000000   0.010513179845
 -6.900000000000   0.010566801098
 -6.880000000000   0.010619667932
 -6.860000000000   0.010671783517
 -6.840000000000   0.010723722805
 -6.820000000000   0.010776214539
 -6.800000000000   0.010829578927
 -6.780000000000   0.010883641232
 -6.760000000000   0.010938062412
 -6.740000000000   0.010992573448
 -6.720000000000   0.011046899092
 -6.700000000000   0.011100683675
 -6.680000000000   0.011153612950
 -6.660000000000   0.011205541757
 -6.640000000000   0.011256482381
 -6.620000000000   0.011306520456
 -6.600000000000   0.011355734524
 -6.580000000000   0.011404148848
 -6.560000000000   0.011451789302
 -6.540000000000   0.011498774395
 -6.520000000000   0.011545268672
 -6.500000000000   0.011591314846
 -6.480000000000   0.011636771939
 -6.460000000000   0.011681477136
 -6.440000000000   0.011725422590
 -6.420000000000   0.011768721086
 -6.400000000000   0.011811351848
 -6.380000000000   0.011852959742
 -6.360000000000   0.011893049144
 -6.340000000000   0.011931391928
 -6.320000000000   0.011968164443
 -6.300000000000   0.012003792242
 -6.280000000000   0.012038781153
 -6.260000000000   0.012073552945
 -6.240000000000   0.012108246634
 -6.220000000000   0.012142652415
 -6.200000000000   0.012176349349
 -6.180000000000   0.012208879414
 -6.160000000000   0.012239832002
 -6.140000000000   0.012268893272
 -6.120000000000   0.012295936125
 -6.100000000000   0.012321068334
 -6.080000000000   0.012344489439
 -6.060000000000   0.012366280838
 -6.040000000000   0.012386383167
 -6.020000000000   0.012404734054
 -6.000000000000   0.012421415476
 -5.980000000000   0.012436720029
 -5.960000000000   0.012451045682
 -5.940000000000   0.012464683461
 -5.920000000000   0.012477715685
 -5.900000000000   0.012490133434
 -5.880000000000   0.012501950516
 -5.860000000000   0.012513101880
 -5.840000000000   0.012523365519
 -5.820000000000   0.012532489692
 -5.800000000000   0.012540280384
 -5.780000000000   0.012546511086
 -5.760000000000   0.012550846838
 -5.740000000000   0.012552902269
 -5.720000000000   0.012552381796
 -5.700000000000   0.012549297329
 -5.680000000000   0.012544093526
 -5.660000000000   0.012537422931
 -5.640000000000   0.012529697260
 -5.620000000000   0.012520840121
 -5.600000000000   0.012510467857
 -5.580000000000   0.012498220952
 -5.560000000000   0.012483859328
 -5.540000000000   0.012467185459
 -5.520000000000   0.012448083868
 -5.500000000000   0.012426655881
 -5.480000000000   0.012403247089
 -5.460000000000   0.012378309773
 -5.440000000000   0.012352164107
 -5.420000000000   0.012324789360
 -5.400000000000   0.012295799806
 -5.380000000000   0.012264666590
 -5.360000000000   0.012231042194
 -5.340000000000   0.012194933695
 -5.320000000000   0.012156619688
 -5.300000000000   0.012116459092
 -5.280000000000   0.012074782980
 -5.260000000000   0.012031885056
 -5.240000000000   0.011988025461
 -5.220000000000   0.011943353840
 -5.200000000000   0.011897746185
 -5.180000000000   0.011850779723
 -5.160000000000   0.011802048850
 -5.140000000000   0.011751550412
 -5.120000000000   0.011699653470
 -5.100000000000   0.011646718357
 -5.080000000000   0.011592836598
 -5.060000000000   0.011537861784
 -5.040000000000   0.011481567643
 -5.020000000000   0.011423833962
 -5.000000000000   0.011364757703
 -4.980000000000   0.011304546753
 -4.960000000000   0.011243335854
 -4.940000000000   0.011181133700
 -4.920000000000   0.011117818808
 -4.900000000000   0.011053111352
 -4.880000000000   0.010986678792
 -4.860000000000   0.010918402878
 -4.840000000000   0.010848523572
 -4.820000000000   0.010777398305
 -4.800000000000   0.010705105164
 -4.780000000000   0.010631407047
 -4.760000000000   0.010556130751
 -4.740000000000   0.010479524902
 -4.720000000000   0.010402251491
 -4.700000000000   0.010325008958
 -4.680000000000   0.010248111802
 -4.660000000000   0.010171422236
 -4.640000000000   0.010094666847
 -4.620000000000   0.010017759430
 -4.600000000000   0.009940822049
 -4.580000000000   0.009864028394
 -4.560000000000   0.009787477308
 -4.540000000000   0.009711093071
 -4.520000000000   0.009634544385
 -4.500000000000   0.009557297772
 -4.480000000000   0.009478904333
 -4.460000000000   0.009399324287
 -4.440000000000   0.009318923213
 -4.420000000000   0.009238118859
 -4.400000000000   0.009157050562
 -4.380000000000   0.009075577534
 -4.360000000000   0.008993547889
 -4.340000000000   0.008911058922
 -4.320000000000   0.008828506286
 -4.300000000000   0.008746396205
 -4.280000000000   0.008665078555
 -4.260000000000   0.008584592666
 -4.240000000000   0.008504703521
 -4.220000000000   0.008425112210
 -4.200000000000   0.008345706845
 -4.180000000000   0.008266648337
 -4.160000000000   0.008188230625
 -4.140000000000   0.008110661608
 -4.120000000000   0.008033936649
 -4.100000000000   0.007957864254
 -4.080000000000   0.007882225690
 -4.060000000000   0.007806971140
 -4.040000000000   0.007732221153
 -4.020000000000   0.007658088073
 -4.000000000000   0.007584603620
 -3.980000000000   0.007511789696
 -3.960000000000   0.007439712940
 -3.940000000000   0.007368418594
 -3.920000000000   0.007297778870
 -3.900000000000   0.007227456660
 -3.880000000000   0.007157088834
 -3.860000000000   0.007086525238
 -3.840000000000   0.007015947643
 -3.820000000000   0.006945832948
 -3.800000000000   0.006876778466
 -3.780000000000   0.006809260383
 -3.760000000000   0.006743463226
 -3.740000000000   0.006679271201
 -3.720000000000   0.006616392746
 -3.700000000000   0.006554546975
 -3.680000000000   0.006493614026
 -3.660000000000   0.006433611592
 -3.640000000000   0.006374538133
 -3.620000000000   0.006316323564
 -3.600000000000   0.006258934962
 -3.580000000000   0.006202469248
 -3.560000000000   0.006147135569
 -3.540000000000   0.006093133936
 -3.520000000000   0.006040506722
 -3.500000000000   0.005989099683
 -3.480000000000   0.005938686075
 -3.460000000000   0.005889135578
 -3.440000000000   0.005840483418
 -3.420000000000   0.005792890081
 -3.400000000000   0.005746541804
 -3.380000000000   0.005701532666
 -3.360000000000   0.005657811483
 -3.340000000000   0.005615255766
 -3.320000000000   0.005573789510
 -3.300000000000   0.005533428837
 -3.280000000000   0.005494251169
 -3.260000000000   0.005456342906
 -3.240000000000   0.005419787411
 -3.220000000000   0.005384669506
 -3.200000000000   0.005351016450
 -3.180000000000   0.005318736185
 -3.160000000000   0.005287661594
 -3.140000000000   0.005257650571
 -3.120000000000   0.005228629330
 -3.100000000000   0.005200554153
 -3.080000000000   0.005173364906
 -3.060000000000   0.005147005784
 -3.040000000000   0.005121473060
 -3.020000000000   0.005096818438
 -3.000000000000   0.005073132082
 -2.980000000000   0.005050533778
 -2.960000000000   0.005029144456
 -2.940000000000   0.005009041709
 -2.920000000000   0.004990279349
 -2.900000000000   0.004972965003
 -2.880000000000   0.004957265097
 -2.860000000000   0.004943337791
 -2.840000000000   0.004931298196
 -2.820000000000   0.004921194502
 -2.800000000000   0.004912940458
 -2.780000000000   0.004906304849
 -2.760000000000   0.004901041863
 -2.740000000000   0.004897054730
 -2.720000000000   0.004894435347
 -2.700000000000   0.004893349044
 -2.680000000000   0.004893897021
 -2.660000000000   0.004896082835
 -2.640000000000   0.004899843941
 -2.620000000000   0.004905083559
 -2.600000000000   0.004911696667
 -2.580000000000   0.004919607729
 -2.560000000000   0.004928832585
 -2.540000000000   0.004939497233
 -2.520000000000   0.004951776170
 -2.500000000000   0.004965839246
 -2.480000000000   0.004981844221
 -2.460000000000   0.004999912989
 -2.440000000000   0.005020100705
 -2.420000000000   0.005042414271
 -2.400000000000   0.005066859641
 -2.380000000000   0.005093458604
 -2.360000000000   0.005122255210
 -2.340000000000   0.005153364785
 -2.320000000000   0.005186995218
 -2.300000000000   0.005223378688
 -2.280000000000   0.005262701160
 -2.260000000000   0.005305094278
 -2.240000000000   0.005350656742
 -2.220000000000   0.005399475799
 -2.200000000000   0.005451630002
 -2.180000000000   0.005507181056
 -2.160000000000   0.005566195785
 -2.140000000000   0.005628767541
 -2.120000000000   0.005694975469
 -2.100000000000   0.005764822654
 -2.080000000000   0.005838244640
 -2.060000000000   0.005915199435
 -2.040000000000   0.005995783176
 -2.020000000000   0.006080299432
 -2.000000000000   0.006169242339
 -1.980000000000   0.006263209912
 -1.960000000000   0.006362743726
 -1.940000000000   0.006468158932
 -1.920000000000   0.006579568953
 -1.900000000000   0.006697119157
 -1.880000000000   0.006821152284
 -1.860000000000   0.006952140090
 -1.840000000000   0.007090543474
 -1.820000000000   0.007236805560
 -1.800000000000   0.007391432856
 -1.780000000000   0.007555016352
 -1.760000000000   0.007728164223
 -1.740000000000   0.007911412492
 -1.720000000000   0.008105230883
 -1.700000000000   0.008310157289
 -1.680000000000   0.008526843422
 -1.660000000000   0.008755917812
 -1.640000000000   0.008997920981
 -1.620000000000   0.009253451557
 -1.600000000000   0.009523328746
 -1.580000000000   0.009808573495
 -1.560000000000   0.010110318561
 -1.540000000000   0.010429801285
 -1.520000000000   0.010768294746
 -1.500000000000   0.011126943810
 -1.480000000000   0.011506745026
 -1.460000000000   0.011908727056
 -1.440000000000   0.012334157196
 -1.420000000000   0.012784561951
 -1.400000000000   0.013261492258
 -1.380000000000   0.013766303979
 -1.360000000000   0.014300203550
 -1.340000000000   0.014864405006
 -1.320000000000   0.015460166388
 -1.300000000000   0.016088749627
 -1.280000000000   0.016751500363
 -1.260000000000   0.017449979468
 -1.240000000000   0.018185804602
 -1.220000000000   0.018960220967
 -1.200000000000   0.019773839823
 -1.180000000000   0.020626708177
 -1.160000000000   0.021518501388
 -1.140000000000   0.022448738672
 -1.120000000000   0.023417075816
 -1.100000000000   0.024423506170
 -1.080000000000   0.025468078346
 -1.060000000000   0.026550191941
 -1.040000000000   0.027668001844
 -1.020000000000   0.028818118591
 -1.000000000000   0.029995556041
 -0.980000000000   0.031194002624
 -0.960000000000   0.032406297712
 -0.940000000000   0.033624799268
 -0.920000000000   0.034841542944
 -0.900000000000   0.036048398613
 -0.880000000000   0.037237268347
 -0.860000000000   0.038400232044
 -0.840000000000   0.039529742978
 -0.820000000000   0.040618821726
 -0.800000000000   0.041661256779
 -0.780000000000   0.042652173205
 -0.760000000000   0.043588800313
 -0.740000000000   0.044470641276
 -0.720000000000   0.045299029122
 -0.700000000000   0.046076892272
 -0.680000000000   0.046809048930
 -0.660000000000   0.047502853830
 -0.640000000000   0.048168716233
 -0.620000000000   0.048819776930
 -0.600000000000   0.049470805545
 -0.580000000000   0.050137048192
 -0.560000000000   0.050833559303
 -0.540000000000   0.051575001200
 -0.520000000000   0.052375524401
 -0.500000000000   0.053248513027
 -0.480000000000   0.054206312273
 -0.460000000000   0.055259745253
 -0.440000000000   0.056416955972
 -0.420000000000   0.057681932429
 -0.400000000000   0.059053708594
 -0.380000000000   0.060526040623
 -0.360000000000   0.062086703643
 -0.340000000000   0.063716674355
 -0.320000000000   0.065389810539
 -0.300000000000   0.067073601498
 -0.280000000000   0.068730956950
 -0.260000000000   0.070322526720
 -0.240000000000   0.071809601640
 -0.220000000000   0.073156462341
 -0.200000000000   0.074331284925
 -0.180000000000   0.075307453051
 -0.160000000000   0.076066162665
 -0.140000000000   0.076598147120
 -0.120000000000   0.076903054820
 -0.100000000000   0.076987168614
 -0.080000000000   0.076859450720
 -0.060000000000   0.076525715619
 -0.040000000000   0.075984861783
 -0.020000000000   0.075233637400
  0.000000000000   0.074279526067
  0.020000000000   0.073152156142
  0.040000000000   0.071905190591
  0.060000000000   0.070609006908
  0.080000000000   0.069338913449
  0.100000000000   0.068163968979
  0.120000000000   0.067140552586
  0.140000000000   0.066311739477
  0.160000000000   0.065709838687
  0.180000000000   0.065358539719
  0.200000000000   0.065273281001
  0.220000000000   0.065461174722
  0.240000000000   0.065922045957
  0.260000000000   0.066650229869
  0.280000000000   0.067636072426
  0.300000000000   0.068867414802
  0.320000000000   0.070331339894
  0.340000000000   0.072014722544
  0.360000000000   0.073902466255
  0.380000000000   0.075975262317
  0.400000000000   0.078209814778
  0.420000000000   0.080581378207
  0.440000000000   0.083065682021
  0.460000000000   0.085639047301
  0.480000000000   0.088278406291
  0.500000000000   0.090962400854
  0.520000000000   0.093672879560
  0.540000000000   0.096395805321
  0.560000000000   0.099121000058
  0.580000000000   0.101840826184
  0.600000000000   0.104548786279
  0.620000000000   0.107238574502
  0.640000000000   0.109902972774
  0.660000000000   0.112532984219
  0.680000000000   0.115118847495
  0.700000000000   0.117652634891
  0.720000000000   0.120130163284
  0.740000000000   0.122551078597
  0.760000000000   0.124917635879
  0.780000000000   0.127232956207
  0.800000000000   0.129499610310
  0.820000000000   0.131719504767
  0.840000000000   0.133894873176
  0.860000000000   0.136028772764
  0.880000000000   0.138124304775
  0.900000000000   0.140183374751
  0.920000000000   0.142206261058
  0.940000000000   0.144192562316
  0.960000000000   0.146142308013
  0.980000000000   0.148056153640
  1.000000000000   0.149935252614
  1.020000000000   0.151780726403
  1.040000000000   0.153592439068
  1.060000000000   0.155368590070
  1.080000000000   0.157106831799
  1.100000000000   0.158805022158
  1.120000000000   0.160460595946
  1.140000000000   0.162070376597
  1.160000000000   0.163631589898
  1.180000000000   0.165142255225
  1.200000000000   0.166600354604
  1.220000000000   0.168003586581
  1.240000000000   0.169350419035
  1.260000000000   0.170640750112
  1.280000000000   0.171875146980
  1.300000000000   0.173053685640
  1.320000000000   0.174175992108
  1.340000000000   0.175242097382
  1.360000000000   0.176251967100
  1.380000000000   0.177204170361
  1.400000000000   0.178096154140
  1.420000000000   0.178925095773
  1.440000000000   0.179687245684
  1.460000000000   0.180377739357
  1.480000000000   0.180992319456
  1.500000000000   0.181528659773
  1.520000000000   0.181986094984
  1.540000000000   0.182364924927
  1.560000000000   0.182665928466
  1.580000000000   0.182890076069
  1.600000000000   0.183038310399
  1.620000000000   0.183111374902
  1.640000000000   0.183109805546
  1.660000000000   0.183034103253
  1.680000000000   0.182885035551
  1.700000000000   0.182664224954
  1.720000000000   0.182374713140
  1.740000000000   0.182020067647
  1.760000000000   0.181602568832
  1.780000000000   0.181123174200
  1.800000000000   0.180583173158
  1.820000000000   0.179985060263
  1.840000000000   0.179331223032
  1.860000000000   0.178621780065
  1.880000000000   0.177854443340
  1.900000000000   0.177027030615
  1.920000000000   0.176140041591
  1.940000000000   0.175196710781
  1.960000000000   0.174201449356
  1.980000000000   0.173159265659
  2.000000000000   0.172075887180
  2.020000000000   0.170956911941
  2.040000000000   0.169806358310
  2.060000000000   0.168625902198
  2.080000000000   0.167415441604
  2.100000000000   0.166174925033
  2.120000000000   0.164906098075
  2.140000000000   0.163612101498
  2.160000000000   0.162295183338
  2.180000000000   0.160955342461
  2.200000000000   0.159591552377
  2.220000000000   0.158204393197
  2.240000000000   0.156797317123
  2.260000000000   0.155375306817
  2.280000000000   0.153942591442
  2.300000000000   0.152501341198
  2.320000000000   0.151051680124
  2.340000000000   0.149592925883
  2.360000000000   0.148125233879
  2.380000000000   0.146650406474
  2.400000000000   0.145172165963
  2.420000000000   0.143695705269
  2.440000000000   0.142225548132
  2.460000000000   0.140763388295
  2.480000000000   0.139308540377
  2.500000000000   0.137860150811
  2.520000000000   0.136418203483
  2.540000000000   0.134982559713
  2.560000000000   0.133552270219
  2.580000000000   0.132126740039
  2.600000000000   0.130707090334
  2.620000000000   0.129296043623
  2.640000000000   0.127896706870
  2.660000000000   0.126510902599
  2.680000000000   0.125137947751
  2.700000000000   0.123775145311
  2.720000000000   0.122419998415
  2.740000000000   0.121072447232
  2.760000000000   0.119735103228
  2.780000000000   0.118411202233
  2.800000000000   0.117102404308
  2.820000000000   0.115808534679
  2.840000000000   0.114529007335
  2.860000000000   0.113264633229
  2.880000000000   0.112018557418
  2.900000000000   0.110795062414
  2.920000000000   0.109596425840
  2.940000000000   0.108420721896
  2.960000000000   0.107262954775
  2.980000000000   0.106118024213
  3.000000000000   0.104982925556
  3.020000000000   0.103857600739
  3.040000000000   0.102744791334
  3.060000000000   0.101648854186
  3.080000000000   0.100573664310
  3.100000000000   0.099520799013
  3.120000000000   0.098489502156
  3.140000000000   0.097478249062
  3.160000000000   0.096486339994
  3.180000000000   0.095514194727
  3.200000000000   0.094562068118
  3.220000000000   0.093628605992
  3.240000000000   0.092711049694
  3.260000000000   0.091806646378
  3.280000000000   0.090913935060
  3.300000000000   0.090033327665
  3.320000000000   0.089166302854
  3.340000000000   0.088313757140
  3.360000000000   0.087475336555
  3.380000000000   0.086650232825
  3.400000000000   0.085838109661
  3.420000000000   0.085039253413
  3.440000000000   0.084254465156
  3.460000000000   0.083484981474
  3.480000000000   0.082732058233
  3.500000000000   0.081996262541
  3.520000000000   0.081277060112
  3.540000000000   0.080573167143
  3.560000000000   0.079883430091
  3.580000000000   0.079207391675
  3.600000000000   0.078544686430
  3.620000000000   0.077893842155
  3.640000000000   0.077252486411
  3.660000000000   0.076619412065
  3.680000000000   0.075995898774
  3.700000000000   0.075384449331
  3.720000000000   0.074786771859
  3.740000000000   0.074203095535
  3.760000000000   0.073632438130
  3.780000000000   0.073072835926
  3.800000000000   0.072521685239
  3.820000000000   0.071976438937
  3.840000000000   0.071435311834
  3.860000000000   0.070898023894
  3.880000000000   0.070366276977
  3.900000000000   0.069842979051
  3.920000000000   0.069330589866
  3.940000000000   0.068830177200
  3.960000000000   0.068341750605
  3.980000000000   0.067865165842
  4.000000000000   0.067400613167
  4.020000000000   0.066948231467
  4.040000000000   0.066507469199
  4.060000000000   0.066077221948
  4.080000000000   0.065656532661
  4.100000000000   0.065244747851
  4.120000000000   0.064840796218
  4.140000000000   0.064442394719
  4.160000000000   0.064046267877
  4.180000000000   0.063649667396
  4.200000000000   0.063252275111
  4.220000000000   0.062856773292
  4.240000000000   0.062467107788
  4.260000000000   0.062085994474
  4.280000000000   0.061714148973
  4.300000000000   0.061351249330
  4.320000000000   0.060996753399
  4.340000000000   0.060649901463
  4.360000000000   0.060309667970
  4.380000000000   0.059975104212
  4.400000000000   0.059645801387
  4.420000000000   0.059321797929
  4.440000000000   0.059002759834
  4.460000000000   0.058687519090
  4.480000000000   0.058374752735
  4.500000000000   0.058064031602
  4.520000000000   0.057755950603
  4.540000000000   0.057451322687
  4.560000000000   0.057150580402
  4.580000000000   0.056853915997
  4.600000000000   0.056561640017
  4.620000000000   0.056274191382
  4.640000000000   0.055991898192
  4.660000000000   0.055714836207
  4.680000000000   0.055442732086
  4.700000000000   0.055174997365
  4.720000000000   0.054910882418
  4.740000000000   0.054649415724
  4.760000000000   0.054389447396
  4.780000000000   0.054130285983
  4.800000000000   0.053872360813
  4.820000000000   0.053616955306
  4.840000000000   0.053365402539
  4.860000000000   0.053118623424
  4.880000000000   0.052876879408
  4.900000000000   0.052639765524
  4.920000000000   0.052406618254
  4.940000000000   0.052176816586
  4.960000000000   0.051949837695
  4.980000000000   0.051725318781
  5.000000000000   0.051503136921
  5.020000000000   0.051283359611
  5.040000000000   0.051065993668
  5.060000000000   0.050850858790
  5.080000000000   0.050637861005
  5.100000000000   0.050427275498
  5.120000000000   0.050219479389
  5.140000000000   0.050014482021
  5.160000000000   0.049812011187
  5.180000000000   0.049611937539
  5.200000000000   0.049414315790
  5.220000000000   0.049219249184
  5.240000000000   0.049026996573
  5.260000000000   0.048837805976
  5.280000000000   0.048651368275
  5.300000000000   0.048466783530
  5.320000000000   0.048283314492
  5.340000000000   0.048100847399
  5.360000000000   0.047919438895
  5.380000000000   0.047738974885
  5.400000000000   0.047559517025
  5.420000000000   0.047381423454
  5.440000000000   0.047204809169
  5.460000000000   0.047029203232
  5.480000000000   0.046854155185
  5.500000000000   0.046680031214
  5.520000000000   0.046507687486
  5.540000000000   0.046337367195
  5.560000000000   0.046168257387
  5.580000000000   0.045999167749
  5.600000000000   0.045829639087
  5.620000000000   0.045660326893
  5.640000000000   0.045492291202
  5.660000000000   0.045326274712
  5.680000000000   0.045162880074
  5.700000000000   0.045002953160
  5.720000000000   0.044847094151
  5.740000000000   0.044694809367
  5.760000000000   0.044544682813
  5.780000000000   0.044395480675
  5.800000000000   0.044246888781
  5.820000000000   0.044099231625
  5.840000000000   0.043952771098
  5.860000000000   0.043807451540
  5.880000000000   0.043663054151
  5.900000000000   0.043519308879
  5.920000000000   0.043375892545
  5.940000000000   0.043232481001
  5.960000000000   0.043089013845
  5.980000000000   0.042946127660
  6.000000000000   0.042805177716
  6.020000000000   0.042667330645
  6.040000000000   0.042532388852
  6.060000000000   0.042398563230
  6.080000000000   0.042263439209
  6.100000000000   0.042125366386
  6.120000000000   0.041984259604
  6.140000000000   0.041841310683
  6.160000000000   0.041698230404
  6.180000000000   0.041556770878
  6.200000000000   0.041418339288
  6.220000000000   0.041283382344
  6.240000000000   0.041151113334
  6.260000000000   0.041020217292
  6.280000000000   0.040889931028
  6.300000000000   0.040760398651
  6.320000000000   0.040632223390
  6.340000000000   0.040505988385
  6.360000000000   0.040382192703
  6.380000000000   0.040261414741
  6.400000000000   0.040144103055
  6.420000000000   0.040029868909
  6.440000000000   0.039917225701
  6.460000000000   0.039804415133
  6.480000000000   0.039690522994
  6.500000000000   0.039575675167
  6.520000000000   0.039460207328
  6.540000000000   0.039343907855
  6.560000000000   0.039226253272
  6.580000000000   0.039107225537
  6.600000000000   0.038987735717
  6.620000000000   0.038869308207
  6.640000000000   0.038753160433
  6.660000000000   0.038639327361
  6.680000000000   0.038526832654
  6.700000000000   0.038414914955
  6.720000000000   0.038303868346
  6.740000000000   0.038194361157
  6.760000000000   0.038086003641
  6.780000000000   0.037976879012
  6.800000000000   0.037864667113
  6.820000000000   0.037748393988
  6.840000000000   0.037629147362
  6.860000000000   0.037509169061
  6.880000000000   0.037390504787
  6.900000000000   0.037274431153
  6.920000000000   0.037161502973
  6.940000000000   0.037051524204
  6.960000000000   0.036943591178
  6.980000000000   0.036836649975
  7.000000000000   0.036730289004
  7.020000000000   0.036625050305
  7.040000000000   0.036521868780
  7.060000000000   0.036421169649
  7.080000000000   0.036322446856
  7.100000000000   0.036224503233
  7.120000000000   0.036126149480
  7.140000000000   0.036026828038
  7.160000000000   0.035926708722
  7.180000000000   0.035826557588
  7.200000000000   0.035727560450
  7.220000000000   0.035630737347
  7.240000000000   0.035536154994
  7.260000000000   0.035442759496
  7.280000000000   0.035349058510
  7.300000000000   0.035253923435
  7.320000000000   0.035157072035
  7.340000000000   0.035059144599
  7.360000000000   0.034961175050
  7.380000000000   0.034863859857
  7.400000000000   0.034767279762
  7.420000000000   0.034671150244
  7.440000000000   0.034575205450
  7.460000000000   0.034479343257
  7.480000000000   0.034383637744
  7.500000000000   0.034288476836
  7.520000000000   0.034194559227
  7.540000000000   0.034102429851
  7.560000000000   0.034012040593
  7.580000000000   0.033922941593
  7.600000000000   0.033834670578
  7.620000000000   0.033746700395
  7.640000000000   0.033658426956
  7.660000000000   0.033569692370
  7.680000000000   0.033481064868
  7.700000000000   0.033393328075
  7.720000000000   0.033306818178
  7.740000000000   0.033221294605
  7.760000000000   0.033136445271
  7.780000000000   0.033052496947
  7.800000000000   0.032970089651
  7.820000000000   0.032889553284
  7.840000000000   0.032810565686
  7.860000000000   0.032732356883
  7.880000000000   0.032654077133
  7.900000000000   0.032575119837
  7.920000000000   0.032495036254
  7.940000000000   0.032413152417
  7.960000000000   0.032328637315
  7.980000000000   0.032241194524
  8.000000000000   0.032151623053
  8.020000000000   0.032061603830
  8.040000000000   0.031972781486
  8.060000000000   0.031885820890
  8.080000000000   0.031800254720
  8.100000000000   0.031715251310
  8.120000000000   0.031630665376
  8.140000000000   0.031547469403
  8.160000000000   0.031466965369
  8.180000000000   0.031389392717
  8.200000000000   0.031313457900
  8.220000000000   0.031237407839
  8.240000000000   0.031160550841
  8.260000000000   0.031083655062
  8.280000000000   0.031007993127
  8.300000000000   0.030934201323
  8.320000000000   0.030861906224
  8.340000000000   0.030790105064
  8.360000000000   0.030717947628
  8.380000000000   0.030645310997
  8.400000000000   0.030572581028
  8.420000000000   0.030500022474
  8.440000000000   0.030427592014
  8.460000000000   0.030355278136
  8.480000000000   0.030283254095
  8.500000000000   0.030211589741
  8.520000000000   0.030140054464
  8.540000000000   0.030068269970
  8.560000000000   0.029996005482
  8.580000000000   0.029923349644
  8.600000000000   0.029850681458
  8.620000000000   0.029778487998
  8.640000000000   0.029707052154
  8.660000000000   0.029636210471
  8.680000000000   0.029565509183
  8.700000000000   0.029494700997
  8.720000000000   0.029423966842
  8.740000000000   0.029353654307
  8.760000000000   0.029284073721
  8.780000000000   0.029215374514
  8.800000000000   0.029147236469
  8.820000000000   0.029078829881
  8.840000000000   0.029009407683
  8.860000000000   0.028938995100
  8.880000000000   0.028868375690
  8.900000000000   0.028798490537
  8.920000000000   0.028730073301
  8.940000000000   0.028663606961
  8.960000000000   0.028599153790
  8.980000000000   0.028536232647
  9.000000000000   0.028474181936
  9.020000000000   0.028412723949
  9.040000000000   0.028352082321
  9.060000000000   0.028292653882
  9.080000000000   0.028234634480
  9.100000000000   0.028177862049
  9.120000000000   0.028121985615
  9.140000000000   0.028066699509
  9.160000000000   0.028011724094
  9.180000000000   0.027956677668
  9.200000000000   0.027901089825
  9.220000000000   0.027844486280
  9.240000000000   0.027786455784
  9.260000000000   0.027726722067
  9.280000000000   0.027665111139
  9.300000000000   0.027601486027
  9.320000000000   0.027535892683
  9.340000000000   0.027468739842
  9.360000000000   0.027400711858
  9.380000000000   0.027332574026
  9.400000000000   0.027265085920
  9.420000000000   0.027198868326
  9.440000000000   0.027134165437
  9.460000000000   0.027070699483
  9.480000000000   0.027007651629
  9.500000000000   0.026943964755
  9.520000000000   0.026879166429
  9.540000000000   0.026813979934
  9.560000000000   0.026749944193
  9.580000000000   0.026688437600
  9.600000000000   0.026629959883
  9.620000000000   0.026574055352
  9.640000000000   0.026519688253
  9.660000000000   0.026465758857
  9.680000000000   0.026411641136
  9.700000000000   0.026357494574
  9.720000000000   0.026303973332
  9.740000000000   0.026251606880
  9.760000000000   0.026200504553
  9.780000000000   0.026150373753
  9.800000000000   0.026100581429
  9.820000000000   0.026050405029
  9.840000000000   0.025999426670
  9.860000000000   0.025947534580
  9.880000000000   0.025894525484
  9.900000000000   0.025839934630
  9.920000000000   0.025783293739
  9.940000000000   0.025724564276
  9.960000000000   0.025664432245
  9.980000000000   0.025604158575
 10.000000000000   0.025545223700
 10.020000000000   0.025489055331
 10.040000000000   0.025436520734
 10.060000000000   0.025387403407
 10.080000000000   0.025340552504
 10.100000000000   0.025294542798
 10.120000000000   0.025248252650
 10.140000000000   0.025201192905
 10.160000000000   0.025153544225
 10.180000000000   0.025105783890
 10.200000000000   0.025058244208
 10.220000000000   0.025011071395
 10.240000000000   0.024964372111
 10.260000000000   0.024918106574
 10.280000000000   0.024871941583
 10.300000000000   0.024825438785
 10.320000000000   0.024778307729
 10.340000000000   0.024730395033
 10.360000000000   0.024681639403
 10.380000000000   0.024632181332
 10.400000000000   0.024582421647
 10.420000000000   0.024532937619
 10.440000000000   0.024484324211
 10.460000000000   0.024436887998
 10.480000000000   0.024390373128
 10.500000000000   0.024344176742
 10.520000000000   0.024297887051
 10.540000000000   0.024251495121
 10.560000000000   0.024205090061
 10.580000000000   0.024158557081
 10.600000000000   0.024111710208
 10.620000000000   0.024064564446
 10.640000000000   0.024017316092
 10.660000000000   0.023970095070
 10.680000000000   0.023922780026
 10.700000000000   0.023874976830
 10.720000000000   0.023826192895
 10.740000000000   0.023776100870
 10.760000000000   0.023724713826
 10.780000000000   0.023672438917
 10.800000000000   0.023619924403
 10.820000000000   0.023567712734
 10.840000000000   0.023515899102
 10.860000000000   0.023464032004
 10.880000000000   0.023411479192
 10.900000000000   0.023358036671
 10.920000000000   0.023304212152
 10.940000000000   0.023250891041
 10.960000000000   0.023198711452
 10.980000000000   0.023147739765
 11.000000000000   0.023097611026
 11.020000000000   0.023047997645
 11.040000000000   0.022999023732
 11.060000000000   0.022951217086
 11.080000000000   0.022905048447
 11.100000000000   0.022860457623
 11.120000000000   0.022816869593
 11.140000000000   0.022773738853
 11.160000000000   0.022730935953
 11.180000000000   0.022688538610
 11.200000000000   0.022646572377
 11.220000000000   0.022605134340
 11.240000000000   0.022564482916
 11.260000000000   0.022524817261
 11.280000000000   0.022485944750
 11.300000000000   0.022447161435
 11.320000000000   0.022407545691
 11.340000000000   0.022366324427
 11.360000000000   0.022323025792
 11.380000000000   0.022277720702
 11.400000000000   0.022231247427
 11.420000000000   0.022184826803
 11.440000000000   0.022139298539
 11.460000000000   0.022094838133
 11.480000000000   0.022051217540
 11.500000000000   0.022008127923
 11.520000000000   0.021965492996
 11.540000000000   0.021923629938
 11.560000000000   0.021882963737
 11.580000000000   0.021843531837
 11.600000000000   0.021804796201
 11.620000000000   0.021765919566
 11.640000000000   0.021726199795
 11.660000000000   0.021685337438
 11.680000000000   0.021643502295
 11.700000000000   0.021601290046
 11.720000000000   0.021559522685
 11.740000000000   0.021518830568
 11.760000000000   0.021479298764
 11.780000000000   0.021440496292
 11.800000000000   0.021401763515
 11.820000000000   0.021362474594
 11.840000000000   0.021322212534
 11.860000000000   0.021280862573
 11.880000000000   0.021238548628
 11.900000000000   0.021195458856
 11.920000000000   0.021151695068
 11.940000000000   0.021107271027
 11.960000000000   0.021062301655
 11.980000000000   0.021017119427
 12.000000000000   0.020972115942
 12.020000000000   0.020927599896
 12.040000000000   0.020883898075
 12.060000000000   0.020841439898
 12.080000000000   0.020800591928
 12.100000000000   0.020761341211
 12.120000000000   0.020723046515
 12.140000000000   0.020684521478
 12.160000000000   0.020644582664
 12.180000000000   0.020602740189
 12.200000000000   0.020559442706
 12.220000000000   0.020515689190
 12.240000000000   0.020472418805
 12.260000000000   0.020430242369
 12.280000000000   0.020389473891
 12.300000000000   0.020349977012
 12.320000000000   0.020311048325
 12.340000000000   0.020271803694
 12.360000000000   0.020231748334
 12.380000000000   0.020191042494
 12.400000000000   0.020150351675
 12.420000000000   0.020110466014
 12.440000000000   0.020071942356
 12.460000000000   0.020034850863
 12.480000000000   0.019998704831
 12.500000000000   0.019962677364
 12.520000000000   0.019926071072
 12.540000000000   0.019888783117
 12.560000000000   0.019851347168
 12.580000000000   0.019814419801
 12.600000000000   0.019778162030
 12.620000000000   0.019742053756
 12.640000000000   0.019705143577
 12.660000000000   0.019666472630
 12.680000000000   0.019625464133
 12.700000000000   0.019582157276
 12.720000000000   0.019537199323
 12.740000000000   0.019491569882
 12.760000000000   0.019446278513
 12.780000000000   0.019402209926
 12.800000000000   0.019360032434
 12.820000000000   0.019320102604
 12.840000000000   0.019282380430
 12.860000000000   0.019246357878
 12.880000000000   0.019211066642
 12.900000000000   0.019175334476
 12.920000000000   0.019138258261
 12.940000000000   0.019099551196
 12.960000000000   0.019059479917
 12.980000000000   0.019018505684
 13.000000000000   0.018976982996
 13.020000000000   0.018935108957
 13.040000000000   0.018893049013
 13.060000000000   0.018851087192
 13.080000000000   0.018809745687
 13.100000000000   0.018769688768
 13.120000000000   0.018731295482
 13.140000000000   0.018694332572
 13.160000000000   0.018658090567
 13.180000000000   0.018621707967
 13.200000000000   0.018584437226
 13.220000000000   0.018545943802
 13.240000000000   0.018506463397
 13.260000000000   0.018466574150
 13.280000000000   0.018426703662
 13.300000000000   0.018386800611
 13.320000000000   0.018346530100
 13.340000000000   0.018305712008
 13.360000000000   0.018264447316
 13.380000000000   0.018222905419
 13.400000000000   0.018181246329
 13.420000000000   0.018139808184
 13.440000000000   0.018099121762
 13.460000000000   0.018059533090
 13.480000000000   0.018020822395
 13.500000000000   0.017982379864
 13.520000000000   0.017943854512
 13.540000000000   0.017905437649
 13.560000000000   0.017867431964
 13.580000000000   0.017829798473
 13.600000000000   0.017792242858
 13.620000000000   0.017754577474
 13.640000000000   0.017716922132
 13.660000000000   0.017679626154
 13.680000000000   0.017642933949
 13.700000000000   0.017606594402
 13.720000000000   0.017569855920
 13.740000000000   0.017531908572
 13.760000000000   0.017492259376
 13.780000000000   0.017450767583
 13.800000000000   0.017407524222
 13.820000000000   0.017362749498
 13.840000000000   0.017316774088
 13.860000000000   0.017270079885
 13.880000000000   0.017223274091
 13.900000000000   0.017176879962
 13.920000000000   0.017131089679
 13.940000000000   0.017085749321
 13.960000000000   0.017040559879
 13.980000000000   0.016995252387
 14.000000000000   0.016949644586
 14.020000000000   0.016903666103
 14.040000000000   0.016857404540
 14.060000000000   0.016811201205
 14.080000000000   0.016765687109
 14.100000000000   0.016721562192
 14.120000000000   0.016679188775
 14.140000000000   0.016638291828
 14.160000000000   0.016597970994
 14.180000000000   0.016557046271
 14.200000000000   0.016514602423
 14.220000000000   0.016470392181
 14.240000000000   0.016424784267
 14.260000000000   0.016378316906
 14.280000000000   0.016331267209
 14.300000000000   0.016283492847
 14.320000000000   0.016234455468
 14.340000000000   0.016183395922
 14.360000000000   0.016129740535
 14.380000000000   0.016073508283
 14.400000000000   0.016015276543
 14.420000000000   0.015955771954
 14.440000000000   0.015895478676
 14.460000000000   0.015834388171
 14.480000000000   0.015772022857
 14.500000000000   0.015707779359
 14.520000000000   0.015641142555
 14.540000000000   0.015571528909
 14.560000000000   0.015498125597
 14.580000000000   0.015419974928
 14.600000000000   0.015336179743
 14.620000000000   0.015246052560
 14.640000000000   0.015149132237
 14.660000000000   0.015045059859
 14.680000000000   0.014933325276
 14.700000000000   0.014812905944
 14.720000000000   0.014681931657
 14.740000000000   0.014537645307
 14.760000000000   0.014376664003
 14.780000000000   0.014195078594
 14.800000000000   0.013988089577
 14.820000000000   0.013749366789
 14.840000000000   0.013470468469
 14.860000000000   0.013140481307
 14.880000000000   0.012745729252
 14.900000000000   0.012269576464
 14.920000000000   0.011693101143
 14.940000000000   0.010998231741
 14.960000000000   0.010175552770
 14.980000000000   0.009237286760
 15.000000000000   0.008228422031
