-25.000000000000   0.001405213064
-24.980000000000   0.001571563587
-24.960000000000   0.001725856135
-24.940000000000   0.001860781808
-24.920000000000   0.001974541205
-24.900000000000   0.002068912226
-24.880000000000   0.002147031095
-24.860000000000   0.002212082172
-24.840000000000   0.002266819199
-24.820000000000   0.002313490642
-24.800000000000   0.002353860157
-24.780000000000   0.002389232173
-24.760000000000   0.002420532865
-24.740000000000   0.002448458590
-24.720000000000   0.002473573033
-24.700000000000   0.002496277083
-24.680000000000   0.002516772164
-24.660000000000   0.002535143688
-24.640000000000   0.002551500250
-24.620000000000   0.002566044682
-24.600000000000   0.002579070027
-24.580000000000   0.002590920633
-24.560000000000   0.002601923305
-24.540000000000   0.002612311151
-24.520000000000   0.002622205879
-24.500000000000   0.002631693402
-24.480000000000   0.002640914933
-24.460000000000   0.002650050727
-24.440000000000   0.002659193326
-24.420000000000   0.002668257418
-24.400000000000   0.002677045676
-24.380000000000   0.002685402117
-24.360000000000   0.002693280830
-24.340000000000   0.002700699510
-24.320000000000   0.002707686292
-24.300000000000   0.002714279620
-24.280000000000   0.002720551598
-24.260000000000   0.002726612048
-24.240000000000   0.002732565965
-24.220000000000   0.002738439446
-24.200000000000   0.002744169652
-24.180000000000   0.002749715899
-24.160000000000   0.002755168548
-24.140000000000   0.002760716670
-24.120000000000   0.002766511420
-24.100000000000   0.002772554652
-24.080000000000   0.002778713646
-24.060000000000   0.002784853779
-24.040000000000   0.002790936524
-24.020000000000   0.002796999716
-24.000000000000   0.002803082393
-23.980000000000   0.002809144188
-23.960000000000   0.002815041584
-23.940000000000   0.002820611792
-23.920000000000   0.002825794818
-23.900000000000   0.002830669270
-23.880000000000   0.002835374097
-23.860000000000   0.002840006508
-23.840000000000   0.002844574628
-23.820000000000   0.002849029007
-23.800000000000   0.002853354640
-23.780000000000   0.002857636439
-23.760000000000   0.002862028201
-23.740000000000   0.002866672873
-23.720000000000   0.002871653754
-23.700000000000   0.002876994499
-23.680000000000   0.002882672291
-23.660000000000   0.002888626246
-23.640000000000   0.002894788329
-23.620000000000   0.002901095349
-23.600000000000   0.002907439416
-23.580000000000   0.002913642004
-23.560000000000   0.002919539152
-23.540000000000   0.002925103227
-23.520000000000   0.002930448920
-23.500000000000   0.002935723158
-23.480000000000   0.002941011324
-23.460000000000   0.002946303691
-23.440000000000   0.002951498218
-23.420000000000   0.002956454098
-23.400000000000   0.002961074900
-23.380000000000   0.002965349601
-23.360000000000   0.002969336821
-23.340000000000   0.002973128813
-23.320000000000   0.002976815212
-23.300000000000   0.002980472287
-23.280000000000   0.002984175722
-23.260000000000   0.002987979336
-23.240000000000   0.002991878761
-23.220000000000   0.002995849006
-23.200000000000   0.002999913065
-23.180000000000   0.003004127467
-23.160000000000   0.003008509971
-23.140000000000   0.003013011636
-23.120000000000   0.003017549878
-23.100000000000   0.003022037852
-23.080000000000   0.003026402502
-23.060000000000   0.003030618102
-23.040000000000   0.003034714332
-23.020000000000   0.003038727799
-23.000000000000   0.003042667304
-22.980000000000   0.003046561041
-22.960000000000   0.003050530815
-22.940000000000   0.003054774721
-22.920000000000   0.003059464915
-22.900000000000   0.003064682755
-22.880000000000   0.003070416655
-22.860000000000   0.003076598822
-22.840000000000   0.003083152420
-22.820000000000   0.003089980573
-22.800000000000   0.003096926119
-22.780000000000   0.003103801083
-22.760000000000   0.003110462777
-22.740000000000   0.003116852630
-22.720000000000   0.003123003391
-22.700000000000   0.003129032631
-22.680000000000   0.003135111437
-22.660000000000   0.003141393252
-22.640000000000   0.003147905379
-22.620000000000   0.003154488125
-22.600000000000   0.003160856018
-22.580000000000   0.003166738961
-22.560000000000   0.003172011177
-22.540000000000   0.003176745698
-22.520000000000   0.003181170037
-22.500000000000   0.003185549255
-22.480000000000   0.003190078587
-22.460000000000   0.003194851950
-22.440000000000   0.003199866354
-22.420000000000   0.003205015580
-22.400000000000   0.003210140643
-22.380000000000   0.003215145218
-22.360000000000   0.003220035359
-22.340000000000   0.003224852318
-22.320000000000   0.003229634714
-22.300000000000   0.003234426914
-22.280000000000   0.003239258610
-22.260000000000   0.003244137758
-22.240000000000   0.003249085148
-22.220000000000   0.003254143322
-22.200000000000   0.003259348994
-22.180000000000   0.003264703742
-22.160000000000   0.003270158279
-22.140000000000   0.003275638876
-22.120000000000   0.003281113061
-22.100000000000   0.003286628891
-22.080000000000   0.003292274142
-22.060000000000   0.003298085098
-22.040000000000   0.003304010583
-22.020000000000   0.003309975131
-22.000000000000   0.003315953623
-21.980000000000   0.003321944520
-21.960000000000   0.003327885075
-21.940000000000   0.003333657236
-21.920000000000   0.003339182391
-21.900000000000   0.003344494584
-21.880000000000   0.003349736971
-21.860000000000   0.003355087252
-21.840000000000   0.003360655894
-21.820000000000   0.003366422134
-21.800000000000   0.003372241867
-21.780000000000   0.003377925900
-21.760000000000   0.003383353939
-21.740000000000   0.003388552296
-21.720000000000   0.003393683445
-21.700000000000   0.003398931326
-21.680000000000   0.003404362941
-21.660000000000   0.003409918566
-21.640000000000   0.003415531223
-21.620000000000   0.003421231356
-21.600000000000   0.003427131612
-21.580000000000   0.003433328573
-21.560000000000   0.003439834652
-21.540000000000   0.003446586842
-21.520000000000   0.003453475567
-21.500000000000   0.003460341769
-21.480000000000   0.003467000158
-21.460000000000   0.003473311542
-21.440000000000   0.003479226587
-21.420000000000   0.003484766270
-21.400000000000   0.003490005395
-21.380000000000   0.003495087966
-21.360000000000   0.003500205786
-21.340000000000   0.003505528877
-21.320000000000   0.003511149577
-21.300000000000   0.003517073261
-21.280000000000   0.003523242588
-21.260000000000   0.003529562311
-21.240000000000   0.003535916117
-21.220000000000   0.003542170099
-21.200000000000   0.003548160173
-21.180000000000   0.003553717093
-21.160000000000   0.003558737681
-21.140000000000   0.003563229701
-21.120000000000   0.003567307536
-21.100000000000   0.003571168620
-21.080000000000   0.003575053845
-21.060000000000   0.003579172970
-21.040000000000   0.003583629798
-21.020000000000   0.003588425053
-21.000000000000   0.003593540890
-20.980000000000   0.003599021242
-20.960000000000   0.003604972251
-20.940000000000   0.003611502524
-20.920000000000   0.003618646579
-20.900000000000   0.003626277373
-20.880000000000   0.003634065733
-20.860000000000   0.003641573237
-20.840000000000   0.003648486793
-20.820000000000   0.003654851519
-20.800000000000   0.003661057059
-20.780000000000   0.003667542129
-20.760000000000   0.003674488190
-20.740000000000   0.003681774759
-20.720000000000   0.003689205999
-20.700000000000   0.003696725811
-20.680000000000   0.003704393144
-20.660000000000   0.003712249806
-20.640000000000   0.003720289389
-20.620000000000   0.003728486507
-20.600000000000   0.003736784627
-20.580000000000   0.003745072984
-20.560000000000   0.003753216953
-20.540000000000   0.003761113551
-20.520000000000   0.003768704276
-20.500000000000   0.003775968691
-20.480000000000   0.003782945712
-20.460000000000   0.003789737946
-20.440000000000   0.003796461181
-20.420000000000   0.003803196197
-20.400000000000   0.003809982579
-20.380000000000   0.003816827775
-20.360000000000   0.003823711430
-20.340000000000   0.003830580242
-20.320000000000   0.003837337536
-20.300000000000   0.003843875222
-20.280000000000   0.003850158900
-20.260000000000   0.003856251250
-20.240000000000   0.003862233272
-20.220000000000   0.003868151473
-20.200000000000   0.003874037898
-20.180000000000   0.003879924213
-20.160000000000   0.003885848951
-20.140000000000   0.003891887953
-20.120000000000   0.003898153471
-20.100000000000   0.003904764819
-20.080000000000   0.003911846102
-20.060000000000   0.003919516302
-20.040000000000   0.003927813403
-20.020000000000   0.003936598859
-20.000000000000   0.003945551883
-19.980000000000   0.003954281702
-19.960000000000   0.003962486217
-19.940000000000   0.003970063201
-19.920000000000   0.003977128546
-19.900000000000   0.003983917728
-19.880000000000   0.003990607445
-19.860000000000   0.003997209042
-19.840000000000   0.004003644246
-19.820000000000   0.004009934022
-19.800000000000   0.004016276324
-19.780000000000   0.004022924812
-19.760000000000   0.004030020670
-19.740000000000   0.004037543131
-19.720000000000   0.004045407252
-19.700000000000   0.004053569202
-19.680000000000   0.004062017867
-19.660000000000   0.004070722702
-19.640000000000   0.004079623856
-19.620000000000   0.004088655212
-19.600000000000   0.004097755566
-19.580000000000   0.004106840915
-19.560000000000   0.004115788109
-19.540000000000   0.004124486118
-19.520000000000   0.004132899690
-19.500000000000   0.004141069331
-19.480000000000   0.004149059261
-19.460000000000   0.004156930649
-19.440000000000   0.004164801904
-19.420000000000   0.004172895181
-19.400000000000   0.004181427712
-19.380000000000   0.004190450223
-19.360000000000   0.004199820197
-19.340000000000   0.004209296153
-19.320000000000   0.004218633546
-19.300000000000   0.004227645056
-19.280000000000   0.004236288563
-19.260000000000   0.004244758154
-19.240000000000   0.004253421382
-19.220000000000   0.004262582952
-19.200000000000   0.004272267732
-19.180000000000   0.004282211230
-19.160000000000   0.004292051675
-19.140000000000   0.004301556163
-19.120000000000   0.004310722344
-19.100000000000   0.004319722964
-19.080000000000   0.004328823910
-19.060000000000   0.004338343996
-19.040000000000   0.004348540111
-19.020000000000   0.004359442535
-19.000000000000   0.004370828797
-18.980000000000   0.004382350414
-18.960000000000   0.004393660950
-18.940000000000   0.004404448167
-18.920000000000   0.004414429802
-18.900000000000   0.004423426145
-18.880000000000   0.004431485558
-18.860000000000   0.004438922230
-18.840000000000   0.004446171480
-18.820000000000   0.004453552759
-18.800000000000   0.004461156407
-18.780000000000   0.004468943784
-18.760000000000   0.004476905622
-18.740000000000   0.004485099217
-18.720000000000   0.004493622030
-18.700000000000   0.004502633630
-18.680000000000   0.004512323612
-18.660000000000   0.004522786875
-18.640000000000   0.004533955880
-18.620000000000   0.004545626898
-18.600000000000   0.004557506293
-18.580000000000   0.004569301951
-18.560000000000   0.004580852166
-18.540000000000   0.004592162121
-18.520000000000   0.004603318030
-18.500000000000   0.004614378034
-18.480000000000   0.004625325428
-18.460000000000   0.004636075119
-18.440000000000   0.004646511795
-18.420000000000   0.004656590596
-18.400000000000   0.004666429606
-18.380000000000   0.004676252690
-18.360000000000   0.004686229981
-18.340000000000   0.004696406645
-18.320000000000   0.004706761729
-18.300000000000   0.004717269547
-18.280000000000   0.004727907067
-18.260000000000   0.004738693496
-18.240000000000   0.004749743961
-18.220000000000   0.004761196070
-18.200000000000   0.004773029678
-18.180000000000   0.004784993799
-18.160000000000   0.004796779787
-18.140000000000   0.004808272588
-18.120000000000   0.004819613243
-18.100000000000   0.004831062134
-18.080000000000   0.004842826010
-18.060000000000   0.004854957697
-18.040000000000   0.004867331953
-18.020000000000   0.004879666605
-18.000000000000   0.004891631198
-17.980000000000   0.004903038967
-17.960000000000   0.004913927346
-17.940000000000   0.004924441868
-17.920000000000   0.004934722818
-17.900000000000   0.004944905648
-17.880000000000   0.004955127124
-17.860000000000   0.004965519275
-17.840000000000   0.004976236083
-17.820000000000   0.004987436571
-17.800000000000   0.004999194226
-17.780000000000   0.005011449472
-17.760000000000   0.005024056930
-17.740000000000   0.005036862743
-17.720000000000   0.005049779798
-17.700000000000   0.005062831464
-17.680000000000   0.005076121987
-17.660000000000   0.005089759780
-17.640000000000   0.005103766486
-17.620000000000   0.005118005945
-17.600000000000   0.005132226633
-17.580000000000   0.005146197012
-17.560000000000   0.005159779198
-17.540000000000   0.005172919244
-17.520000000000   0.005185679870
-17.500000000000   0.005198309662
-17.480000000000   0.005211177000
-17.460000000000   0.005224538045
-17.440000000000   0.005238360611
-17.420000000000   0.005252388128
-17.400000000000   0.005266351389
-17.380000000000   0.005280103355
-17.360000000000   0.005293587596
-17.340000000000   0.005306777744
-17.320000000000   0.005319708003
-17.300000000000   0.005332495028
-17.280000000000   0.005345274430
-17.260000000000   0.005358162439
-17.240000000000   0.005371290181
-17.220000000000   0.005384769821
-17.200000000000   0.005398579597
-17.180000000000   0.005412546294
-17.160000000000   0.005426480316
-17.140000000000   0.005440329961
-17.120000000000   0.005454191975
-17.100000000000   0.005468158020
-17.080000000000   0.005482188653
-17.060000000000   0.005496178140
-17.040000000000   0.005510119125
-17.020000000000   0.005524163278
-17.000000000000   0.005538515140
-16.980000000000   0.005553274047
-16.960000000000   0.005568388193
-16.940000000000   0.005583782165
-16.920000000000   0.005599496718
-16.900000000000   0.005615631590
-16.880000000000   0.005632163648
-16.860000000000   0.005648891596
-16.840000000000   0.005665543090
-16.820000000000   0.005681916081
-16.800000000000   0.005697957142
-16.780000000000   0.005713718600
-16.760000000000   0.005729237703
-16.740000000000   0.005744478879
-16.720000000000   0.005759409710
-16.700000000000   0.005774076411
-16.680000000000   0.005788544347
-16.660000000000   0.005802804694
-16.640000000000   0.005816797584
-16.620000000000   0.005830513465
-16.600000000000   0.005844096071
-16.580000000000   0.005857894574
-16.560000000000   0.005872323696
-16.540000000000   0.005887570589
-16.520000000000   0.005903478514
-16.500000000000   0.005919732393
-16.480000000000   0.005936084759
-16.460000000000   0.005952438436
-16.440000000000   0.005968801129
-16.420000000000   0.005985187061
-16.400000000000   0.006001586413
-16.380000000000   0.006018022027
-16.360000000000   0.006034605242
-16.340000000000   0.006051553919
-16.320000000000   0.006069140349
-16.300000000000   0.006087554465
-16.280000000000   0.006106819972
-16.260000000000   0.006126831031
-16.240000000000   0.006147395903
-16.220000000000   0.006168245461
-16.200000000000   0.006189059554
-16.180000000000   0.006209544878
-16.160000000000   0.006229538024
-16.140000000000   0.006249040029
-16.120000000000   0.006268143377
-16.100000000000   0.006286954927
-16.080000000000   0.006305587392
-16.060000000000   0.006324162351
-16.040000000000   0.006342799006
-16.020000000000   0.006361639759
-16.000000000000   0.006380864863
-15.980000000000   0.006400608753
-15.960000000000   0.006420857331
-15.940000000000   0.006441400964
-15.920000000000   0.006461845419
-15.900000000000   0.006481790061
-15.880000000000   0.006501098153
-15.860000000000   0.006519940379
-15.840000000000   0.006538568095
-15.820000000000   0.006557098509
-15.800000000000   0.006575491026
-15.780000000000   0.006593614427
-15.760000000000   0.006611319564
-15.740000000000   0.006628581728
-15.720000000000   0.006645651686
-15.700000000000   0.006663016871
-15.680000000000   0.006681157286
-15.660000000000   0.006700319759
-15.640000000000   0.006720484425
-15.620000000000   0.006741439161
-15.600000000000   0.006762830041
-15.580000000000   0.006784235756
-15.560000000000   0.006805316464
-15.540000000000   0.006825946248
-15.520000000000   0.006846209718
-15.500000000000   0.006866274313
-15.480000000000   0.006886303624
-15.460000000000   0.006906491630
-15.440000000000   0.006927084990
-15.420000000000   0.006948305401
-15.400000000000   0.006970253145
-15.380000000000   0.006992844235
-15.360000000000   0.007015776759
-15.340000000000   0.007038638635
-15.320000000000   0.007061180800
-15.300000000000   0.007083474367
-15.280000000000   0.007105730421
-15.260000000000   0.007127994236
-15.240000000000   0.007150109394
-15.220000000000   0.007171964953
-15.200000000000   0.007193666338
-15.180000000000   0.007215471409
-15.160000000000   0.007237634202
-15.140000000000   0.007260285341
-15.120000000000   0.007283422048
-15.100000000000   0.007307006618
-15.080000000000   0.007331041301
-15.060000000000   0.007355538172
-15.040000000000   0.007380465447
-15.020000000000   0.007405759507
-15.000000000000   0.007431382289
-14.980000000000   0.007457362749
-14.960000000000   0.007483782637
-14.940000000000   0.007510683429
-14.920000000000   0.007537955368
-14.900000000000   0.007565338393
-14.880000000000   0.007592539729
-14.860000000000   0.007619318064
-14.840000000000   0.007645508324
-14.820000000000   0.007671056437
-14.800000000000   0.007696008259
-14.780000000000   0.007720451015
-14.760000000000   0.007744504155
-14.740000000000   0.007768355220
-14.720000000000   0.007792239529
-14.700000000000   0.007816323665
-14.680000000000   0.007840635768
-14.660000000000   0.007865196092
-14.640000000000   0.007890208177
-14.620000000000   0.007916057663
-14.600000000000   0.007943116189
-14.580000000000   0.007971527000
-14.560000000000   0.008001080485
-14.540000000000   0.008031238521
-14.520000000000   0.008061364784
-14.500000000000   0.008091066451
-14.480000000000   0.008120357257
-14.460000000000   0.008149493020
-14.440000000000   0.008178716092
-14.420000000000   0.008208163828
-14.400000000000   0.008237904096
-14.380000000000   0.008267957753
-14.360000000000   0.008298285070
-14.340000000000   0.008328807703
-14.320000000000   0.008359433152
-14.300000000000   0.008389954770
-14.280000000000   0.008420006631
-14.260000000000   0.008449307423
-14.240000000000   0.008477956096
-14.220000000000   0.008506455737
-14.200000000000   0.008535493666
-14.180000000000   0.008565634147
-14.160000000000   0.008597017323
-14.140000000000   0.008629241892
-14.120000000000   0.008661647535
-14.100000000000   0.008693803987
-14.080000000000   0.008725700241
-14.060000000000   0.008757565216
-14.040000000000   0.008789606671
-14.020000000000   0.008821810986
-14.000000000000   0.008853912459
-13.980000000000   0.008885577324
-13.960000000000   0.008916651576
-13.940000000000   0.008947267746
-13.920000000000   0.008977721335
-13.900000000000   0.009008250113
-13.880000000000   0.009038976283
-13.860000000000   0.009070094461
-13.840000000000   0.009102048919
-13.820000000000   0.009135428502
-13.800000000000   0.009170636842
-13.780000000000   0.009207591139
-13.760000000000   0.009245678531
-13.740000000000   0.009284011141
-13.720000000000   0.009321812608
-13.700000000000   0.009358690440
-13.680000000000   0.009394634028
-13.660000000000   0.009429828000
-13.640000000000   0.009464522922
-13.620000000000   0.009499029763
-13.600000000000   0.009533694782
-13.580000000000   0.009568801299
-13.560000000000   0.009604483244
-13.540000000000   0.009640744557
-13.520000000000   0.009677567177
-13.500000000000   0.009714977296
-13.480000000000   0.009752981256
-13.460000000000   0.009791426505
-13.440000000000   0.009829949402
-13.420000000000   0.009868107308
-13.400000000000   0.009905659298
-13.380000000000   0.009942844550
-13.360000000000   0.009980359994
-13.340000000000   0.010018904547
-13.320000000000   0.010058671859
-13.300000000000   0.010099294707
-13.280000000000   0.010140247218
-13.260000000000   0.010181223033
-13.240000000000   0.010222191824
-13.220000000000   0.010263265081
-13.200000000000   0.010304548197
-13.180000000000   0.010346057747
-13.160000000000   0.010387703422
-13.140000000000   0.010429287919
-13.120000000000   0.010470540660
-13.100000000000   0.010511247910
-13.080000000000   0.010551441780
-13.060000000000   0.010591485946
-13.040000000000   0.010631980557
-13.020000000000   0.010673576487
-13.000000000000   0.010716789998
-12.980000000000   0.010761814336
-12.960000000000   0.010808371432
-12.940000000000   0.010855754896
-12.920000000000   0.010903129940
-12.900000000000   0.010949903123
-12.880000000000   0.010995913472
-12.860000000000   0.011041393670
-12.840000000000   0.011086767858
-12.820000000000   0.011132362200
-12.800000000000   0.011178221743
-12.780000000000   0.011224242641
-12.760000000000   0.011270467263
-12.740000000000   0.011317162211
-12.720000000000   0.011364586073
-12.700000000000   0.011412751277
-12.680000000000   0.011461421314
-12.660000000000   0.011510239856
-12.640000000000   0.011558903558
-12.620000000000   0.011607369986
-12.600000000000   0.011655894563
-12.580000000000   0.011704800238
-12.560000000000   0.011754210160
-12.540000000000   0.011803931235
-12.520000000000   0.011853528278
-12.500000000000   0.011902562874
-12.480000000000   0.011950845774
-12.460000000000   0.011998549495
-12.440000000000   0.012046181049
-12.420000000000   0.012094452701
-12.400000000000   0.012143995969
-12.380000000000   0.012195014353
-12.360000000000   0.012247197509
-12.340000000000   0.012300000219
-12.320000000000   0.012352993085
-12.300000000000   0.012405980521
-12.280000000000   0.012458888557
-12.260000000000   0.012511678673
-12.240000000000   0.012564426492
-12.220000000000   0.012617363962
-12.200000000000   0.012670732681
-12.180000000000   0.012724622745
-12.160000000000   0.012778968726
-12.140000000000   0.012833636378
-12.120000000000   0.012888485801
-12.100000000000   0.012943358999
-12.080000000000   0.012998017606
-12.060000000000   0.013052195471
-12.040000000000   0.013105839280
-12.020000000000   0.013159257996
-12.000000000000   0.013212965587
-11.980000000000   0.013267409923
-11.960000000000   0.013322791370
-11.940000000000   0.013379023813
-11.920000000000   0.013435949465
-11.900000000000   0.013493727236
-11.880000000000   0.013552903288
-11.860000000000   0.013613963031
-11.840000000000   0.013676882382
-11.820000000000   0.013741156848
-11.800000000000   0.013806176400
-11.780000000000   0.013871497522
-11.760000000000   0.013936887559
-11.740000000000   0.014002364399
-11.720000000000   0.014068204068
-11.700000000000   0.014134704313
-11.680000000000   0.014201825489
-11.660000000000   0.014269053858
-11.640000000000   0.014335656614
-11.620000000000   0.014401059210
-11.600000000000   0.014465047260
-11.580000000000   0.014527801298
-11.560000000000   0.014589819385
-11.540000000000   0.014651788202
-11.520000000000   0.014714383514
-11.500000000000   0.014778073361
-11.480000000000   0.014843146963
-11.460000000000   0.014909853060
-11.440000000000   0.014978295292
-11.420000000000   0.015048181167
-11.400000000000   0.015118863796
-11.380000000000   0.015189665529
-11.360000000000   0.015260128094
-11.340000000000   0.015330107699
-11.320000000000   0.015399771723
-11.300000000000   0.015469486841
-11.280000000000   0.015539693063
-11.260000000000   0.015610799172
-11.240000000000   0.015682992735
-11.220000000000   0.015756137099
-11.200000000000   0.015829946319
-11.180000000000   0.015904157607
-11.160000000000   0.015978508597
-11.140000000000   0.016052645304
-11.120000000000   0.016126173780
-11.100000000000   0.016198952434
-11.080000000000   0.016271366558
-11.060000000000   0.016344237294
-11.040000000000   0.016418386406
-11.020000000000   0.016494195120
-11.000000000000   0.016571450347
-10.980000000000   0.016649552991
-10.960000000000   0.016727955516
-10.940000000000   0.016806514333
-10.920000000000   0.016885509024
-10.900000000000   0.016965412901
-10.880000000000   0.017046613681
-10.860000000000   0.017129138885
-10.840000000000   0.017212488344
-10.820000000000   0.017295805305
-10.800000000000   0.017378341769
-10.780000000000   0.017459786112
-10.760000000000   0.017540226784
-10.740000000000   0.017620032037
-10.720000000000   0.017699813816
-10.700000000000   0.017780244183
-10.680000000000   0.017861744666
-10.660000000000   0.017944427872
-10.640000000000   0.018028295247
-10.620000000000   0.018113281573
-10.600000000000   0.018199150267
-10.580000000000   0.018285531465
-10.560000000000   0.018372105990
-10.540000000000   0.018458799719
-10.520000000000   0.018545880822
-10.500000000000   0.018633824180
-10.480000000000   0.018722953403
-10.460000000000   0.018813193280
-10.440000000000   0.018904158742
-10.420000000000   0.018995346900
-10.400000000000   0.019086255116
-10.380000000000   0.019176543618
-10.360000000000   0.019266159057
-10.340000000000   0.019355298137
-10.320000000000   0.019444373151
-10.300000000000   0.019534064453
-10.280000000000   0.019625210932
-10.260000000000   0.019718445170
-10.240000000000   0.019813887315
-10.220000000000   0.019911109069
-10.200000000000   0.020009308466
-10.180000000000   0.020107607364
-10.160000000000   0.020205422453
-10.140000000000   0.020302788628
-10.120000000000   0.020400377940
-10.100000000000   0.020499078377
-10.080000000000   0.020599388409
-10.060000000000   0.020701054295
-10.040000000000   0.020803217741
-10.020000000000   0.020904950721
-10.000000000000   0.021005703630
 -9.980000000000   0.021105488196
 -9.960000000000   0.021204827391
 -9.940000000000   0.021304377269
 -9.920000000000   0.021404481008
 -9.900000000000   0.021505058410
 -9.880000000000   0.021605811228
 -9.860000000000   0.021706569232
 -9.840000000000   0.021807647627
 -9.820000000000   0.021909855638
 -9.800000000000   0.022013926773
 -9.780000000000   0.022119882282
 -9.760000000000   0.022227003243
 -9.740000000000   0.022334272445
 -9.720000000000   0.022440767975
 -9.700000000000   0.022545965344
 -9.680000000000   0.022649924732
 -9.660000000000   0.022753148277
 -9.640000000000   0.022856288612
 -9.620000000000   0.022960002548
 -9.600000000000   0.023064872330
 -9.580000000000   0.023171353264
 -9.560000000000   0.023279774687
 -9.540000000000   0.023390267357
 -9.520000000000   0.023502642298
 -9.500000000000   0.023616369544
 -9.480000000000   0.023730690175
 -9.460000000000   0.023844795359
 -9.440000000000   0.023958006555
 -9.420000000000   0.024069923555
 -9.400000000000   0.024180523878
 -9.380000000000   0.024290231390
 -9.360000000000   0.024399861888
 -9.340000000000   0.024510299235
 -9.320000000000   0.024622124647
 -9.300000000000   0.024735519828
 -9.280000000000   0.024850352060
 -9.260000000000   0.024966325432
 -9.240000000000   0.025083225757
 -9.220000000000   0.025201183342
 -9.200000000000   0.025320683448
 -9.180000000000   0.025442082407
 -9.160000000000   0.025565084771
 -9.140000000000   0.025688889922
 -9.120000000000   0.025812811447
 -9.100000000000   0.025936621630
 -9.080000000000   0.026060385169
 -9.060000000000   0.026184148880
 -9.040000000000   0.026307821323
 -9.020000000000   0.026431155783
 -9.000000000000   0.026553665253
 -8.980000000000   0.026674729595
 -8.960000000000   0.026794130272
 -8.940000000000   0.026912487282
 -8.920000000000   0.027030897487
 -8.900000000000   0.027150064651
 -8.880000000000   0.027269952591
 -8.860000000000   0.027390230033
 -8.840000000000   0.027510805207
 -8.820000000000   0.027632001630
 -8.800000000000   0.027754445460
 -8.780000000000   0.027878831079
 -8.760000000000   0.028005667235
 -8.740000000000   0.028135020559
 -8.720000000000   0.028266386134
 -8.700000000000   0.028398844675
 -8.680000000000   0.028531421463
 -8.660000000000   0.028663369371
 -8.640000000000   0.028794167304
 -8.620000000000   0.028923504880
 -8.600000000000   0.029051560256
 -8.580000000000   0.029179145180
 -8.560000000000   0.029307268522
 -8.540000000000   0.029436473089
 -8.520000000000   0.029566630769
 -8.500000000000   0.029697244214
 -8.480000000000   0.029827699497
 -8.460000000000   0.029957370920
 -8.440000000000   0.030085876332
 -8.420000000000   0.030213278028
 -8.400000000000   0.030339868534
 -8.380000000000   0.030465867233
 -8.360000000000   0.030591501295
 -8.340000000000   0.030717212913
 -8.320000000000   0.030843596584
 -8.300000000000   0.030971110130
 -8.280000000000   0.031099692094
 -8.260000000000   0.031228675037
 -8.240000000000   0.031357343898
 -8.220000000000   0.031485560321
 -8.200000000000   0.031613731520
 -8.180000000000   0.031742350353
 -8.160000000000   0.031871692489
 -8.140000000000   0.032001749612
 -8.120000000000   0.032132263280
 -8.100000000000   0.032262853194
 -8.080000000000   0.032393206486
 -8.060000000000   0.032523144548
 -8.040000000000   0.032652458938
 -8.020000000000   0.032780881905
 -8.000000000000   0.032908374960
 -7.980000000000   0.033035306737
 -7.960000000000   0.033162311961
 -7.940000000000   0.033289958497
 -7.920000000000   0.033418399170
 -7.900000000000   0.033547310937
 -7.880000000000   0.033676235296
 -7.860000000000   0.033805035819
 -7.840000000000   0.033934008271
 -7.820000000000   0.034063526006
 -7.800000000000   0.034193859741
 -7.780000000000   0.034325523386
 -7.760000000000   0.034459319698
 -7.740000000000   0.034595540943
 -7.720000000000   0.034733319037
 -7.700000000000   0.034871142952
 -7.680000000000   0.035007930529
 -7.660000000000   0.035143342112
 -7.640000000000   0.035277251020
 -7.620000000000   0.035409477784
 -7.600000000000   0.035540066954
 -7.580000000000   0.035669446397
 -7.560000000000   0.035798381188
 -7.540000000000   0.035927933093
 -7.520000000000   0.036059121495
 -7.500000000000   0.036192256886
 -7.480000000000   0.036326570727
 -7.460000000000   0.036460425698
 -7.440000000000   0.036592015784
 -7.420000000000   0.036720404821
 -7.400000000000   0.036846206718
 -7.380000000000   0.036971118485
 -7.360000000000   0.037096605337
 -7.340000000000   0.037222958589
 -7.320000000000   0.037349499207
 -7.300000000000   0.037475542048
 -7.280000000000   0.037601227550
 -7.260000000000   0.037727523087
 -7.240000000000   0.037855249611
 -7.220000000000   0.037984132275
 -7.200000000000   0.038113177650
 -7.180000000000   0.038242008982
 -7.160000000000   0.038371473838
 -7.140000000000   0.038502794437
 -7.120000000000   0.038636189927
 -7.100000000000   0.038770393180
 -7.080000000000   0.038903422469
 -7.060000000000   0.039033659402
 -7.040000000000   0.039160300327
 -7.020000000000   0.039283293560
 -7.000000000000   0.039403236020
 -6.980000000000   0.039521123882
 -6.960000000000   0.039637925870
 -6.940000000000   0.039754351227
 -6.920000000000   0.039870961675
 -6.900000000000   0.039988420457
 -6.880000000000   0.040107466208
 -6.860000000000   0.040228521299
 -6.840000000000   0.040351500373
 -6.820000000000   0.040475982919
 -6.800000000000   0.040601423231
 -6.780000000000   0.040727463739
 -6.760000000000   0.040854300761
 -6.740000000000   0.040982536055
 -6.720000000000   0.041112355459
 -6.700000000000   0.041242962565
 -6.680000000000   0.041373021050
 -6.660000000000   0.041501413448
 -6.640000000000   0.041627373856
 -6.620000000000   0.041750212342
 -6.600000000000   0.041869498083
 -6.580000000000   0.041985854634
 -6.560000000000   0.042101277478
 -6.540000000000   0.042218059448
 -6.520000000000   0.042337110197
 -6.500000000000   0.042457291527
 -6.480000000000   0.042576294931
 -6.460000000000   0.042692223883
 -6.440000000000   0.042804687211
 -6.420000000000   0.042914600063
 -6.400000000000   0.043023136374
 -6.380000000000   0.043131092858
 -6.360000000000   0.043239046530
 -6.340000000000   0.043347706874
 -6.320000000000   0.043457923644
 -6.300000000000   0.043570441675
 -6.280000000000   0.043685728123
 -6.260000000000   0.043803867985
 -6.240000000000   0.043924553960
 -6.220000000000   0.044047283391
 -6.200000000000   0.044171372197
 -6.180000000000   0.044295677374
 -6.160000000000   0.044418702057
 -6.140000000000   0.044539261368
 -6.120000000000   0.044657082058
 -6.100000000000   0.044772853100
 -6.080000000000   0.044887887012
 -6.060000000000   0.045003815635
 -6.040000000000   0.045122067272
 -6.020000000000   0.045242750829
 -6.000000000000   0.045364100865
 -5.980000000000   0.045483900587
 -5.960000000000   0.045601526994
 -5.940000000000   0.045718158886
 -5.920000000000   0.045835443727
 -5.900000000000   0.045954534887
 -5.880000000000   0.046075856370
 -5.860000000000   0.046198976189
 -5.840000000000   0.046322615063
 -5.820000000000   0.046445097320
 -5.800000000000   0.046565227129
 -5.780000000000   0.046682953785
 -5.760000000000   0.046799134431
 -5.740000000000   0.046914721637
 -5.720000000000   0.047030241919
 -5.700000000000   0.047145948232
 -5.680000000000   0.047262168659
 -5.660000000000   0.047379102821
 -5.640000000000   0.047496349395
 -5.620000000000   0.047613096496
 -5.600000000000   0.047728999122
 -5.580000000000   0.047844815990
 -5.560000000000   0.047962114127
 -5.540000000000   0.048082441864
 -5.520000000000   0.048206802274
 -5.500000000000   0.048335686213
 -5.480000000000   0.048469176380
 -5.460000000000   0.048606576348
 -5.440000000000   0.048746084718
 -5.420000000000   0.048885608954
 -5.400000000000   0.049024191004
 -5.380000000000   0.049162387066
 -5.360000000000   0.049301435411
 -5.340000000000   0.049442287042
 -5.320000000000   0.049584884896
 -5.300000000000   0.049727779531
 -5.280000000000   0.049868626064
 -5.260000000000   0.050005334157
 -5.240000000000   0.050136900980
 -5.220000000000   0.050263789602
 -5.200000000000   0.050388052161
 -5.180000000000   0.050512900189
 -5.160000000000   0.050641519096
 -5.140000000000   0.050775662902
 -5.120000000000   0.050915229501
 -5.100000000000   0.051059102222
 -5.080000000000   0.051205945277
 -5.060000000000   0.051354225506
 -5.040000000000   0.051502281208
 -5.020000000000   0.051648893010
 -5.000000000000   0.051793599278
 -4.980000000000   0.051936525578
 -4.960000000000   0.052078340726
 -4.940000000000   0.052220186161
 -4.920000000000   0.052363123657
 -4.900000000000   0.052507556920
 -4.880000000000   0.052653282381
 -4.860000000000   0.052799913748
 -4.840000000000   0.052947261844
 -4.820000000000   0.053095751051
 -4.800000000000   0.053246638657
 -4.780000000000   0.053401582515
 -4.760000000000   0.053561934744
 -4.740000000000   0.053728218050
 -4.720000000000   0.053899888711
 -4.700000000000   0.054075587731
 -4.680000000000   0.054253689072
 -4.660000000000   0.054432779599
 -4.640000000000   0.054611951509
 -4.620000000000   0.054790758136
 -4.600000000000   0.054968795315
 -4.580000000000   0.055145403324
 -4.560000000000   0.055320142388
 -4.540000000000   0.055493492765
 -4.520000000000   0.055666449082
 -4.500000000000   0.055839405130
 -4.480000000000   0.056011893687
 -4.460000000000   0.056183254677
 -4.440000000000   0.056353149142
 -4.420000000000   0.056521650188
 -4.400000000000   0.056689121345
 -4.380000000000   0.056855771225
 -4.360000000000   0.057021397933
 -4.340000000000   0.057185979734
 -4.320000000000   0.057350515086
 -4.300000000000   0.057517226814
 -4.280000000000   0.057688862566
 -4.260000000000   0.057867328610
 -4.240000000000   0.058052593745
 -4.220000000000   0.058242808936
 -4.200000000000   0.058435440974
 -4.180000000000   0.058628379100
 -4.160000000000   0.058820388759
 -4.140000000000   0.059011012674
 -4.120000000000   0.059200151245
 -4.100000000000   0.059387514457
 -4.080000000000   0.059572321172
 -4.060000000000   0.059753564671
 -4.040000000000   0.059930691320
 -4.020000000000   0.060104006624
 -4.000000000000   0.060274305746
 -3.980000000000   0.060442149010
 -3.960000000000   0.060607600774
 -3.940000000000   0.060770547173
 -3.920000000000   0.060931010014
 -3.900000000000   0.061089044463
 -3.880000000000   0.061244524232
 -3.860000000000   0.061397330015
 -3.840000000000   0.061547521112
 -3.820000000000   0.061694928549
 -3.800000000000   0.061838796508
 -3.780000000000   0.061978050856
 -3.760000000000   0.062111792887
 -3.740000000000   0.062239739449
 -3.720000000000   0.062362465071
 -3.700000000000   0.062480974804
 -3.680000000000   0.062595659849
 -3.660000000000   0.062705514566
 -3.640000000000   0.062808487549
 -3.620000000000   0.062902629144
 -3.600000000000   0.062986911104
 -3.580000000000   0.063061410815
 -3.560000000000   0.063127191301
 -3.540000000000   0.063185676599
 -3.520000000000   0.063237401424
 -3.500000000000   0.063281240906
 -3.480000000000   0.063315016071
 -3.460000000000   0.063336802174
 -3.440000000000   0.063345850001
 -3.420000000000   0.063342664527
 -3.400000000000   0.063328371506
 -3.380000000000   0.063303712484
 -3.360000000000   0.063268308394
 -3.340000000000   0.063220852138
 -3.320000000000   0.063159968598
 -3.300000000000   0.063084960125
 -3.280000000000   0.062995979244
 -3.260000000000   0.062893577073
 -3.240000000000   0.062778039373
 -3.220000000000   0.062649194984
 -3.200000000000   0.062507080040
 -3.180000000000   0.062352678558
 -3.160000000000   0.062187540527
 -3.140000000000   0.062012625913
 -3.120000000000   0.061827812070
 -3.100000000000   0.061632533034
 -3.080000000000   0.061426493880
 -3.060000000000   0.061209550224
 -3.040000000000   0.060981252029
 -3.020000000000   0.060740769247
 -3.000000000000   0.060487207544
 -2.980000000000   0.060220039348
 -2.960000000000   0.059939273835
 -2.940000000000   0.059645348956
 -2.920000000000   0.059338858723
 -2.900000000000   0.059019945919
 -2.880000000000   0.058687984864
 -2.860000000000   0.058342366016
 -2.840000000000   0.057983442880
 -2.820000000000   0.057612405235
 -2.800000000000   0.057230561695
 -2.780000000000   0.056839026219
 -2.760000000000   0.056438851831
 -2.740000000000   0.056031479464
 -2.720000000000   0.055619133676
 -2.700000000000   0.055204184461
 -2.680000000000   0.054787878360
 -2.660000000000   0.054369862144
 -2.640000000000   0.053948599220
 -2.620000000000   0.053522199515
 -2.600000000000   0.053089495456
 -2.580000000000   0.052650770064
 -2.560000000000   0.052207477654
 -2.540000000000   0.051761527735
 -2.520000000000   0.051315093630
 -2.500000000000   0.050870799915
 -2.480000000000   0.050431597666
 -2.460000000000   0.049999830873
 -2.440000000000   0.049575885443
 -2.420000000000   0.049158025360
 -2.400000000000   0.048744105359
 -2.380000000000   0.048333498298
 -2.360000000000   0.047927430710
 -2.340000000000   0.047528122343
 -2.320000000000   0.047138134783
 -2.300000000000   0.046759997073
 -2.280000000000   0.046395509432
 -2.260000000000   0.046045249829
 -2.240000000000   0.045708949155
 -2.220000000000   0.045386392097
 -2.200000000000   0.045078082929
 -2.180000000000   0.044785233122
 -2.160000000000   0.044509462585
 -2.140000000000   0.044252536506
 -2.120000000000   0.044015727264
 -2.100000000000   0.043799170127
 -2.080000000000   0.043602220475
 -2.060000000000   0.043424460816
 -2.040000000000   0.043266100986
 -2.020000000000   0.043127707322
 -2.000000000000   0.043010045971
 -1.980000000000   0.042914255103
 -1.960000000000   0.042842006666
 -1.940000000000   0.042795245905
 -1.920000000000   0.042775675748
 -1.900000000000   0.042784523734
 -1.880000000000   0.042822811470
 -1.860000000000   0.042891936670
 -1.840000000000   0.042993934070
 -1.820000000000   0.043131097826
 -1.800000000000   0.043305592101
 -1.780000000000   0.043519639475
 -1.760000000000   0.043775903792
 -1.740000000000   0.044077356641
 -1.720000000000   0.044426504669
 -1.700000000000   0.044824533893
 -1.680000000000   0.045271346704
 -1.660000000000   0.045766801099
 -1.640000000000   0.046312028213
 -1.620000000000   0.046909703011
 -1.600000000000   0.047563406102
 -1.580000000000   0.048276734741
 -1.560000000000   0.049052942889
 -1.540000000000   0.049895557040
 -1.520000000000   0.050809159860
 -1.500000000000   0.051799664627
 -1.480000000000   0.052874565060
 -1.460000000000   0.054043105590
 -1.440000000000   0.055315853136
 -1.420000000000   0.056704114095
 -1.400000000000   0.058219793404
 -1.380000000000   0.059875620281
 -1.360000000000   0.061685484970
 -1.340000000000   0.063664539375
 -1.320000000000   0.065829157691
 -1.300000000000   0.068197491789
 -1.280000000000   0.070790271108
 -1.260000000000   0.073631011705
 -1.240000000000   0.076746261029
 -1.220000000000   0.080166518220
 -1.200000000000   0.083927305639
 -1.180000000000   0.088070099800
 -1.160000000000   0.092643362188
 -1.140000000000   0.097703589356
 -1.120000000000   0.103316383073
 -1.100000000000   0.109557820779
 -1.080000000000   0.116515764437
 -1.060000000000   0.124290260468
 -1.040000000000   0.132993122533
 -1.020000000000   0.142747852617
 -1.000000000000   0.153690458630
 -0.980000000000   0.165969636816
 -0.960000000000   0.179743766819
 -0.940000000000   0.195173186544
 -0.920000000000   0.212407248581
 -0.900000000000   0.231565268236
 -0.880000000000   0.252709058545
 -0.860000000000   0.275802322041
 -0.840000000000   0.300652444763
 -0.820000000000   0.326838380820
 -0.800000000000   0.353638511850
 -0.780000000000   0.379978003829
 -0.760000000000   0.404422677201
 -0.740000000000   0.425254083543
 -0.720000000000   0.440654306775
 -0.700000000000   0.448998428362
 -0.680000000000   0.449194140798
 -0.660000000000   0.440953278898
 -0.640000000000   0.424888270959
 -0.620000000000   0.402396143312
 -0.600000000000   0.375371392546
 -0.580000000000   0.345847396043
 -0.560000000000   0.315680436664
 -0.540000000000   0.286351086387
 -0.520000000000   0.258895604300
 -0.500000000000   0.233935276255
 -0.480000000000   0.211758559484
 -0.460000000000   0.192419077524
 -0.440000000000   0.175825901872
 -0.420000000000   0.161814713881
 -0.400000000000   0.150197869148
 -0.380000000000   0.140797432084
 -0.360000000000   0.133466872487
 -0.340000000000   0.128105533372
 -0.320000000000   0.124668890192
 -0.300000000000   0.123177092486
 -0.280000000000   0.123723983259
 -0.260000000000   0.126488710476
 -0.240000000000   0.131751163567
 -0.220000000000   0.139909810042
 -0.200000000000   0.151494376318
 -0.180000000000   0.167153962228
 -0.160000000000   0.187578107790
 -0.140000000000   0.213266935001
 -0.120000000000   0.244021243384
 -0.100000000000   0.278076978039
 -0.080000000000   0.311225025268
 -0.060000000000   0.337164152634
 -0.040000000000   0.350499597193
 -0.020000000000   0.350898155813
  0.000000000000   0.343642538239
  0.020000000000   0.335322851348
  0.040000000000   0.329334312116
  0.060000000000   0.324879431376
  0.080000000000   0.319027242809
  0.100000000000   0.309512342652
  0.120000000000   0.296127540962
  0.140000000000   0.280247784857
  0.160000000000   0.263640485196
  0.180000000000   0.247638352292
  0.200000000000   0.232876045614
  0.220000000000   0.219361597804
  0.240000000000   0.206675654225
  0.260000000000   0.194208795997
  0.280000000000   0.181403086713
  0.300000000000   0.167953002882
  0.320000000000   0.153901162235
  0.340000000000   0.139593391114
  0.360000000000   0.125529338948
  0.380000000000   0.112194656058
  0.400000000000   0.099947204216
  0.420000000000   0.088978946570
  0.440000000000   0.079334647536
  0.460000000000   0.070955944533
  0.480000000000   0.063726429455
  0.500000000000   0.057506066974
  0.520000000000   0.052153028676
  0.540000000000   0.047535789855
  0.560000000000   0.043538823129
  0.580000000000   0.040064043266
  0.600000000000   0.037029551377
  0.620000000000   0.034367253052
  0.640000000000   0.032020607629
  0.660000000000   0.029942792767
  0.680000000000   0.028094986629
  0.700000000000   0.026444796180
  0.720000000000   0.024965047189
  0.740000000000   0.023632939589
  0.760000000000   0.022429475908
  0.780000000000   0.021338963135
  0.800000000000   0.020348408332
  0.820000000000   0.019446823737
  0.840000000000   0.018624643056
  0.860000000000   0.017873535934
  0.880000000000   0.017186506884
  0.900000000000   0.016557808916
  0.920000000000   0.015982556620
  0.940000000000   0.015456322885
  0.960000000000   0.014974967219
  0.980000000000   0.014534734650
  1.000000000000   0.014132419767
  1.020000000000   0.013765384744
  1.040000000000   0.013431433802
  1.060000000000   0.013128635543
  1.080000000000   0.012855170346
  1.100000000000   0.012609275269
  1.120000000000   0.012389346213
  1.140000000000   0.012194088844
  1.160000000000   0.012022535301
  1.180000000000   0.011874020909
  1.200000000000   0.011748236075
  1.220000000000   0.011645197368
  1.240000000000   0.011565039297
  1.260000000000   0.011507779422
  1.280000000000   0.011473310306
  1.300000000000   0.011461627984
  1.320000000000   0.011473000009
  1.340000000000   0.011507950974
  1.360000000000   0.011567238316
  1.380000000000   0.011651840853
  1.400000000000   0.011762810046
  1.420000000000   0.011901046947
  1.440000000000   0.012067286507
  1.460000000000   0.012262387431
  1.480000000000   0.012487564310
  1.500000000000   0.012744234850
  1.520000000000   0.013033735497
  1.540000000000   0.013357165344
  1.560000000000   0.013715277633
  1.580000000000   0.014108447668
  1.600000000000   0.014536932820
  1.620000000000   0.015001335478
  1.640000000000   0.015502726652
  1.660000000000   0.016042181177
  1.680000000000   0.016620167830
  1.700000000000   0.017236384642
  1.720000000000   0.017890027872
  1.740000000000   0.018579994672
  1.760000000000   0.019304848571
  1.780000000000   0.020062784499
  1.800000000000   0.020851747858
  1.820000000000   0.021669526833
  1.840000000000   0.022513575725
  1.860000000000   0.023380643100
  1.880000000000   0.024266542161
  1.900000000000   0.025166368719
  1.920000000000   0.026075081228
  1.940000000000   0.026987843836
  1.960000000000   0.027899622116
  1.980000000000   0.028804536961
  2.000000000000   0.029695899812
  2.020000000000   0.030566896850
  2.040000000000   0.031411183550
  2.060000000000   0.032222877651
  2.080000000000   0.032996110519
  2.100000000000   0.033724770792
  2.120000000000   0.034402716643
  2.140000000000   0.035024182967
  2.160000000000   0.035584225466
  2.180000000000   0.036079150998
  2.200000000000   0.036506722914
  2.220000000000   0.036865831241
  2.240000000000   0.037155724646
  2.260000000000   0.037375564807
  2.280000000000   0.037524533505
  2.300000000000   0.037602201811
  2.320000000000   0.037609131123
  2.340000000000   0.037547381119
  2.360000000000   0.037420324409
  2.380000000000   0.037231735398
  2.400000000000   0.036984905018
  2.420000000000   0.036682371858
  2.440000000000   0.036326281354
  2.460000000000   0.035919093440
  2.480000000000   0.035464276463
  2.500000000000   0.034966573676
  2.520000000000   0.034431459127
  2.540000000000   0.033864121346
  2.560000000000   0.033268974985
  2.580000000000   0.032650163637
  2.600000000000   0.032012248765
  2.620000000000   0.031360091846
  2.640000000000   0.030698232537
  2.660000000000   0.030030659740
  2.680000000000   0.029360942492
  2.700000000000   0.028692167660
  2.720000000000   0.028026715700
  2.740000000000   0.027366155498
  2.760000000000   0.026711394709
  2.780000000000   0.026063206393
  2.800000000000   0.025422817043
  2.820000000000   0.024792012114
  2.840000000000   0.024172764085
  2.860000000000   0.023566783988
  2.880000000000   0.022975244120
  2.900000000000   0.022398752520
  2.920000000000   0.021837589311
  2.940000000000   0.021292027421
  2.960000000000   0.020762472698
  2.980000000000   0.020249356788
  3.000000000000   0.019752910495
  3.020000000000   0.019273047401
  3.040000000000   0.018809360015
  3.060000000000   0.018361086803
  3.080000000000   0.017927311586
  3.100000000000   0.017507431816
  3.120000000000   0.017101354894
  3.140000000000   0.016709239752
  3.160000000000   0.016331117156
  3.180000000000   0.015966687080
  3.200000000000   0.015615402007
  3.220000000000   0.015276650832
  3.240000000000   0.014949790021
  3.260000000000   0.014634111091
  3.280000000000   0.014329000902
  3.300000000000   0.014034194036
  3.320000000000   0.013749786524
  3.340000000000   0.013476009793
  3.360000000000   0.013213011976
  3.380000000000   0.012960700125
  3.400000000000   0.012718641472
  3.420000000000   0.012486126075
  3.440000000000   0.012262355414
  3.460000000000   0.012046596060
  3.480000000000   0.011838242017
  3.500000000000   0.011636841936
  3.520000000000   0.011442105525
  3.540000000000   0.011253806229
  3.560000000000   0.011071597237
  3.580000000000   0.010894966735
  3.600000000000   0.010723413420
  3.620000000000   0.010556640710
  3.640000000000   0.010394605361
  3.660000000000   0.010237383813
  3.680000000000   0.010084984966
  3.700000000000   0.009937392037
  3.720000000000   0.009794734055
  3.740000000000   0.009657218720
  3.760000000000   0.009524882956
  3.780000000000   0.009397511772
  3.800000000000   0.009274828766
  3.820000000000   0.009156649759
  3.840000000000   0.009042755635
  3.860000000000   0.008932702012
  3.880000000000   0.008825875287
  3.900000000000   0.008721791875
  3.920000000000   0.008620331642
  3.940000000000   0.008521689363
  3.960000000000   0.008426188328
  3.980000000000   0.008334115212
  4.000000000000   0.008245565363
  4.020000000000   0.008160352990
  4.040000000000   0.008078043108
  4.060000000000   0.007998100564
  4.080000000000   0.007920134672
  4.100000000000   0.007844002865
  4.120000000000   0.007769598038
  4.140000000000   0.007696628096
  4.160000000000   0.007624758744
  4.180000000000   0.007553974851
  4.200000000000   0.007484669869
  4.220000000000   0.007417285986
  4.240000000000   0.007351945817
  4.260000000000   0.007288487707
  4.280000000000   0.007226722895
  4.300000000000   0.007166557649
  4.320000000000   0.007107934846
  4.340000000000   0.007050759777
  4.360000000000   0.006994943392
  4.380000000000   0.006940506314
  4.400000000000   0.006887575581
  4.420000000000   0.006836291049
  4.440000000000   0.006786740670
  4.460000000000   0.006738867345
  4.480000000000   0.006692357795
  4.500000000000   0.006646727216
  4.520000000000   0.006601612041
  4.540000000000   0.006557026104
  4.560000000000   0.006513371850
  4.580000000000   0.006471184076
  4.600000000000   0.006430836840
  4.620000000000   0.006392428572
  4.640000000000   0.006355795130
  4.660000000000   0.006320589998
  4.680000000000   0.006286452185
  4.700000000000   0.006253162600
  4.720000000000   0.006220651603
  4.740000000000   0.006188858160
  4.760000000000   0.006157603576
  4.780000000000   0.006126630147
  4.800000000000   0.006095728144
  4.820000000000   0.006064825716
  4.840000000000   0.006034007619
  4.860000000000   0.006003414162
  4.880000000000   0.005973132481
  4.900000000000   0.005943286541
  4.920000000000   0.005914155239
  4.940000000000   0.005886063133
  4.960000000000   0.005859186372
  4.980000000000   0.005833450788
  5.000000000000   0.005808552037
  5.020000000000   0.005784107862
  5.040000000000   0.005759859973
  5.060000000000   0.005735815545
  5.080000000000   0.005712253414
  5.100000000000   0.005689538681
  5.120000000000   0.005667846247
  5.140000000000   0.005647052131
  5.160000000000   0.005626902054
  5.180000000000   0.005607283216
  5.200000000000   0.005588286961
  5.220000000000   0.005569937578
  5.240000000000   0.005551928817
  5.260000000000   0.005533747647
  5.280000000000   0.005515006747
  5.300000000000   0.005495595242
  5.320000000000   0.005475580276
  5.340000000000   0.005455072400
  5.360000000000   0.005434250678
  5.380000000000   0.005413437635
  5.400000000000   0.005392984063
  5.420000000000   0.005373071182
  5.440000000000   0.005353722490
  5.460000000000   0.005334976010
  5.480000000000   0.005316968048
  5.500000000000   0.005299854656
  5.520000000000   0.005283694087
  5.540000000000   0.005268430022
  5.560000000000   0.005253961319
  5.580000000000   0.005240217057
  5.600000000000   0.005227162439
  5.620000000000   0.005214701951
  5.640000000000   0.005202617694
  5.660000000000   0.005190661354
  5.680000000000   0.005178664976
  5.700000000000   0.005166527962
  5.720000000000   0.005154158737
  5.740000000000   0.005141511412
  5.760000000000   0.005128700872
  5.780000000000   0.005116011845
  5.800000000000   0.005103709942
  5.820000000000   0.005091825855
  5.840000000000   0.005080134918
  5.860000000000   0.005068336152
  5.880000000000   0.005056263556
  5.900000000000   0.005043963340
  5.920000000000   0.005031607119
  5.940000000000   0.005019374242
  5.960000000000   0.005007390161
  5.980000000000   0.004995684885
  6.000000000000   0.004984174498
  6.020000000000   0.004972684596
  6.040000000000   0.004961017439
  6.060000000000   0.004949075695
  6.080000000000   0.004936975997
  6.100000000000   0.004925032451
  6.120000000000   0.004913608924
  6.140000000000   0.004902954247
  6.160000000000   0.004893086280
  6.180000000000   0.004883743898
  6.200000000000   0.004874447732
  6.220000000000   0.004864676136
  6.240000000000   0.004854053135
  6.260000000000   0.004842501245
  6.280000000000   0.004830329395
  6.300000000000   0.004818078786
  6.320000000000   0.004806159808
  6.340000000000   0.004794653824
  6.360000000000   0.004783479611
  6.380000000000   0.004772671756
  6.400000000000   0.004762429331
  6.420000000000   0.004752951667
  6.440000000000   0.004744307998
  6.460000000000   0.004736401450
  6.480000000000   0.004728954743
  6.500000000000   0.004721582473
  6.520000000000   0.004713982947
  6.540000000000   0.004706069460
  6.560000000000   0.004697894759
  6.580000000000   0.004689498311
  6.600000000000   0.004680887809
  6.620000000000   0.004672127767
  6.640000000000   0.004663372672
  6.660000000000   0.004654797102
  6.680000000000   0.004646509690
  6.700000000000   0.004638536374
  6.720000000000   0.004630843213
  6.740000000000   0.004623345128
  6.760000000000   0.004615903099
  6.780000000000   0.004608331477
  6.800000000000   0.004600407875
  6.820000000000   0.004591887847
  6.840000000000   0.004582592025
  6.860000000000   0.004572543320
  6.880000000000   0.004561973821
  6.900000000000   0.004551186362
  6.920000000000   0.004540468765
  6.940000000000   0.004530109661
  6.960000000000   0.004520344041
  6.980000000000   0.004511202158
  7.000000000000   0.004502496462
  7.020000000000   0.004493995942
  7.040000000000   0.004485537123
  7.060000000000   0.004476974152
  7.080000000000   0.004468143297
  7.100000000000   0.004458940862
  7.120000000000   0.004449406628
  7.140000000000   0.004439698077
  7.160000000000   0.004429972431
  7.180000000000   0.004420297769
  7.200000000000   0.004410692969
  7.220000000000   0.004401231069
  7.240000000000   0.004392056153
  7.260000000000   0.004383334605
  7.280000000000   0.004375250856
  7.300000000000   0.004367959333
  7.320000000000   0.004361428683
  7.340000000000   0.004355377263
  7.360000000000   0.004349417798
  7.380000000000   0.004343265393
  7.400000000000   0.004336819731
  7.420000000000   0.004330089319
  7.440000000000   0.004323074203
  7.460000000000   0.004315740869
  7.480000000000   0.004308088463
  7.500000000000   0.004300154332
  7.520000000000   0.004291918313
  7.540000000000   0.004283298850
  7.560000000000   0.004274303304
  7.580000000000   0.004265080867
  7.600000000000   0.004255760747
  7.620000000000   0.004246328715
  7.640000000000   0.004236740977
  7.660000000000   0.004227105479
  7.680000000000   0.004217668832
  7.700000000000   0.004208629694
  7.720000000000   0.004200020564
  7.740000000000   0.004191795663
  7.760000000000   0.004183953787
  7.780000000000   0.004176464547
  7.800000000000   0.004169123034
  7.820000000000   0.004161589756
  7.840000000000   0.004153560536
  7.860000000000   0.004144910336
  7.880000000000   0.004135770099
  7.900000000000   0.004126461004
  7.920000000000   0.004117280578
  7.940000000000   0.004108305151
  7.960000000000   0.004099398504
  7.980000000000   0.004090423251
  8.000000000000   0.004081411769
  8.020000000000   0.004072536331
  8.040000000000   0.004063959875
  8.060000000000   0.004055713222
  8.080000000000   0.004047696577
  8.100000000000   0.004039773074
  8.120000000000   0.004031852667
  8.140000000000   0.004023920339
  8.160000000000   0.004015997472
  8.180000000000   0.004008079681
  8.200000000000   0.004000140248
  8.220000000000   0.003992167645
  8.240000000000   0.003984146447
  8.260000000000   0.003976044635
  8.280000000000   0.003967853376
  8.300000000000   0.003959590337
  8.320000000000   0.003951282390
  8.340000000000   0.003942966290
  8.360000000000   0.003934686778
  8.380000000000   0.003926527963
  8.400000000000   0.003918638658
  8.420000000000   0.003911158047
  8.440000000000   0.003904111658
  8.460000000000   0.003897429319
  8.480000000000   0.003891062985
  8.500000000000   0.003885019755
  8.520000000000   0.003879238872
  8.540000000000   0.003873491846
  8.560000000000   0.003867456940
  8.580000000000   0.003860884773
  8.600000000000   0.003853728411
  8.620000000000   0.003846140220
  8.640000000000   0.003838306352
  8.660000000000   0.003830313999
  8.680000000000   0.003822209472
  8.700000000000   0.003814077302
  8.720000000000   0.003805981623
  8.740000000000   0.003797875157
  8.760000000000   0.003789611246
  8.780000000000   0.003781052009
  8.800000000000   0.003772185333
  8.820000000000   0.003763171625
  8.840000000000   0.003754282002
  8.860000000000   0.003745730421
  8.880000000000   0.003737526382
  8.900000000000   0.003729512832
  8.920000000000   0.003721535540
  8.940000000000   0.003713542245
  8.960000000000   0.003705565953
  8.980000000000   0.003697698854
  9.000000000000   0.003690102170
  9.020000000000   0.003682980894
  9.040000000000   0.003676464091
  9.060000000000   0.003670487231
  9.080000000000   0.003664801138
  9.100000000000   0.003659078718
  9.120000000000   0.003653026688
  9.140000000000   0.003646458983
  9.160000000000   0.003639309379
  9.180000000000   0.003631622533
  9.200000000000   0.003623544450
  9.220000000000   0.003615278522
  9.240000000000   0.003607011545
  9.260000000000   0.003598819727
  9.280000000000   0.003590617624
  9.300000000000   0.003582252003
  9.320000000000   0.003573683843
  9.340000000000   0.003565052082
  9.360000000000   0.003556563663
  9.380000000000   0.003548364242
  9.400000000000   0.003540483831
  9.420000000000   0.003532854073
  9.440000000000   0.003525364463
  9.460000000000   0.003517919201
  9.480000000000   0.003510501455
  9.500000000000   0.003503186327
  9.520000000000   0.003496018883
  9.540000000000   0.003488880304
  9.560000000000   0.003481547471
  9.580000000000   0.003473893990
  9.600000000000   0.003466001865
  9.620000000000   0.003458087066
  9.640000000000   0.003450342906
  9.660000000000   0.003442841338
  9.680000000000   0.003435525011
  9.700000000000   0.003428246714
  9.720000000000   0.003420861030
  9.740000000000   0.003413336764
  9.760000000000   0.003405766503
  9.780000000000   0.003398285530
  9.800000000000   0.003391046254
  9.820000000000   0.003384235008
  9.840000000000   0.003377987048
  9.860000000000   0.003372253291
  9.880000000000   0.003366816447
  9.900000000000   0.003361424999
  9.920000000000   0.003355865511
  9.940000000000   0.003349974096
  9.960000000000   0.003343640686
  9.980000000000   0.003336789968
 10.000000000000   0.003329388020
 10.020000000000   0.003321492379
 10.040000000000   0.003313269021
 10.060000000000   0.003304923832
 10.080000000000   0.003296604638
 10.100000000000   0.003288373606
 10.120000000000   0.003280227415
 10.140000000000   0.003272102129
 10.160000000000   0.003263908557
 10.180000000000   0.003255599962
 10.200000000000   0.003247165755
 10.220000000000   0.003238556924
 10.240000000000   0.003229687860
 10.260000000000   0.003220544526
 10.280000000000   0.003211251665
 10.300000000000   0.003202019312
 10.320000000000   0.003193039355
 10.340000000000   0.003184397519
 10.360000000000   0.003176029211
 10.380000000000   0.003167757079
 10.400000000000   0.003159422215
 10.420000000000   0.003151024037
 10.440000000000   0.003142727824
 10.460000000000   0.003134743238
 10.480000000000   0.003127231073
 10.500000000000   0.003120291298
 10.520000000000   0.003113943997
 10.540000000000   0.003108095119
 10.560000000000   0.003102572854
 10.580000000000   0.003097203678
 10.600000000000   0.003091834440
 10.620000000000   0.003086332037
 10.640000000000   0.003080632208
 10.660000000000   0.003074836249
 10.680000000000   0.003069225501
 10.700000000000   0.003064062822
 10.720000000000   0.003059336423
 10.740000000000   0.003054722076
 10.760000000000   0.003049763306
 10.780000000000   0.003044090647
 10.800000000000   0.003037563620
 10.820000000000   0.003030289632
 10.840000000000   0.003022537028
 10.860000000000   0.003014627254
 10.880000000000   0.003006855258
 10.900000000000   0.002999416007
 10.920000000000   0.002992352570
 10.940000000000   0.002985592288
 10.960000000000   0.002979060547
 10.980000000000   0.002972750004
 11.000000000000   0.002966673711
 11.020000000000   0.002960774841
 11.040000000000   0.002954888260
 11.060000000000   0.002948784656
 11.080000000000   0.002942282602
 11.100000000000   0.002935341293
 11.120000000000   0.002928055236
 11.140000000000   0.002920606299
 11.160000000000   0.002913247499
 11.180000000000   0.002906278684
 11.200000000000   0.002899958724
 11.220000000000   0.002894386975
 11.240000000000   0.002889437021
 11.260000000000   0.002884809656
 11.280000000000   0.002880173720
 11.300000000000   0.002875276290
 11.320000000000   0.002869975242
 11.340000000000   0.002864228437
 11.360000000000   0.002858058960
 11.380000000000   0.002851508061
 11.400000000000   0.002844614664
 11.420000000000   0.002837437108
 11.440000000000   0.002830073708
 11.460000000000   0.002822662782
 11.480000000000   0.002815371061
 11.500000000000   0.002808342453
 11.520000000000   0.002801622221
 11.540000000000   0.002795182005
 11.560000000000   0.002789037152
 11.580000000000   0.002783261229
 11.600000000000   0.002777874828
 11.620000000000   0.002772785208
 11.640000000000   0.002767837439
 11.660000000000   0.002762898267
 11.680000000000   0.002757902749
 11.700000000000   0.002752832214
 11.720000000000   0.002747659219
 11.740000000000   0.002742353305
 11.760000000000   0.002736931062
 11.780000000000   0.002731425150
 11.800000000000   0.002725789977
 11.820000000000   0.002719909578
 11.840000000000   0.002713746584
 11.860000000000   0.002707454189
 11.880000000000   0.002701293222
 11.900000000000   0.002695444241
 11.920000000000   0.002689906056
 11.940000000000   0.002684528418
 11.960000000000   0.002679130824
 11.980000000000   0.002673632385
 12.000000000000   0.002668080100
 12.020000000000   0.002662568440
 12.040000000000   0.002657177811
 12.060000000000   0.002651966469
 12.080000000000   0.002646925558
 12.100000000000   0.002641914399
 12.120000000000   0.002636731958
 12.140000000000   0.002631307394
 12.160000000000   0.002625793941
 12.180000000000   0.002620477172
 12.200000000000   0.002615587000
 12.220000000000   0.002611142799
 12.240000000000   0.002606949519
 12.260000000000   0.002602743795
 12.280000000000   0.002598335607
 12.300000000000   0.002593646194
 12.320000000000   0.002588680441
 12.340000000000   0.002583475677
 12.360000000000   0.002578079639
 12.380000000000   0.002572585566
 12.400000000000   0.002567132649
 12.420000000000   0.002561823801
 12.440000000000   0.002556679398
 12.460000000000   0.002551702113
 12.480000000000   0.002546935347
 12.500000000000   0.002542402680
 12.520000000000   0.002538025739
 12.540000000000   0.002533663610
 12.560000000000   0.002529227811
 12.580000000000   0.002524729005
 12.600000000000   0.002520209730
 12.620000000000   0.002515649759
 12.640000000000   0.002510940279
 12.660000000000   0.002505927895
 12.680000000000   0.002500491441
 12.700000000000   0.002494625562
 12.720000000000   0.002488465526
 12.740000000000   0.002482211017
 12.760000000000   0.002476030576
 12.780000000000   0.002470024299
 12.800000000000   0.002464229573
 12.820000000000   0.002458655914
 12.840000000000   0.002453319646
 12.860000000000   0.002448213826
 12.880000000000   0.002443240690
 12.900000000000   0.002438217871
 12.920000000000   0.002432985235
 12.940000000000   0.002427507455
 12.960000000000   0.002421886886
 12.980000000000   0.002416302148
 13.000000000000   0.002410916629
 13.020000000000   0.002405824412
 13.040000000000   0.002401057288
 13.060000000000   0.002396594806
 13.080000000000   0.002392380595
 13.100000000000   0.002388377557
 13.120000000000   0.002384598334
 13.140000000000   0.002381033791
 13.160000000000   0.002377566187
 13.180000000000   0.002373996966
 13.200000000000   0.002370140581
 13.220000000000   0.002365877127
 13.240000000000   0.002361164880
 13.260000000000   0.002356068058
 13.280000000000   0.002350778777
 13.300000000000   0.002345546962
 13.320000000000   0.002340535550
 13.340000000000   0.002335756538
 13.360000000000   0.002331153967
 13.380000000000   0.002326705310
 13.400000000000   0.002322415156
 13.420000000000   0.002318239283
 13.440000000000   0.002314055543
 13.460000000000   0.002309737300
 13.480000000000   0.002305254232
 13.500000000000   0.002300665514
 13.520000000000   0.002296016032
 13.540000000000   0.002291281785
 13.560000000000   0.002286413659
 13.580000000000   0.002281391597
 13.600000000000   0.002276233142
 13.620000000000   0.002270989162
 13.640000000000   0.002265725027
 13.660000000000   0.002260463951
 13.680000000000   0.002255159923
 13.700000000000   0.002249745124
 13.720000000000   0.002244184756
 13.740000000000   0.002238477239
 13.760000000000   0.002232619095
 13.780000000000   0.002226598195
 13.800000000000   0.002220441796
 13.820000000000   0.002214252851
 13.840000000000   0.002208164182
 13.860000000000   0.002202273497
 13.880000000000   0.002196638234
 13.900000000000   0.002191289331
 13.920000000000   0.002186205672
 13.940000000000   0.002181287109
 13.960000000000   0.002176402316
 13.980000000000   0.002171491510
 14.000000000000   0.002166606911
 14.020000000000   0.002161821170
 14.040000000000   0.002157100307
 14.060000000000   0.002152302784
 14.080000000000   0.002147306040
 14.100000000000   0.002142088088
 14.120000000000   0.002136684188
 14.140000000000   0.002131137448
 14.160000000000   0.002125509361
 14.180000000000   0.002119878365
 14.200000000000   0.002114301786
 14.220000000000   0.002108786726
 14.240000000000   0.002103289102
 14.260000000000   0.002097725400
 14.280000000000   0.002091977794
 14.300000000000   0.002085920169
 14.320000000000   0.002079482453
 14.340000000000   0.002072695706
 14.360000000000   0.002065664437
 14.380000000000   0.002058486400
 14.400000000000   0.002051192436
 14.420000000000   0.002043756001
 14.440000000000   0.002036143590
 14.460000000000   0.002028334884
 14.480000000000   0.002020309847
 14.500000000000   0.002012056551
 14.520000000000   0.002003589721
 14.540000000000   0.001994922244
 14.560000000000   0.001985996950
 14.580000000000   0.001976661118
 14.600000000000   0.001966715571
 14.620000000000   0.001955982783
 14.640000000000   0.001944334692
 14.660000000000   0.001931658752
 14.680000000000   0.001917781200
 14.700000000000   0.001902427673
 14.720000000000   0.001885282574
 14.740000000000   0.001866074210
 14.760000000000   0.001844577887
 14.780000000000   0.001820524632
 14.800000000000   0.001793464840
 14.820000000000   0.001762663910
 14.840000000000   0.001727089189
 14.860000000000   0.001685447351
 14.880000000000   0.001636180602
 14.900000000000   0.001577408313
 14.920000000000   0.001506926824
 14.940000000000   0.001422518993
 14.960000000000   0.001322910966
 14.980000000000   0.001209408869
 15.000000000000   0.001087301268
