-25.000000000000   0.000549537982
-24.980000000000   0.000613549808
-24.960000000000   0.000672814137
-24.940000000000   0.000724469737
-24.920000000000   0.000767782463
-24.900000000000   0.000803402226
-24.880000000000   0.000832521832
-24.860000000000   0.000856380672
-24.840000000000   0.000876051706
-24.820000000000   0.000892384461
-24.800000000000   0.000906047814
-24.780000000000   0.000917595851
-24.760000000000   0.000927482109
-24.740000000000   0.000936036774
-24.720000000000   0.000943456216
-24.700000000000   0.000949832539
-24.680000000000   0.000955222889
-24.660000000000   0.000959729324
-24.640000000000   0.000963539422
-24.620000000000   0.000966893624
-24.600000000000   0.000970016512
-24.580000000000   0.000973081206
-24.560000000000   0.000976197852
-24.540000000000   0.000979385416
-24.520000000000   0.000982560733
-24.500000000000   0.000985580235
-24.480000000000   0.000988310485
-24.460000000000   0.000990684111
-24.440000000000   0.000992704859
-24.420000000000   0.000994415550
-24.400000000000   0.000995869105
-24.380000000000   0.000997101267
-24.360000000000   0.000998106201
-24.340000000000   0.000998856903
-24.320000000000   0.000999360478
-24.300000000000   0.000999680551
-24.280000000000   0.000999913189
-24.260000000000   0.001000152216
-24.240000000000   0.001000472962
-24.220000000000   0.001000943073
-24.200000000000   0.001001616623
-24.180000000000   0.001002477889
-24.160000000000   0.001003412854
-24.140000000000   0.001004274392
-24.120000000000   0.001004968007
-24.100000000000   0.001005480233
-24.080000000000   0.001005858401
-24.060000000000   0.001006173295
-24.040000000000   0.001006486844
-24.020000000000   0.001006841825
-24.000000000000   0.001007258995
-23.980000000000   0.001007728886
-23.960000000000   0.001008212961
-23.940000000000   0.001008662895
-23.920000000000   0.001009049789
-23.900000000000   0.001009386742
-23.880000000000   0.001009714430
-23.860000000000   0.001010040776
-23.840000000000   0.001010298951
-23.820000000000   0.001010386619
-23.800000000000   0.001010244417
-23.780000000000   0.001009898685
-23.760000000000   0.001009443147
-23.740000000000   0.001008978140
-23.720000000000   0.001008556236
-23.700000000000   0.001008172133
-23.680000000000   0.001007782396
-23.660000000000   0.001007322228
-23.640000000000   0.001006736707
-23.620000000000   0.001006035743
-23.600000000000   0.001005306404
-23.580000000000   0.001004654885
-23.560000000000   0.001004145946
-23.540000000000   0.001003789814
-23.520000000000   0.001003571886
-23.500000000000   0.001003490335
-23.480000000000   0.001003560500
-23.460000000000   0.001003789020
-23.440000000000   0.001004153268
-23.420000000000   0.001004600777
-23.400000000000   0.001005066113
-23.380000000000   0.001005498324
-23.360000000000   0.001005881265
-23.340000000000   0.001006225048
-23.320000000000   0.001006529038
-23.300000000000   0.001006757515
-23.280000000000   0.001006869493
-23.260000000000   0.001006876748
-23.240000000000   0.001006855692
-23.220000000000   0.001006890472
-23.200000000000   0.001006999840
-23.180000000000   0.001007122467
-23.160000000000   0.001007185004
-23.140000000000   0.001007181709
-23.120000000000   0.001007187157
-23.100000000000   0.001007300176
-23.080000000000   0.001007564675
-23.060000000000   0.001007934506
-23.040000000000   0.001008307505
-23.020000000000   0.001008581884
-23.000000000000   0.001008703381
-22.980000000000   0.001008690377
-22.960000000000   0.001008608054
-22.940000000000   0.001008510401
-22.920000000000   0.001008413918
-22.900000000000   0.001008321037
-22.880000000000   0.001008246026
-22.860000000000   0.001008209886
-22.840000000000   0.001008227184
-22.820000000000   0.001008307209
-22.800000000000   0.001008444686
-22.780000000000   0.001008588475
-22.760000000000   0.001008641786
-22.740000000000   0.001008513918
-22.720000000000   0.001008177159
-22.700000000000   0.001007681635
-22.680000000000   0.001007112669
-22.660000000000   0.001006536514
-22.640000000000   0.001005990528
-22.620000000000   0.001005504293
-22.600000000000   0.001005094972
-22.580000000000   0.001004739266
-22.560000000000   0.001004386583
-22.540000000000   0.001004024521
-22.520000000000   0.001003718709
-22.500000000000   0.001003568396
-22.480000000000   0.001003622544
-22.460000000000   0.001003844727
-22.440000000000   0.001004152361
-22.420000000000   0.001004487716
-22.400000000000   0.001004854149
-22.380000000000   0.001005284893
-22.360000000000   0.001005787518
-22.340000000000   0.001006318585
-22.320000000000   0.001006805422
-22.300000000000   0.001007202525
-22.280000000000   0.001007523572
-22.260000000000   0.001007793168
-22.240000000000   0.001007979532
-22.220000000000   0.001008005357
-22.200000000000   0.001007825755
-22.180000000000   0.001007483643
-22.160000000000   0.001007089460
-22.140000000000   0.001006760680
-22.120000000000   0.001006575920
-22.100000000000   0.001006553112
-22.080000000000   0.001006643926
-22.060000000000   0.001006756817
-22.040000000000   0.001006814836
-22.020000000000   0.001006802380
-22.000000000000   0.001006760297
-21.980000000000   0.001006744132
-21.960000000000   0.001006778415
-21.940000000000   0.001006836248
-21.920000000000   0.001006853160
-21.900000000000   0.001006760694
-21.880000000000   0.001006529970
-21.860000000000   0.001006212764
-21.840000000000   0.001005939205
-21.820000000000   0.001005845510
-21.800000000000   0.001005987226
-21.780000000000   0.001006321950
-21.760000000000   0.001006758091
-21.740000000000   0.001007197196
-21.720000000000   0.001007554749
-21.700000000000   0.001007786198
-21.680000000000   0.001007906830
-21.660000000000   0.001007970113
-21.640000000000   0.001008010309
-21.620000000000   0.001008018830
-21.600000000000   0.001007978132
-21.580000000000   0.001007887283
-21.560000000000   0.001007745467
-21.540000000000   0.001007535871
-21.520000000000   0.001007241913
-21.500000000000   0.001006872579
-21.480000000000   0.001006467582
-21.460000000000   0.001006090201
-21.440000000000   0.001005816775
-21.420000000000   0.001005713994
-21.400000000000   0.001005807646
-21.380000000000   0.001006075237
-21.360000000000   0.001006478445
-21.340000000000   0.001006991587
-21.320000000000   0.001007589662
-21.300000000000   0.001008225773
-21.280000000000   0.001008826971
-21.260000000000   0.001009300978
-21.240000000000   0.001009561954
-21.220000000000   0.001009585022
-21.200000000000   0.001009448067
-21.180000000000   0.001009304967
-21.160000000000   0.001009301645
-21.140000000000   0.001009511484
-21.120000000000   0.001009926950
-21.100000000000   0.001010482566
-21.080000000000   0.001011100739
-21.060000000000   0.001011746820
-21.040000000000   0.001012429970
-21.020000000000   0.001013136557
-21.000000000000   0.001013785038
-20.980000000000   0.001014269119
-20.960000000000   0.001014541198
-20.940000000000   0.001014648570
-20.920000000000   0.001014696424
-20.900000000000   0.001014784078
-20.880000000000   0.001014966708
-20.860000000000   0.001015237534
-20.840000000000   0.001015529002
-20.820000000000   0.001015755418
-20.800000000000   0.001015867228
-20.780000000000   0.001015873815
-20.760000000000   0.001015830668
-20.740000000000   0.001015797354
-20.720000000000   0.001015805930
-20.700000000000   0.001015873823
-20.680000000000   0.001016021795
-20.660000000000   0.001016264821
-20.640000000000   0.001016594915
-20.620000000000   0.001016970455
-20.600000000000   0.001017324343
-20.580000000000   0.001017605951
-20.560000000000   0.001017830992
-20.540000000000   0.001018078846
-20.520000000000   0.001018417404
-20.500000000000   0.001018823591
-20.480000000000   0.001019184247
-20.460000000000   0.001019377511
-20.440000000000   0.001019349931
-20.420000000000   0.001019130089
-20.400000000000   0.001018800728
-20.380000000000   0.001018462980
-20.360000000000   0.001018200408
-20.340000000000   0.001018053456
-20.320000000000   0.001018022958
-20.300000000000   0.001018099025
-20.280000000000   0.001018282610
-20.260000000000   0.001018579059
-20.240000000000   0.001018982944
-20.220000000000   0.001019476690
-20.200000000000   0.001020039481
-20.180000000000   0.001020656213
-20.160000000000   0.001021320003
-20.140000000000   0.001022021494
-20.120000000000   0.001022731964
-20.100000000000   0.001023400570
-20.080000000000   0.001023973006
-20.060000000000   0.001024420531
-20.040000000000   0.001024754180
-20.020000000000   0.001025016163
-20.000000000000   0.001025259973
-19.980000000000   0.001025524577
-19.960000000000   0.001025814520
-19.940000000000   0.001026099625
-19.920000000000   0.001026341245
-19.900000000000   0.001026534615
-19.880000000000   0.001026731756
-19.860000000000   0.001027015605
-19.840000000000   0.001027441230
-19.820000000000   0.001028001433
-19.800000000000   0.001028645979
-19.780000000000   0.001029329590
-19.760000000000   0.001030042922
-19.740000000000   0.001030797727
-19.720000000000   0.001031584058
-19.700000000000   0.001032348009
-19.680000000000   0.001033019359
-19.660000000000   0.001033558010
-19.640000000000   0.001033963162
-19.620000000000   0.001034250963
-19.600000000000   0.001034440166
-19.580000000000   0.001034554148
-19.560000000000   0.001034636239
-19.540000000000   0.001034759987
-19.520000000000   0.001035000146
-19.500000000000   0.001035383783
-19.480000000000   0.001035870239
-19.460000000000   0.001036369312
-19.440000000000   0.001036793292
-19.420000000000   0.001037125502
-19.400000000000   0.001037444598
-19.380000000000   0.001037868419
-19.360000000000   0.001038473392
-19.340000000000   0.001039255851
-19.320000000000   0.001040146349
-19.300000000000   0.001041057714
-19.280000000000   0.001041945339
-19.260000000000   0.001042840809
-19.240000000000   0.001043810582
-19.220000000000   0.001044862064
-19.200000000000   0.001045897303
-19.180000000000   0.001046771616
-19.160000000000   0.001047397358
-19.140000000000   0.001047793052
-19.120000000000   0.001048045842
-19.100000000000   0.001048230768
-19.080000000000   0.001048359448
-19.060000000000   0.001048405860
-19.040000000000   0.001048371434
-19.020000000000   0.001048301688
-19.000000000000   0.001048242621
-18.980000000000   0.001048220009
-18.960000000000   0.001048263092
-18.940000000000   0.001048403940
-18.920000000000   0.001048647835
-18.900000000000   0.001048969353
-18.880000000000   0.001049339398
-18.860000000000   0.001049751905
-18.840000000000   0.001050223298
-18.820000000000   0.001050765900
-18.800000000000   0.001051369345
-18.780000000000   0.001052002772
-18.760000000000   0.001052628807
-18.740000000000   0.001053225213
-18.720000000000   0.001053788892
-18.700000000000   0.001054305950
-18.680000000000   0.001054730616
-18.660000000000   0.001055018199
-18.640000000000   0.001055176689
-18.620000000000   0.001055273350
-18.600000000000   0.001055399923
-18.580000000000   0.001055632741
-18.560000000000   0.001056008955
-18.540000000000   0.001056538789
-18.520000000000   0.001057238510
-18.500000000000   0.001058127240
-18.480000000000   0.001059184712
-18.460000000000   0.001060328125
-18.440000000000   0.001061434803
-18.420000000000   0.001062394859
-18.400000000000   0.001063174748
-18.380000000000   0.001063842679
-18.360000000000   0.001064512008
-18.340000000000   0.001065253881
-18.320000000000   0.001066065998
-18.300000000000   0.001066898351
-18.280000000000   0.001067685603
-18.260000000000   0.001068378334
-18.240000000000   0.001068973067
-18.220000000000   0.001069517347
-18.200000000000   0.001070081247
-18.180000000000   0.001070708696
-18.160000000000   0.001071381732
-18.140000000000   0.001072038140
-18.120000000000   0.001072640145
-18.100000000000   0.001073229258
-18.080000000000   0.001073899879
-18.060000000000   0.001074716381
-18.040000000000   0.001075677041
-18.020000000000   0.001076764300
-18.000000000000   0.001077998035
-17.980000000000   0.001079417213
-17.960000000000   0.001081021567
-17.940000000000   0.001082742350
-17.920000000000   0.001084457999
-17.900000000000   0.001086039369
-17.880000000000   0.001087407549
-17.860000000000   0.001088565677
-17.840000000000   0.001089574163
-17.820000000000   0.001090483535
-17.800000000000   0.001091290423
-17.780000000000   0.001091968626
-17.760000000000   0.001092530705
-17.740000000000   0.001093050638
-17.720000000000   0.001093639162
-17.700000000000   0.001094384674
-17.680000000000   0.001095295133
-17.660000000000   0.001096297359
-17.640000000000   0.001097295146
-17.620000000000   0.001098219920
-17.600000000000   0.001099039620
-17.580000000000   0.001099762491
-17.560000000000   0.001100440853
-17.540000000000   0.001101137854
-17.520000000000   0.001101884227
-17.500000000000   0.001102688966
-17.480000000000   0.001103577078
-17.460000000000   0.001104582151
-17.440000000000   0.001105701158
-17.420000000000   0.001106878914
-17.400000000000   0.001108041856
-17.380000000000   0.001109129448
-17.360000000000   0.001110084943
-17.340000000000   0.001110835899
-17.320000000000   0.001111310082
-17.300000000000   0.001111492230
-17.280000000000   0.001111488222
-17.260000000000   0.001111516595
-17.240000000000   0.001111783782
-17.220000000000   0.001112354582
-17.200000000000   0.001113160387
-17.180000000000   0.001114102349
-17.160000000000   0.001115112957
-17.140000000000   0.001116147750
-17.120000000000   0.001117159996
-17.100000000000   0.001118100550
-17.080000000000   0.001118941589
-17.060000000000   0.001119693231
-17.040000000000   0.001120405726
-17.020000000000   0.001121172010
-17.000000000000   0.001122120908
-16.980000000000   0.001123369302
-16.960000000000   0.001124944572
-16.940000000000   0.001126743881
-16.920000000000   0.001128570848
-16.900000000000   0.001130225780
-16.880000000000   0.001131596006
-16.860000000000   0.001132692789
-16.840000000000   0.001133624594
-16.820000000000   0.001134538291
-16.800000000000   0.001135565307
-16.780000000000   0.001136778014
-16.760000000000   0.001138149239
-16.740000000000   0.001139567291
-16.720000000000   0.001140930483
-16.700000000000   0.001142219932
-16.680000000000   0.001143475964
-16.660000000000   0.001144738349
-16.640000000000   0.001146023853
-16.620000000000   0.001147338302
-16.600000000000   0.001148696864
-16.580000000000   0.001150124769
-16.560000000000   0.001151625484
-16.540000000000   0.001153168637
-16.520000000000   0.001154732839
-16.500000000000   0.001156343793
-16.480000000000   0.001158053218
-16.460000000000   0.001159891318
-16.440000000000   0.001161840274
-16.420000000000   0.001163833929
-16.400000000000   0.001165779137
-16.380000000000   0.001167587619
-16.360000000000   0.001169203058
-16.340000000000   0.001170608510
-16.320000000000   0.001171801962
-16.300000000000   0.001172771159
-16.280000000000   0.001173518221
-16.260000000000   0.001174112432
-16.240000000000   0.001174689604
-16.220000000000   0.001175374177
-16.200000000000   0.001176201444
-16.180000000000   0.001177129247
-16.160000000000   0.001178127704
-16.140000000000   0.001179240089
-16.120000000000   0.001180555060
-16.100000000000   0.001182138898
-16.080000000000   0.001183980771
-16.060000000000   0.001185981017
-16.040000000000   0.001188001390
-16.020000000000   0.001189935178
-16.000000000000   0.001191730116
-15.980000000000   0.001193366892
-15.960000000000   0.001194847401
-15.940000000000   0.001196200129
-15.920000000000   0.001197480271
-15.900000000000   0.001198759716
-15.880000000000   0.001200099784
-15.860000000000   0.001201513157
-15.840000000000   0.001202961172
-15.820000000000   0.001204397228
-15.800000000000   0.001205798734
-15.780000000000   0.001207168344
-15.760000000000   0.001208530830
-15.740000000000   0.001209924954
-15.720000000000   0.001211392763
-15.700000000000   0.001212974190
-15.680000000000   0.001214694590
-15.660000000000   0.001216551750
-15.640000000000   0.001218515101
-15.620000000000   0.001220542218
-15.600000000000   0.001222605018
-15.580000000000   0.001224695070
-15.560000000000   0.001226805385
-15.540000000000   0.001228914556
-15.520000000000   0.001230983864
-15.500000000000   0.001232962442
-15.480000000000   0.001234814374
-15.460000000000   0.001236562094
-15.440000000000   0.001238283175
-15.420000000000   0.001240035967
-15.400000000000   0.001241796983
-15.380000000000   0.001243496236
-15.360000000000   0.001245104272
-15.340000000000   0.001246670397
-15.320000000000   0.001248293192
-15.300000000000   0.001250058240
-15.280000000000   0.001251984928
-15.260000000000   0.001254019304
-15.240000000000   0.001256080355
-15.220000000000   0.001258124809
-15.200000000000   0.001260173640
-15.180000000000   0.001262284678
-15.160000000000   0.001264511196
-15.140000000000   0.001266876374
-15.120000000000   0.001269368399
-15.100000000000   0.001271954994
-15.080000000000   0.001274600325
-15.060000000000   0.001277274485
-15.040000000000   0.001279959180
-15.020000000000   0.001282637714
-15.000000000000   0.001285276520
-14.980000000000   0.001287838656
-14.960000000000   0.001290328551
-14.940000000000   0.001292803083
-14.920000000000   0.001295308442
-14.900000000000   0.001297816032
-14.880000000000   0.001300252579
-14.860000000000   0.001302583243
-14.840000000000   0.001304837753
-14.820000000000   0.001307049258
-14.800000000000   0.001309189852
-14.780000000000   0.001311195898
-14.760000000000   0.001313053976
-14.740000000000   0.001314855977
-14.720000000000   0.001316768766
-14.700000000000   0.001318928950
-14.680000000000   0.001321361644
-14.660000000000   0.001324012204
-14.640000000000   0.001326838986
-14.620000000000   0.001329847332
-14.600000000000   0.001333045251
-14.580000000000   0.001336394710
-14.560000000000   0.001339809501
-14.540000000000   0.001343185541
-14.520000000000   0.001346423665
-14.500000000000   0.001349440312
-14.480000000000   0.001352185021
-14.460000000000   0.001354658260
-14.440000000000   0.001356913696
-14.420000000000   0.001359035942
-14.400000000000   0.001361097384
-14.380000000000   0.001363140047
-14.360000000000   0.001365204745
-14.340000000000   0.001367343897
-14.320000000000   0.001369597590
-14.300000000000   0.001371981773
-14.280000000000   0.001374493150
-14.260000000000   0.001377104965
-14.240000000000   0.001379764438
-14.220000000000   0.001382426472
-14.200000000000   0.001385101298
-14.180000000000   0.001387844942
-14.160000000000   0.001390695831
-14.140000000000   0.001393644055
-14.120000000000   0.001396668193
-14.100000000000   0.001399761844
-14.080000000000   0.001402899651
-14.060000000000   0.001406011488
-14.040000000000   0.001409022608
-14.020000000000   0.001411915451
-14.000000000000   0.001414732774
-13.980000000000   0.001417522158
-13.960000000000   0.001420312229
-13.940000000000   0.001423137116
-13.920000000000   0.001426034615
-13.900000000000   0.001429014716
-13.880000000000   0.001432058597
-13.860000000000   0.001435142783
-13.840000000000   0.001438246619
-13.820000000000   0.001441340941
-13.800000000000   0.001444391753
-13.780000000000   0.001447392824
-13.760000000000   0.001450388676
-13.740000000000   0.001453450852
-13.720000000000   0.001456636154
-13.700000000000   0.001459976749
-13.680000000000   0.001463483828
-13.660000000000   0.001467134276
-13.640000000000   0.001470873161
-13.620000000000   0.001474645159
-13.600000000000   0.001478412503
-13.580000000000   0.001482148549
-13.560000000000   0.001485833434
-13.540000000000   0.001489463389
-13.520000000000   0.001493058059
-13.500000000000   0.001496644555
-13.480000000000   0.001500248855
-13.460000000000   0.001503929789
-13.440000000000   0.001507788314
-13.420000000000   0.001511901814
-13.400000000000   0.001516260086
-13.380000000000   0.001520777136
-13.360000000000   0.001525348542
-13.340000000000   0.001529888812
-13.320000000000   0.001534327363
-13.300000000000   0.001538598185
-13.280000000000   0.001542669864
-13.260000000000   0.001546573681
-13.240000000000   0.001550373930
-13.220000000000   0.001554142274
-13.200000000000   0.001557969977
-13.180000000000   0.001561943748
-13.160000000000   0.001566086962
-13.140000000000   0.001570366767
-13.120000000000   0.001574756488
-13.100000000000   0.001579246298
-13.080000000000   0.001583796965
-13.060000000000   0.001588328253
-13.040000000000   0.001592772300
-13.020000000000   0.001597119407
-13.000000000000   0.001601394518
-12.980000000000   0.001605604439
-12.960000000000   0.001609737213
-12.940000000000   0.001613801126
-12.920000000000   0.001617834988
-12.900000000000   0.001621890011
-12.880000000000   0.001626023845
-12.860000000000   0.001630309832
-12.840000000000   0.001634823644
-12.820000000000   0.001639600682
-12.800000000000   0.001644613293
-12.780000000000   0.001649787278
-12.760000000000   0.001655029257
-12.740000000000   0.001660252692
-12.720000000000   0.001665400128
-12.700000000000   0.001670446291
-12.680000000000   0.001675382230
-12.660000000000   0.001680208865
-12.640000000000   0.001684956639
-12.620000000000   0.001689707386
-12.600000000000   0.001694580410
-12.580000000000   0.001699685351
-12.560000000000   0.001705084175
-12.540000000000   0.001710768963
-12.520000000000   0.001716663239
-12.500000000000   0.001722681864
-12.480000000000   0.001728783106
-12.460000000000   0.001734934708
-12.440000000000   0.001741073192
-12.420000000000   0.001747131195
-12.400000000000   0.001753079458
-12.380000000000   0.001758923295
-12.360000000000   0.001764672355
-12.340000000000   0.001770350951
-12.320000000000   0.001776037112
-12.300000000000   0.001781839008
-12.280000000000   0.001787815225
-12.260000000000   0.001793933567
-12.240000000000   0.001800099232
-12.220000000000   0.001806220669
-12.200000000000   0.001812275661
-12.180000000000   0.001818334254
-12.160000000000   0.001824522564
-12.140000000000   0.001830956417
-12.120000000000   0.001837664507
-12.100000000000   0.001844552837
-12.080000000000   0.001851480613
-12.060000000000   0.001858389759
-12.040000000000   0.001865352525
-12.020000000000   0.001872488872
-12.000000000000   0.001879840139
-11.980000000000   0.001887341412
-11.960000000000   0.001894918931
-11.940000000000   0.001902574927
-11.920000000000   0.001910346627
-11.900000000000   0.001918229153
-11.880000000000   0.001926180662
-11.860000000000   0.001934162831
-11.840000000000   0.001942159815
-11.820000000000   0.001950171502
-11.800000000000   0.001958156550
-11.780000000000   0.001965984484
-11.760000000000   0.001973511897
-11.740000000000   0.001980715216
-11.720000000000   0.001987702874
-11.700000000000   0.001994621393
-11.680000000000   0.002001597539
-11.660000000000   0.002008745753
-11.640000000000   0.002016181796
-11.620000000000   0.002024000906
-11.600000000000   0.002032245305
-11.580000000000   0.002040910428
-11.560000000000   0.002049958872
-11.540000000000   0.002059307705
-11.520000000000   0.002068827874
-11.500000000000   0.002078380454
-11.480000000000   0.002087859054
-11.460000000000   0.002097206488
-11.440000000000   0.002106412644
-11.420000000000   0.002115504718
-11.400000000000   0.002124527018
-11.380000000000   0.002133520239
-11.360000000000   0.002142510727
-11.340000000000   0.002151510460
-11.320000000000   0.002160532268
-11.300000000000   0.002169602779
-11.280000000000   0.002178744213
-11.260000000000   0.002187944438
-11.240000000000   0.002197175841
-11.220000000000   0.002206457022
-11.200000000000   0.002215860311
-11.180000000000   0.002225430551
-11.160000000000   0.002235129719
-11.140000000000   0.002244899394
-11.120000000000   0.002254743387
-11.100000000000   0.002264709427
-11.080000000000   0.002274819627
-11.060000000000   0.002285067020
-11.040000000000   0.002295474973
-11.020000000000   0.002306092503
-11.000000000000   0.002316920153
-10.980000000000   0.002327896694
-10.960000000000   0.002338942594
-10.940000000000   0.002349997027
-10.920000000000   0.002361067669
-10.900000000000   0.002372261384
-10.880000000000   0.002383718563
-10.860000000000   0.002395494676
-10.840000000000   0.002407525384
-10.820000000000   0.002419706661
-10.800000000000   0.002431978842
-10.780000000000   0.002444316967
-10.760000000000   0.002456668920
-10.740000000000   0.002468978555
-10.720000000000   0.002481274630
-10.700000000000   0.002493657793
-10.680000000000   0.002506177917
-10.660000000000   0.002518769877
-10.640000000000   0.002531344571
-10.620000000000   0.002543911929
-10.600000000000   0.002556565111
-10.580000000000   0.002569368316
-10.560000000000   0.002582310600
-10.540000000000   0.002595359830
-10.520000000000   0.002608526057
-10.500000000000   0.002621876487
-10.480000000000   0.002635508469
-10.460000000000   0.002649501342
-10.440000000000   0.002663899283
-10.420000000000   0.002678762176
-10.400000000000   0.002694209740
-10.380000000000   0.002710374920
-10.360000000000   0.002727305602
-10.340000000000   0.002744890836
-10.320000000000   0.002762852711
-10.300000000000   0.002780822323
-10.280000000000   0.002798463820
-10.260000000000   0.002815567460
-10.240000000000   0.002832086146
-10.220000000000   0.002848147972
-10.200000000000   0.002864023418
-10.180000000000   0.002880043317
-10.160000000000   0.002896513569
-10.140000000000   0.002913618008
-10.120000000000   0.002931345404
-10.100000000000   0.002949543818
-10.080000000000   0.002968075458
-10.060000000000   0.002986894568
-10.040000000000   0.003005969536
-10.020000000000   0.003025196975
-10.000000000000   0.003044442654
 -9.980000000000   0.003063643561
 -9.960000000000   0.003082874734
 -9.940000000000   0.003102337814
 -9.920000000000   0.003122243915
 -9.900000000000   0.003142673740
 -9.880000000000   0.003163544903
 -9.860000000000   0.003184681376
 -9.840000000000   0.003205908673
 -9.820000000000   0.003227161172
 -9.800000000000   0.003248553460
 -9.780000000000   0.003270301849
 -9.760000000000   0.003292560279
 -9.740000000000   0.003315352573
 -9.720000000000   0.003338607871
 -9.700000000000   0.003362202745
 -9.680000000000   0.003385976614
 -9.660000000000   0.003409757473
 -9.640000000000   0.003433417840
 -9.620000000000   0.003456917798
 -9.600000000000   0.003480307636
 -9.580000000000   0.003503694642
 -9.560000000000   0.003527184416
 -9.540000000000   0.003550840428
 -9.520000000000   0.003574710928
 -9.500000000000   0.003598889793
 -9.480000000000   0.003623529563
 -9.460000000000   0.003648792461
 -9.440000000000   0.003674771568
 -9.420000000000   0.003701437353
 -9.400000000000   0.003728658557
 -9.380000000000   0.003756258320
 -9.360000000000   0.003784073859
 -9.340000000000   0.003812036408
 -9.320000000000   0.003840203821
 -9.300000000000   0.003868698010
 -9.280000000000   0.003897646582
 -9.260000000000   0.003927166257
 -9.240000000000   0.003957311398
 -9.220000000000   0.003988022845
 -9.200000000000   0.004019177049
 -9.180000000000   0.004050736264
 -9.160000000000   0.004082838109
 -9.140000000000   0.004115692496
 -9.120000000000   0.004149413074
 -9.100000000000   0.004183931727
 -9.080000000000   0.004219008820
 -9.060000000000   0.004254370692
 -9.040000000000   0.004289914160
 -9.020000000000   0.004325772481
 -9.000000000000   0.004362183099
 -8.980000000000   0.004399308196
 -8.960000000000   0.004437160507
 -8.940000000000   0.004475659334
 -8.920000000000   0.004514729136
 -8.900000000000   0.004554336813
 -8.880000000000   0.004594454204
 -8.860000000000   0.004635052206
 -8.840000000000   0.004676138831
 -8.820000000000   0.004717760469
 -8.800000000000   0.004759986987
 -8.780000000000   0.004802878766
 -8.760000000000   0.004846405892
 -8.740000000000   0.004890445773
 -8.720000000000   0.004934931715
 -8.700000000000   0.004979963852
 -8.680000000000   0.005025705976
 -8.660000000000   0.005072190725
 -8.640000000000   0.005119287108
 -8.620000000000   0.005166850496
 -8.600000000000   0.005214852070
 -8.580000000000   0.005263340312
 -8.560000000000   0.005312322867
 -8.540000000000   0.005361759077
 -8.520000000000   0.005411640633
 -8.500000000000   0.005462017334
 -8.480000000000   0.005512974193
 -8.460000000000   0.005564639527
 -8.440000000000   0.005617198100
 -8.420000000000   0.005670854936
 -8.400000000000   0.005725765914
 -8.380000000000   0.005781970534
 -8.360000000000   0.005839382443
 -8.340000000000   0.005897867950
 -8.320000000000   0.005957318930
 -8.300000000000   0.006017662342
 -8.280000000000   0.006078845115
 -8.260000000000   0.006140774932
 -8.240000000000   0.006203291905
 -8.220000000000   0.006266304698
 -8.200000000000   0.006329950083
 -8.180000000000   0.006394567677
 -8.160000000000   0.006460493094
 -8.140000000000   0.006527844169
 -8.120000000000   0.006596516037
 -8.100000000000   0.006666363793
 -8.080000000000   0.006737320129
 -8.060000000000   0.006809334068
 -8.040000000000   0.006882249487
 -8.020000000000   0.006955789183
 -8.000000000000   0.007029691169
 -7.980000000000   0.007103863004
 -7.960000000000   0.007178421130
 -7.940000000000   0.007253656800
 -7.920000000000   0.007329985750
 -7.900000000000   0.007407841788
 -7.880000000000   0.007487539273
 -7.860000000000   0.007569183926
 -7.840000000000   0.007652634363
 -7.820000000000   0.007737509654
 -7.800000000000   0.007823275119
 -7.780000000000   0.007909499947
 -7.760000000000   0.007996226031
 -7.740000000000   0.008084059931
 -7.720000000000   0.008173838810
 -7.700000000000   0.008266206217
 -7.680000000000   0.008361359524
 -7.660000000000   0.008458966408
 -7.640000000000   0.008558269261
 -7.620000000000   0.008658425841
 -7.600000000000   0.008758941174
 -7.580000000000   0.008859880034
 -7.560000000000   0.008961678039
 -7.540000000000   0.009064718599
 -7.520000000000   0.009169040681
 -7.500000000000   0.009274377971
 -7.480000000000   0.009380470209
 -7.460000000000   0.009487381665
 -7.440000000000   0.009595548461
 -7.420000000000   0.009705575844
 -7.400000000000   0.009817948272
 -7.380000000000   0.009932781243
 -7.360000000000   0.010049757452
 -7.340000000000   0.010168294270
 -7.320000000000   0.010287868616
 -7.300000000000   0.010408341349
 -7.280000000000   0.010530083421
 -7.260000000000   0.010653771488
 -7.240000000000   0.010779910250
 -7.220000000000   0.010908430391
 -7.200000000000   0.011038765352
 -7.180000000000   0.011170225024
 -7.160000000000   0.011302202264
 -7.140000000000   0.011434283082
 -7.120000000000   0.011566410645
 -7.100000000000   0.011698889076
 -7.080000000000   0.011832178176
 -7.060000000000   0.011966693976
 -7.040000000000   0.012102716658
 -7.020000000000   0.012240368021
 -7.000000000000   0.012379606219
 -6.980000000000   0.012520219128
 -6.960000000000   0.012661953457
 -6.940000000000   0.012804789276
 -6.920000000000   0.012949059406
 -6.900000000000   0.013095282497
 -6.880000000000   0.013243915854
 -6.860000000000   0.013395187110
 -6.840000000000   0.013548992864
 -6.820000000000   0.013704833384
 -6.800000000000   0.013861823147
 -6.780000000000   0.014018936419
 -6.760000000000   0.014175482858
 -6.740000000000   0.014331348413
 -6.720000000000   0.014486654095
 -6.700000000000   0.014641252809
 -6.680000000000   0.014794699911
 -6.660000000000   0.014946648406
 -6.640000000000   0.015097170859
 -6.620000000000   0.015246759809
 -6.600000000000   0.015396058714
 -6.580000000000   0.015545509126
 -6.560000000000   0.015695156263
 -6.540000000000   0.015844696077
 -6.520000000000   0.015993743419
 -6.500000000000   0.016142255519
 -6.480000000000   0.016290598004
 -6.460000000000   0.016439001846
 -6.440000000000   0.016587172272
 -6.420000000000   0.016734541251
 -6.400000000000   0.016880578719
 -6.380000000000   0.017024793728
 -6.360000000000   0.017166846262
 -6.340000000000   0.017306848479
 -6.320000000000   0.017445293262
 -6.300000000000   0.017582570864
 -6.280000000000   0.017718649681
 -6.260000000000   0.017853083539
 -6.240000000000   0.017985182176
 -6.220000000000   0.018114221251
 -6.200000000000   0.018239596059
 -6.180000000000   0.018360923751
 -6.160000000000   0.018478028802
 -6.140000000000   0.018590797439
 -6.120000000000   0.018699086529
 -6.100000000000   0.018802777405
 -6.080000000000   0.018901883173
 -6.060000000000   0.018996551330
 -6.040000000000   0.019086944819
 -6.020000000000   0.019173154491
 -6.000000000000   0.019255165585
 -5.980000000000   0.019332825110
 -5.960000000000   0.019405888446
 -5.940000000000   0.019474169426
 -5.920000000000   0.019537531957
 -5.900000000000   0.019595599791
 -5.880000000000   0.019647621801
 -5.860000000000   0.019692725605
 -5.840000000000   0.019730152755
 -5.820000000000   0.019759344044
 -5.800000000000   0.019780077601
 -5.780000000000   0.019792571309
 -5.760000000000   0.019797354644
 -5.740000000000   0.019794835449
 -5.720000000000   0.019784925106
 -5.700000000000   0.019767233031
 -5.680000000000   0.019741594739
 -5.660000000000   0.019708350472
 -5.640000000000   0.019668217739
 -5.620000000000   0.019621948913
 -5.600000000000   0.019570038271
 -5.580000000000   0.019512684264
 -5.560000000000   0.019450024842
 -5.540000000000   0.019382240953
 -5.520000000000   0.019309240603
 -5.500000000000   0.019230355846
 -5.480000000000   0.019144508041
 -5.460000000000   0.019050674532
 -5.440000000000   0.018948280593
 -5.420000000000   0.018837315767
 -5.400000000000   0.018718156137
 -5.380000000000   0.018591276981
 -5.360000000000   0.018457113746
 -5.340000000000   0.018316128217
 -5.320000000000   0.018168856568
 -5.300000000000   0.018015767943
 -5.280000000000   0.017857016496
 -5.260000000000   0.017692279972
 -5.240000000000   0.017521015669
 -5.220000000000   0.017343070135
 -5.200000000000   0.017158946447
 -5.180000000000   0.016969525737
 -5.160000000000   0.016775771959
 -5.140000000000   0.016578656362
 -5.120000000000   0.016379028128
 -5.100000000000   0.016177326369
 -5.080000000000   0.015973462828
 -5.060000000000   0.015767078229
 -5.040000000000   0.015557882526
 -5.020000000000   0.015345732476
 -5.000000000000   0.015130576745
 -4.980000000000   0.014912520834
 -4.960000000000   0.014691953213
 -4.940000000000   0.014469543217
 -4.920000000000   0.014245995966
 -4.900000000000   0.014021711808
 -4.880000000000   0.013796690577
 -4.860000000000   0.013570755698
 -4.840000000000   0.013343831656
 -4.820000000000   0.013116060447
 -4.800000000000   0.012887874462
 -4.780000000000   0.012660031641
 -4.760000000000   0.012433306498
 -4.740000000000   0.012208033140
 -4.720000000000   0.011984123481
 -4.700000000000   0.011761468184
 -4.680000000000   0.011540167313
 -4.660000000000   0.011320502596
 -4.640000000000   0.011102802467
 -4.620000000000   0.010887259322
 -4.600000000000   0.010673812786
 -4.580000000000   0.010462248458
 -4.560000000000   0.010252470190
 -4.540000000000   0.010044679269
 -4.520000000000   0.009839284829
 -4.500000000000   0.009636648159
 -4.480000000000   0.009436903320
 -4.460000000000   0.009240029378
 -4.440000000000   0.009046100675
 -4.420000000000   0.008855393369
 -4.400000000000   0.008668156285
 -4.380000000000   0.008484312319
 -4.360000000000   0.008303485160
 -4.340000000000   0.008125335152
 -4.320000000000   0.007949815052
 -4.300000000000   0.007777155328
 -4.280000000000   0.007607721912
 -4.260000000000   0.007441841516
 -4.240000000000   0.007279619018
 -4.220000000000   0.007120884030
 -4.200000000000   0.006965360435
 -4.180000000000   0.006812888211
 -4.160000000000   0.006663482926
 -4.140000000000   0.006517249228
 -4.120000000000   0.006374277144
 -4.100000000000   0.006234611507
 -4.080000000000   0.006098281793
 -4.060000000000   0.005965305939
 -4.040000000000   0.005835641437
 -4.020000000000   0.005709136157
 -4.000000000000   0.005585581018
 -3.980000000000   0.005464878668
 -3.960000000000   0.005347153425
 -3.940000000000   0.005232657045
 -3.920000000000   0.005121552217
 -3.900000000000   0.005013780587
 -3.880000000000   0.004909129533
 -3.860000000000   0.004807419668
 -3.840000000000   0.004708598093
 -3.820000000000   0.004612636972
 -3.800000000000   0.004519405186
 -3.780000000000   0.004428686652
 -3.760000000000   0.004340305445
 -3.740000000000   0.004254233773
 -3.720000000000   0.004170589514
 -3.700000000000   0.004089525173
 -3.680000000000   0.004011112146
 -3.660000000000   0.003935299086
 -3.640000000000   0.003861947613
 -3.620000000000   0.003790930721
 -3.600000000000   0.003722237729
 -3.580000000000   0.003655963136
 -3.560000000000   0.003592155206
 -3.540000000000   0.003530705891
 -3.520000000000   0.003471406292
 -3.500000000000   0.003414066794
 -3.480000000000   0.003358576243
 -3.460000000000   0.003304888166
 -3.440000000000   0.003252987513
 -3.420000000000   0.003202891113
 -3.400000000000   0.003154648493
 -3.380000000000   0.003108304452
 -3.360000000000   0.003063864748
 -3.340000000000   0.003021295387
 -3.320000000000   0.002980526374
 -3.300000000000   0.002941432608
 -3.280000000000   0.002903844947
 -3.260000000000   0.002867630205
 -3.240000000000   0.002832753372
 -3.220000000000   0.002799245365
 -3.200000000000   0.002767132121
 -3.180000000000   0.002736405081
 -3.160000000000   0.002707025770
 -3.140000000000   0.002678941598
 -3.120000000000   0.002652107250
 -3.100000000000   0.002626483848
 -3.080000000000   0.002602015707
 -3.060000000000   0.002578614910
 -3.040000000000   0.002556181163
 -3.020000000000   0.002534672210
 -3.000000000000   0.002514163216
 -2.980000000000   0.002494822451
 -2.960000000000   0.002476830816
 -2.940000000000   0.002460291385
 -2.920000000000   0.002445154057
 -2.900000000000   0.002431210590
 -2.880000000000   0.002418196516
 -2.860000000000   0.002405923085
 -2.840000000000   0.002394335384
 -2.820000000000   0.002383509100
 -2.800000000000   0.002373623264
 -2.780000000000   0.002364881322
 -2.760000000000   0.002357388821
 -2.740000000000   0.002351091710
 -2.720000000000   0.002345834983
 -2.700000000000   0.002341470780
 -2.680000000000   0.002337925771
 -2.660000000000   0.002335214921
 -2.640000000000   0.002333423312
 -2.620000000000   0.002332657581
 -2.600000000000   0.002332967660
 -2.580000000000   0.002334290691
 -2.560000000000   0.002336475467
 -2.540000000000   0.002339365931
 -2.520000000000   0.002342895126
 -2.500000000000   0.002347133644
 -2.480000000000   0.002352236409
 -2.460000000000   0.002358332371
 -2.440000000000   0.002365463254
 -2.420000000000   0.002373599394
 -2.400000000000   0.002382676970
 -2.380000000000   0.002392625847
 -2.360000000000   0.002403385533
 -2.340000000000   0.002414908577
 -2.320000000000   0.002427169898
 -2.300000000000   0.002440182100
 -2.280000000000   0.002453992657
 -2.260000000000   0.002468659718
 -2.240000000000   0.002484224027
 -2.220000000000   0.002500693963
 -2.200000000000   0.002518063282
 -2.180000000000   0.002536349510
 -2.160000000000   0.002555609026
 -2.140000000000   0.002575916859
 -2.120000000000   0.002597339672
 -2.100000000000   0.002619935418
 -2.080000000000   0.002643771597
 -2.060000000000   0.002668928510
 -2.040000000000   0.002695480382
 -2.020000000000   0.002723470810
 -2.000000000000   0.002752915906
 -1.980000000000   0.002783837367
 -1.960000000000   0.002816264100
 -1.940000000000   0.002850187217
 -1.920000000000   0.002885539364
 -1.900000000000   0.002922241250
 -1.880000000000   0.002960255390
 -1.860000000000   0.002999587666
 -1.840000000000   0.003040275430
 -1.820000000000   0.003082399708
 -1.800000000000   0.003126086880
 -1.780000000000   0.003171465718
 -1.760000000000   0.003218621718
 -1.740000000000   0.003267616738
 -1.720000000000   0.003318555923
 -1.700000000000   0.003371619513
 -1.680000000000   0.003427034064
 -1.660000000000   0.003485026243
 -1.640000000000   0.003545783848
 -1.620000000000   0.003609435713
 -1.600000000000   0.003676076027
 -1.580000000000   0.003745816125
 -1.560000000000   0.003818810666
 -1.540000000000   0.003895250179
 -1.520000000000   0.003975343491
 -1.500000000000   0.004059286263
 -1.480000000000   0.004147244981
 -1.460000000000   0.004239385444
 -1.440000000000   0.004335902833
 -1.420000000000   0.004437045580
 -1.400000000000   0.004543171632
 -1.380000000000   0.004654786640
 -1.360000000000   0.004772491101
 -1.340000000000   0.004896887829
 -1.320000000000   0.005028542513
 -1.300000000000   0.005167996004
 -1.280000000000   0.005315780796
 -1.260000000000   0.005472442946
 -1.240000000000   0.005638592318
 -1.220000000000   0.005814971463
 -1.200000000000   0.006002474044
 -1.180000000000   0.006202094688
 -1.160000000000   0.006414922291
 -1.140000000000   0.006642202539
 -1.120000000000   0.006885370959
 -1.100000000000   0.007146042330
 -1.080000000000   0.007426029395
 -1.060000000000   0.007727420013
 -1.040000000000   0.008052653307
 -1.020000000000   0.008404540091
 -1.000000000000   0.008786263800
 -0.980000000000   0.009201453255
 -0.960000000000   0.009654325656
 -0.940000000000   0.010149818080
 -0.920000000000   0.010693744803
 -0.900000000000   0.011293024049
 -0.880000000000   0.011955864708
 -0.860000000000   0.012691901430
 -0.840000000000   0.013512465929
 -0.820000000000   0.014431095922
 -0.800000000000   0.015464184706
 -0.780000000000   0.016631690565
 -0.760000000000   0.017957988429
 -0.740000000000   0.019472999720
 -0.720000000000   0.021213680792
 -0.700000000000   0.023225905143
 -0.680000000000   0.025566833235
 -0.660000000000   0.028307906066
 -0.640000000000   0.031538572266
 -0.620000000000   0.035370746504
 -0.600000000000   0.039943603633
 -0.580000000000   0.045427604133
 -0.560000000000   0.052025285102
 -0.540000000000   0.059963858508
 -0.520000000000   0.069470488513
 -0.500000000000   0.080714728944
 -0.480000000000   0.093696968531
 -0.460000000000   0.108069143712
 -0.440000000000   0.122916575802
 -0.420000000000   0.136622794904
 -0.400000000000   0.147036436215
 -0.380000000000   0.152097790900
 -0.360000000000   0.150723207979
 -0.340000000000   0.143351180780
 -0.320000000000   0.131700756728
 -0.300000000000   0.117960212017
 -0.280000000000   0.104021790336
 -0.260000000000   0.091136591505
 -0.240000000000   0.079942759237
 -0.220000000000   0.070651713992
 -0.200000000000   0.063234708897
 -0.180000000000   0.057552922663
 -0.160000000000   0.053433605160
 -0.140000000000   0.050712744651
 -0.120000000000   0.049260824829
 -0.100000000000   0.048999582106
 -0.080000000000   0.049913244999
 -0.060000000000   0.052057018259
 -0.040000000000   0.055564940987
 -0.020000000000   0.060656594423
  0.000000000000   0.067636028817
  0.020000000000   0.076864208960
  0.040000000000   0.088666186528
  0.060000000000   0.103114035362
  0.080000000000   0.119644706118
  0.100000000000   0.136606278870
  0.120000000000   0.151113356001
  0.140000000000   0.159781207117
  0.160000000000   0.160370252678
  0.180000000000   0.153138785706
  0.200000000000   0.140546755363
  0.220000000000   0.125686056613
  0.240000000000   0.110954524614
  0.260000000000   0.097677685056
  0.280000000000   0.086344125007
  0.300000000000   0.076966072131
  0.320000000000   0.069345094222
  0.340000000000   0.063221046124
  0.360000000000   0.058341789512
  0.380000000000   0.054489243621
  0.400000000000   0.051484974854
  0.420000000000   0.049187750855
  0.440000000000   0.047488349492
  0.460000000000   0.046303655410
  0.480000000000   0.045570871439
  0.500000000000   0.045242832335
  0.520000000000   0.045285281580
  0.540000000000   0.045675587161
  0.560000000000   0.046401621472
  0.580000000000   0.047459879966
  0.600000000000   0.048853228596
  0.620000000000   0.050589945008
  0.640000000000   0.052684912466
  0.660000000000   0.055161426381
  0.680000000000   0.058051540713
  0.700000000000   0.061394630431
  0.720000000000   0.065235467445
  0.740000000000   0.069623616983
  0.760000000000   0.074614508205
  0.780000000000   0.080270867741
  0.800000000000   0.086663271576
  0.820000000000   0.093869375516
  0.840000000000   0.101972060904
  0.860000000000   0.111056600848
  0.880000000000   0.121206167113
  0.900000000000   0.132495524593
  0.920000000000   0.144983363756
  0.940000000000   0.158702263925
  0.960000000000   0.173644439608
  0.980000000000   0.189744268009
  1.000000000000   0.206862306152
  1.020000000000   0.224774773356
  1.040000000000   0.243168758815
  1.060000000000   0.261642344165
  1.080000000000   0.279711355209
  1.100000000000   0.296826975222
  1.120000000000   0.312408302673
  1.140000000000   0.325888624887
  1.160000000000   0.336767025561
  1.180000000000   0.344656459920
  1.200000000000   0.349320376476
  1.220000000000   0.350689398829
  1.240000000000   0.348856377745
  1.260000000000   0.344056224479
  1.280000000000   0.336637226071
  1.300000000000   0.327026837164
  1.320000000000   0.315693435548
  1.340000000000   0.303108696727
  1.360000000000   0.289716017641
  1.380000000000   0.275908246119
  1.400000000000   0.262016398377
  1.420000000000   0.248307564357
  1.440000000000   0.234988120062
  1.460000000000   0.222208680280
  1.480000000000   0.210069127978
  1.500000000000   0.198625620297
  1.520000000000   0.187900735498
  1.540000000000   0.177894016898
  1.560000000000   0.168590048761
  1.580000000000   0.159963903109
  1.600000000000   0.151984907843
  1.620000000000   0.144619175471
  1.640000000000   0.137830717472
  1.660000000000   0.131581528279
  1.680000000000   0.125832056017
  1.700000000000   0.120542808313
  1.720000000000   0.115675953133
  1.740000000000   0.111195802547
  1.760000000000   0.107068759925
  1.780000000000   0.103263313481
  1.800000000000   0.099750664753
  1.820000000000   0.096506380381
  1.840000000000   0.093511054257
  1.860000000000   0.090748513046
  1.880000000000   0.088203298827
  1.900000000000   0.085859505401
  1.920000000000   0.083701209242
  1.940000000000   0.081713484321
  1.960000000000   0.079882911227
  1.980000000000   0.078197612317
  2.000000000000   0.076647299781
  2.020000000000   0.075223051171
  2.040000000000   0.073916716745
  2.060000000000   0.072720390789
  2.080000000000   0.071626089172
  2.100000000000   0.070625805402
  2.120000000000   0.069712316317
  2.140000000000   0.068880284664
  2.160000000000   0.068126533009
  2.180000000000   0.067449200935
  2.200000000000   0.066846553213
  2.220000000000   0.066316462533
  2.240000000000   0.065856791434
  2.260000000000   0.065465400894
  2.280000000000   0.065139295942
  2.300000000000   0.064874418462
  2.320000000000   0.064666610971
  2.340000000000   0.064512452890
  2.360000000000   0.064409048478
  2.380000000000   0.064353439201
  2.400000000000   0.064342960779
  2.420000000000   0.064376653539
  2.440000000000   0.064456149703
  2.460000000000   0.064584491150
  2.480000000000   0.064763740268
  2.500000000000   0.064993863753
  2.520000000000   0.065273487618
  2.540000000000   0.065600960688
  2.560000000000   0.065974786984
  2.580000000000   0.066393852534
  2.600000000000   0.066857652316
  2.620000000000   0.067365853939
  2.640000000000   0.067917269452
  2.660000000000   0.068509651342
  2.680000000000   0.069140681822
  2.700000000000   0.069809016614
  2.720000000000   0.070514892273
  2.740000000000   0.071260167781
  2.760000000000   0.072047039902
  2.780000000000   0.072876064895
  2.800000000000   0.073745619612
  2.820000000000   0.074653152164
  2.840000000000   0.075596521355
  2.860000000000   0.076574601328
  2.880000000000   0.077587348846
  2.900000000000   0.078635198144
  2.920000000000   0.079718223533
  2.940000000000   0.080836038898
  2.960000000000   0.081988042513
  2.980000000000   0.083172883151
  3.000000000000   0.084387962990
  3.020000000000   0.085630261458
  3.040000000000   0.086897415689
  3.060000000000   0.088187852104
  3.080000000000   0.089500413748
  3.100000000000   0.090834072300
  3.120000000000   0.092187710839
  3.140000000000   0.093560088481
  3.160000000000   0.094949926768
  3.180000000000   0.096355554467
  3.200000000000   0.097774458114
  3.220000000000   0.099203234492
  3.240000000000   0.100637699427
  3.260000000000   0.102073674988
  3.280000000000   0.103508406062
  3.300000000000   0.104940943454
  3.320000000000   0.106371097189
  3.340000000000   0.107798382970
  3.360000000000   0.109221545426
  3.380000000000   0.110638236068
  3.400000000000   0.112044825643
  3.420000000000   0.113436541701
  3.440000000000   0.114808236665
  3.460000000000   0.116155655833
  3.480000000000   0.117475816016
  3.500000000000   0.118765793894
  3.520000000000   0.120021561886
  3.540000000000   0.121238588857
  3.560000000000   0.122413403657
  3.580000000000   0.123544092335
  3.600000000000   0.124629089473
  3.620000000000   0.125665459978
  3.640000000000   0.126648401042
  3.660000000000   0.127572431369
  3.680000000000   0.128433055075
  3.700000000000   0.129227812432
  3.720000000000   0.129956506675
  3.740000000000   0.130620318468
  3.760000000000   0.131220363797
  3.780000000000   0.131757299559
  3.800000000000   0.132231653331
  3.820000000000   0.132643215973
  3.840000000000   0.132990189272
  3.860000000000   0.133269416552
  3.880000000000   0.133477318443
  3.900000000000   0.133610976570
  3.920000000000   0.133669059647
  3.940000000000   0.133651882191
  3.960000000000   0.133560339757
  3.980000000000   0.133394857327
  4.000000000000   0.133155770227
  4.020000000000   0.132844785266
  4.040000000000   0.132465443911
  4.060000000000   0.132021696598
  4.080000000000   0.131516190874
  4.100000000000   0.130950217318
  4.120000000000   0.130325000690
  4.140000000000   0.129642474718
  4.160000000000   0.128905230388
  4.180000000000   0.128116469969
  4.200000000000   0.127279323093
  4.220000000000   0.126395458167
  4.240000000000   0.125465148801
  4.260000000000   0.124488906106
  4.280000000000   0.123468594653
  4.300000000000   0.122407228218
  4.320000000000   0.121308133858
  4.340000000000   0.120174283258
  4.360000000000   0.119007881053
  4.380000000000   0.117810244305
  4.400000000000   0.116582515243
  4.420000000000   0.115326660225
  4.440000000000   0.114045397575
  4.460000000000   0.112740976853
  4.480000000000   0.111414178479
  4.500000000000   0.110065229336
  4.520000000000   0.108696291928
  4.540000000000   0.107312557946
  4.560000000000   0.105920593622
  4.580000000000   0.104526247681
  4.600000000000   0.103133850199
  4.620000000000   0.101745872105
  4.640000000000   0.100362740840
  4.660000000000   0.098983516827
  4.680000000000   0.097607332479
  4.700000000000   0.096234707176
  4.720000000000   0.094867591215
  4.740000000000   0.093508168326
  4.760000000000   0.092157962837
  4.780000000000   0.090818115593
  4.800000000000   0.089489912256
  4.820000000000   0.088174586978
  4.840000000000   0.086872772185
  4.860000000000   0.085584091639
  4.880000000000   0.084307198116
  4.900000000000   0.083040741930
  4.920000000000   0.081784691723
  4.940000000000   0.080540858753
  4.960000000000   0.079312538414
  4.980000000000   0.078103618119
  5.000000000000   0.076917337602
  5.020000000000   0.075755184233
  5.040000000000   0.074616665423
  5.060000000000   0.073499905178
  5.080000000000   0.072402381467
  5.100000000000   0.071321603754
  5.120000000000   0.070255765534
  5.140000000000   0.069203968228
  5.160000000000   0.068166086010
  5.180000000000   0.067142930936
  5.200000000000   0.066136088108
  5.220000000000   0.065146735623
  5.240000000000   0.064174697429
  5.260000000000   0.063218928702
  5.280000000000   0.062278966998
  5.300000000000   0.061355797583
  5.320000000000   0.060451036591
  5.340000000000   0.059565350450
  5.360000000000   0.058697940578
  5.380000000000   0.057847388392
  5.400000000000   0.057012836497
  5.420000000000   0.056194600862
  5.440000000000   0.055393888696
  5.460000000000   0.054611678245
  5.480000000000   0.053847419855
  5.500000000000   0.053099015058
  5.520000000000   0.052364288153
  5.540000000000   0.051642174346
  5.560000000000   0.050932655498
  5.580000000000   0.050236141254
  5.600000000000   0.049553025492
  5.620000000000   0.048883608684
  5.640000000000   0.048228182633
  5.660000000000   0.047586942022
  5.680000000000   0.046959841949
  5.700000000000   0.046346462395
  5.720000000000   0.045745794898
  5.740000000000   0.045156396656
  5.760000000000   0.044577022147
  5.780000000000   0.044007209443
  5.800000000000   0.043447391458
  5.820000000000   0.042898456021
  5.840000000000   0.042361273103
  5.860000000000   0.041836646150
  5.880000000000   0.041325349771
  5.900000000000   0.040827893328
  5.920000000000   0.040344277314
  5.940000000000   0.039873955581
  5.960000000000   0.039415870063
  5.980000000000   0.038968614083
  6.000000000000   0.038530878233
  6.020000000000   0.038101959224
  6.040000000000   0.037681773969
  6.060000000000   0.037270349218
  6.080000000000   0.036867347475
  6.100000000000   0.036471938956
  6.120000000000   0.036083085125
  6.140000000000   0.035700188552
  6.160000000000   0.035323717450
  6.180000000000   0.034955040766
  6.200000000000   0.034595357458
  6.220000000000   0.034244793358
  6.240000000000   0.033902539916
  6.260000000000   0.033567562178
  6.280000000000   0.033238903947
  6.300000000000   0.032915601186
  6.320000000000   0.032596944209
  6.340000000000   0.032283120392
  6.360000000000   0.031975345809
  6.380000000000   0.031675002064
  6.400000000000   0.031382721508
  6.420000000000   0.031098359734
  6.440000000000   0.030821495884
  6.460000000000   0.030551695477
  6.480000000000   0.030288419066
  6.500000000000   0.030031001210
  6.520000000000   0.029778781408
  6.540000000000   0.029531090569
  6.560000000000   0.029287159041
  6.580000000000   0.029046308328
  6.600000000000   0.028808283458
  6.620000000000   0.028573280219
  6.640000000000   0.028341735878
  6.660000000000   0.028114143808
  6.680000000000   0.027890867153
  6.700000000000   0.027671888905
  6.720000000000   0.027456760212
  6.740000000000   0.027244966537
  6.760000000000   0.027036276135
  6.780000000000   0.026830661954
  6.800000000000   0.026628006963
  6.820000000000   0.026428040292
  6.840000000000   0.026230706394
  6.860000000000   0.026036692234
  6.880000000000   0.025847432412
  6.900000000000   0.025664276669
  6.920000000000   0.025487615720
  6.940000000000   0.025316869564
  6.960000000000   0.025151160252
  6.980000000000   0.024989943431
  7.000000000000   0.024833160638
  7.020000000000   0.024680894839
  7.040000000000   0.024532888996
  7.060000000000   0.024388408400
  7.080000000000   0.024246599109
  7.100000000000   0.024106975546
  7.120000000000   0.023969517583
  7.140000000000   0.023834304648
  7.160000000000   0.023701201544
  7.180000000000   0.023570001099
  7.200000000000   0.023440676149
  7.220000000000   0.023313249792
  7.240000000000   0.023187600868
  7.260000000000   0.023063686601
  7.280000000000   0.022941818833
  7.300000000000   0.022822458411
  7.320000000000   0.022705691435
  7.340000000000   0.022591003350
  7.360000000000   0.022477670923
  7.380000000000   0.022365549989
  7.400000000000   0.022255548805
  7.420000000000   0.022149124190
  7.440000000000   0.022047152730
  7.460000000000   0.021949281424
  7.480000000000   0.021854273793
  7.500000000000   0.021760841393
  7.520000000000   0.021668201689
  7.540000000000   0.021576111307
  7.560000000000   0.021484660507
  7.580000000000   0.021394126873
  7.600000000000   0.021304878412
  7.620000000000   0.021217217631
  7.640000000000   0.021131355220
  7.660000000000   0.021047525855
  7.680000000000   0.020965887640
  7.700000000000   0.020886349666
  7.720000000000   0.020808649792
  7.740000000000   0.020732485526
  7.760000000000   0.020657634480
  7.780000000000   0.020584173937
  7.800000000000   0.020512563927
  7.820000000000   0.020443437362
  7.840000000000   0.020377328939
  7.860000000000   0.020314474506
  7.880000000000   0.020254557607
  7.900000000000   0.020196527362
  7.920000000000   0.020138914840
  7.940000000000   0.020080689592
  7.960000000000   0.020021949044
  7.980000000000   0.019963768963
  8.000000000000   0.019907370048
  8.020000000000   0.019853281749
  8.040000000000   0.019801229475
  8.060000000000   0.019750721786
  8.080000000000   0.019701480550
  8.100000000000   0.019653304746
  8.120000000000   0.019605818110
  8.140000000000   0.019558484037
  8.160000000000   0.019510817012
  8.180000000000   0.019462548669
  8.200000000000   0.019413634595
  8.220000000000   0.019364182843
  8.240000000000   0.019314332206
  8.260000000000   0.019264245955
  8.280000000000   0.019214385324
  8.300000000000   0.019165718281
  8.320000000000   0.019119500344
  8.340000000000   0.019076774453
  8.360000000000   0.019037913778
  8.380000000000   0.019002545681
  8.400000000000   0.018969907614
  8.420000000000   0.018939215070
  8.440000000000   0.018909792027
  8.460000000000   0.018881115744
  8.480000000000   0.018852872767
  8.500000000000   0.018824969532
  8.520000000000   0.018797427072
  8.540000000000   0.018770228033
  8.560000000000   0.018743340165
  8.580000000000   0.018716882757
  8.600000000000   0.018691091250
  8.620000000000   0.018666101618
  8.640000000000   0.018641862318
  8.660000000000   0.018618239163
  8.680000000000   0.018595208204
  8.700000000000   0.018572981881
  8.720000000000   0.018551848934
  8.740000000000   0.018531782482
  8.760000000000   0.018512405025
  8.780000000000   0.018493476951
  8.800000000000   0.018475233897
  8.820000000000   0.018458139194
  8.840000000000   0.018442371143
  8.860000000000   0.018427539104
  8.880000000000   0.018412886015
  8.900000000000   0.018397833229
  8.920000000000   0.018382353772
  8.940000000000   0.018366842107
  8.960000000000   0.018351712164
  8.980000000000   0.018337178401
  9.000000000000   0.018323377618
  9.020000000000   0.018310543516
  9.040000000000   0.018298869388
  9.060000000000   0.018288168316
  9.080000000000   0.018277850154
  9.100000000000   0.018267420893
  9.120000000000   0.018256984285
  9.140000000000   0.018247195952
  9.160000000000   0.018238853921
  9.180000000000   0.018232567743
  9.200000000000   0.018228582405
  9.220000000000   0.018226649182
  9.240000000000   0.018226057378
  9.260000000000   0.018225955986
  9.280000000000   0.018225714918
  9.300000000000   0.018224979746
  9.320000000000   0.018223510359
  9.340000000000   0.018221178523
  9.360000000000   0.018218049402
  9.380000000000   0.018214306846
  9.400000000000   0.018210205409
  9.420000000000   0.018206100067
  9.440000000000   0.018202366306
  9.460000000000   0.018199219952
  9.480000000000   0.018196627259
  9.500000000000   0.018194446356
  9.520000000000   0.018192706677
  9.540000000000   0.018191765868
  9.560000000000   0.018192190137
  9.580000000000   0.018194434585
  9.600000000000   0.018198560706
  9.620000000000   0.018204213270
  9.640000000000   0.018210794259
  9.660000000000   0.018217669328
  9.680000000000   0.018224430877
  9.700000000000   0.018231049830
  9.720000000000   0.018237780660
  9.740000000000   0.018244963656
  9.760000000000   0.018252828123
  9.780000000000   0.018261443625
  9.800000000000   0.018270803493
  9.820000000000   0.018280801015
  9.840000000000   0.018291132578
  9.860000000000   0.018301363024
  9.880000000000   0.018311169100
  9.900000000000   0.018320573922
  9.920000000000   0.018329990519
  9.940000000000   0.018340061334
  9.960000000000   0.018351416158
  9.980000000000   0.018364425739
 10.000000000000   0.018378973750
 10.020000000000   0.018394414775
 10.040000000000   0.018409933170
 10.060000000000   0.018425041913
 10.080000000000   0.018439691673
 10.100000000000   0.018454003073
 10.120000000000   0.018468116844
 10.140000000000   0.018482292820
 10.160000000000   0.018496880834
 10.180000000000   0.018512044627
 10.200000000000   0.018527593964
 10.220000000000   0.018543225045
 10.240000000000   0.018558966684
 10.260000000000   0.018575313196
 10.280000000000   0.018592905694
 10.300000000000   0.018612126222
 10.320000000000   0.018633014208
 10.340000000000   0.018655430948
 10.360000000000   0.018679089223
 10.380000000000   0.018703470749
 10.400000000000   0.018727944812
 10.420000000000   0.018752052471
 10.440000000000   0.018775688791
 10.460000000000   0.018799057257
 10.480000000000   0.018822347476
 10.500000000000   0.018845342542
 10.520000000000   0.018867419184
 10.540000000000   0.018888029333
 10.560000000000   0.018907187178
 10.580000000000   0.018925595532
 10.600000000000   0.018944401152
 10.620000000000   0.018964692676
 10.640000000000   0.018986977712
 10.660000000000   0.019010961843
 10.680000000000   0.019035786986
 10.700000000000   0.019060532782
 10.720000000000   0.019084616136
 10.740000000000   0.019107901482
 10.760000000000   0.019130536219
 10.780000000000   0.019152673838
 10.800000000000   0.019174413760
 10.820000000000   0.019196028560
 10.840000000000   0.019218066167
 10.860000000000   0.019241134075
 10.880000000000   0.019265619406
 10.900000000000   0.019291571870
 10.920000000000   0.019318772967
 10.940000000000   0.019346791405
 10.960000000000   0.019374948259
 10.980000000000   0.019402442084
 11.000000000000   0.019428730353
 11.020000000000   0.019453835485
 11.040000000000   0.019478233643
 11.060000000000   0.019502408708
 11.080000000000   0.019526553959
 11.100000000000   0.019550670558
 11.120000000000   0.019574712838
 11.140000000000   0.019598582391
 11.160000000000   0.019622263416
 11.180000000000   0.019646103247
 11.200000000000   0.019670826611
 11.220000000000   0.019697190065
 11.240000000000   0.019725621799
 11.260000000000   0.019756105573
 11.280000000000   0.019788284133
 11.300000000000   0.019821666170
 11.320000000000   0.019855772461
 11.340000000000   0.019890078543
 11.360000000000   0.019923972668
 11.380000000000   0.019957095596
 11.400000000000   0.019989741244
 11.420000000000   0.020022692063
 11.440000000000   0.020056617652
 11.460000000000   0.020091611594
 11.480000000000   0.020127107157
 11.500000000000   0.020162178751
 11.520000000000   0.020196069408
 11.540000000000   0.020228512958
 11.560000000000   0.020259658714
 11.580000000000   0.020289928338
 11.600000000000   0.020319945900
 11.620000000000   0.020350315929
 11.640000000000   0.020381346219
 11.660000000000   0.020412950092
 11.680000000000   0.020444727877
 11.700000000000   0.020476167027
 11.720000000000   0.020506925100
 11.740000000000   0.020537057275
 11.760000000000   0.020566952982
 11.780000000000   0.020597081115
 11.800000000000   0.020627895000
 11.820000000000   0.020659851078
 11.840000000000   0.020693214092
 11.860000000000   0.020727780743
 11.880000000000   0.020762967275
 11.900000000000   0.020798224195
 11.920000000000   0.020833315496
 11.940000000000   0.020868225136
 11.960000000000   0.020902910915
 11.980000000000   0.020937221831
 12.000000000000   0.020970979269
 12.020000000000   0.021004053239
 12.040000000000   0.021036300132
 12.060000000000   0.021067418103
 12.080000000000   0.021097067833
 12.100000000000   0.021125325264
 12.120000000000   0.021152925696
 12.140000000000   0.021180958005
 12.160000000000   0.021210339021
 12.180000000000   0.021241480830
 12.200000000000   0.021274270285
 12.220000000000   0.021308236881
 12.240000000000   0.021342716309
 12.260000000000   0.021377007532
 12.280000000000   0.021410612504
 12.300000000000   0.021443500018
 12.320000000000   0.021476117310
 12.340000000000   0.021508976000
 12.360000000000   0.021542171020
 12.380000000000   0.021575379254
 12.400000000000   0.021608287589
 12.420000000000   0.021640873032
 12.440000000000   0.021673203051
 12.460000000000   0.021705089841
 12.480000000000   0.021736023648
 12.500000000000   0.021765475867
 12.520000000000   0.021793352392
 12.540000000000   0.021820157364
 12.560000000000   0.021846731171
 12.580000000000   0.021873879903
 12.600000000000   0.021902162815
 12.620000000000   0.021931886088
 12.640000000000   0.021963255685
 12.660000000000   0.021996543889
 12.680000000000   0.022032131494
 12.700000000000   0.022070333916
 12.720000000000   0.022110946142
 12.740000000000   0.022152832879
 12.760000000000   0.022194193039
 12.780000000000   0.022233430925
 12.800000000000   0.022269807609
 12.820000000000   0.022303452949
 12.840000000000   0.022335005221
 12.860000000000   0.022365206416
 12.880000000000   0.022394583910
 12.900000000000   0.022423354818
 12.920000000000   0.022451596621
 12.940000000000   0.022479441785
 12.960000000000   0.022507128168
 12.980000000000   0.022534954565
 13.000000000000   0.022563181337
 13.020000000000   0.022591854112
 13.040000000000   0.022620766538
 13.060000000000   0.022649883961
 13.080000000000   0.022679732869
 13.100000000000   0.022710915720
 13.120000000000   0.022743250466
 13.140000000000   0.022775712817
 13.160000000000   0.022807190001
 13.180000000000   0.022837202878
 13.200000000000   0.022866005944
 13.220000000000   0.022894088356
 13.240000000000   0.022921726551
 13.260000000000   0.022949008893
 13.280000000000   0.022975928895
 13.300000000000   0.023002239544
 13.320000000000   0.023027480421
 13.340000000000   0.023051451521
 13.360000000000   0.023074602441
 13.380000000000   0.023097879147
 13.400000000000   0.023122206491
 13.420000000000   0.023148025045
 13.440000000000   0.023175292957
 13.460000000000   0.023203772617
 13.480000000000   0.023233073500
 13.500000000000   0.023262546870
 13.520000000000   0.023291436910
 13.540000000000   0.023319229100
 13.560000000000   0.023345897494
 13.580000000000   0.023371918313
 13.600000000000   0.023397938212
 13.620000000000   0.023424170744
 13.640000000000   0.023450094186
 13.660000000000   0.023474964737
 13.680000000000   0.023498672499
 13.700000000000   0.023521964372
 13.720000000000   0.023545842016
 13.740000000000   0.023570837375
 13.760000000000   0.023596774145
 13.780000000000   0.023622928904
 13.800000000000   0.023648398898
 13.820000000000   0.023672563821
 13.840000000000   0.023695266215
 13.860000000000   0.023716612855
 13.880000000000   0.023736741682
 13.900000000000   0.023755661690
 13.920000000000   0.023773261693
 13.940000000000   0.023789629787
 13.960000000000   0.023805261440
 13.980000000000   0.023820876372
 14.000000000000   0.023837204389
 14.020000000000   0.023854785469
 14.040000000000   0.023873573787
 14.060000000000   0.023892711403
 14.080000000000   0.023910921220
 14.100000000000   0.023927313490
 14.120000000000   0.023941880419
 14.140000000000   0.023955246773
 14.160000000000   0.023967992875
 14.180000000000   0.023980216022
 14.200000000000   0.023991585783
 14.220000000000   0.024001534567
 14.240000000000   0.024009458517
 14.260000000000   0.024015034129
 14.280000000000   0.024018282856
 14.300000000000   0.024019286714
 14.320000000000   0.024018086562
 14.340000000000   0.024014900571
 14.360000000000   0.024010170825
 14.380000000000   0.024004174381
 14.400000000000   0.023996659202
 14.420000000000   0.023986964579
 14.440000000000   0.023974317822
 14.460000000000   0.023957972198
 14.480000000000   0.023937401233
 14.500000000000   0.023912509781
 14.520000000000   0.023883445888
 14.540000000000   0.023850055452
 14.560000000000   0.023811522424
 14.580000000000   0.023766420001
 14.600000000000   0.023712874475
 14.620000000000   0.023648730229
 14.640000000000   0.023571939450
 14.660000000000   0.023480874868
 14.680000000000   0.023374027844
 14.700000000000   0.023249382273
 14.720000000000   0.023104091915
 14.740000000000   0.022934357585
 14.760000000000   0.022735260188
 14.780000000000   0.022500496745
 14.800000000000   0.022221748977
 14.820000000000   0.021888024224
 14.840000000000   0.021485329971
 14.860000000000   0.020996029136
 14.880000000000   0.020397660325
 14.900000000000   0.019662152805
 14.920000000000   0.018756787394
 14.940000000000   0.017649496692
 14.960000000000   0.016322523837
 14.980000000000   0.014794982963
 15.000000000000   0.013141915141
