        0.02000000         2.01811019        -0.00181042         0.00012749         0.00001037
        0.06000000         2.00812246        -0.00571504         0.00012631         0.00000704
        0.10000000         2.00744139        -0.00813337         0.00012669         0.00000627
        0.14000000         2.00748811        -0.01085937         0.00012683         0.00000575
        0.18000000         2.00772496        -0.01372502         0.00012691         0.00000534
        0.22000000         2.00804868        -0.01665476         0.00012698         0.00000496
        0.26000000         2.00843286        -0.01961167         0.00012704         0.00000459
        0.30000000         2.00887084        -0.02257644         0.00012708         0.00000425
        0.34000000         2.00936144        -0.02553836         0.00012712         0.00000395
        0.38000000         2.00990487        -0.02849096         0.00012715         0.00000367
        0.42000000         2.01050148        -0.03142995         0.00012717         0.00000342
        0.46000000         2.01115144        -0.03435219         0.00012719         0.00000320
        0.50000000         2.01185466        -0.03725517         0.00012721         0.00000300
        0.54000000         2.01261083        -0.04013674         0.00012722         0.00000283
        0.58000000         2.01341943        -0.04299497         0.00012723         0.00000267
        0.62000000         2.01427978        -0.04582808         0.00012724         0.00000253
        0.66000000         2.01519104        -0.04863441         0.00012725         0.00000240
        0.70000000         2.01615227        -0.05141237         0.00012726         0.00000228
        0.74000000         2.01716240        -0.05416047         0.00012726         0.00000218
        0.78000000         2.01822028        -0.05687729         0.00012727         0.00000208
        0.82000000         2.01932467        -0.05956149         0.00012728         0.00000199
        0.86000000         2.02047426        -0.06221180         0.00012728         0.00000192
        0.90000000         2.02166769        -0.06482705         0.00012728         0.00000184
        0.94000000         2.02290352        -0.06740614         0.00012729         0.00000177
        0.98000000         2.02418029        -0.06994804         0.00012729         0.00000171
        1.02000000         2.02549649        -0.07245183         0.00012729         0.00000165
        1.06000000         2.02685060        -0.07491666         0.00012730         0.00000160
        1.10000000         2.02824104        -0.07734176         0.00012730         0.00000155
        1.14000000         2.02966625        -0.07972646         0.00012730         0.00000151
        1.18000000         2.03112465        -0.08207015         0.00012730         0.00000146
        1.22000000         2.03261466        -0.08437233         0.00012731         0.00000142
        1.26000000         2.03413469        -0.08663256         0.00012731         0.00000139
        1.30000000         2.03568317        -0.08885048         0.00012731         0.00000135
        1.34000000         2.03725854        -0.09102580         0.00012731         0.00000132
        1.38000000         2.03885926        -0.09315831         0.00012731         0.00000129
        1.42000000         2.04048380        -0.09524787         0.00012731         0.00000126
        1.46000000         2.04213068        -0.09729440         0.00012731         0.00000123
        1.50000000         2.04379841        -0.09929787         0.00012731         0.00000120
        1.54000000         2.04548556        -0.10125834         0.00012731         0.00000118
        1.58000000         2.04719072        -0.10317588         0.00012731         0.00000116
        1.62000000         2.04891251        -0.10505066         0.00012731         0.00000113
        1.66000000         2.05064959        -0.10688287         0.00012731         0.00000111
        1.70000000         2.05240066        -0.10867273         0.00012731         0.00000109
        1.74000000         2.05416446        -0.11042055         0.00012730         0.00000108
        1.78000000         2.05593976        -0.11212663         0.00012730         0.00000106
        1.82000000         2.05772537        -0.11379132         0.00012730         0.00000104
        1.86000000         2.05952015        -0.11541503         0.00012730         0.00000102
        1.90000000         2.06132299        -0.11699816         0.00012729         0.00000101
        1.94000000         2.06313281        -0.11854115         0.00012729         0.00000099
        1.98000000         2.06494859        -0.12004448         0.00012729         0.00000098
        2.02000000         2.06676934        -0.12150864         0.00012728         0.00000097
        2.06000000         2.06859411        -0.12293412         0.00012728         0.00000095
        2.10000000         2.07042199        -0.12432147         0.00012727         0.00000094
        2.14000000         2.07225209        -0.12567121         0.00012727         0.00000093
        2.18000000         2.07408359        -0.12698391         0.00012726         0.00000092
        2.22000000         2.07591568        -0.12826013         0.00012726         0.00000091
        2.26000000         2.07774759        -0.12950045         0.00012725         0.00000090
        2.30000000         2.07957860        -0.13070544         0.00012725         0.00000089
        2.34000000         2.08140800        -0.13187571         0.00012724         0.00000088
        2.38000000         2.08323514        -0.13301184         0.00012724         0.00000087
        2.42000000         2.08505937        -0.13411442         0.00012723         0.00000086
        2.46000000         2.08688010        -0.13518408         0.00012722         0.00000085
        2.50000000         2.08869675        -0.13622140         0.00012722         0.00000084
        2.54000000         2.09050879        -0.13722698         0.00012721         0.00000083
        2.58000000         2.09231570        -0.13820144         0.00012720         0.00000082
        2.62000000         2.09411699        -0.13914537         0.00012719         0.00000081
        2.66000000         2.09591220        -0.14005937         0.00012719         0.00000081
        2.70000000         2.09770091        -0.14094404         0.00012718         0.00000080
        2.74000000         2.09948269        -0.14179996         0.00012717         0.00000079
        2.78000000         2.10125717        -0.14262773         0.00012717         0.00000078
        2.82000000         2.10302398        -0.14342792         0.00012716         0.00000077
        2.86000000         2.10478278        -0.14420112         0.00012715         0.00000077
        2.90000000         2.10653326        -0.14494790         0.00012714         0.00000076
        2.94000000         2.10827510        -0.14566881         0.00012713         0.00000075
        2.98000000         2.11000804        -0.14636442         0.00012713         0.00000075
        3.02000000         2.11173180        -0.14703528         0.00012712         0.00000074
        3.06000000         2.11344616        -0.14768193         0.00012711         0.00000073
        3.10000000         2.11515087        -0.14830492         0.00012710         0.00000072
        3.14000000         2.11684574        -0.14890475         0.00012709         0.00000072
        3.18000000         2.11853056        -0.14948197         0.00012708         0.00000071
        3.22000000         2.12020516        -0.15003708         0.00012708         0.00000070
        3.26000000         2.12186938        -0.15057058         0.00012707         0.00000070
        3.30000000         2.12352306        -0.15108297         0.00012706         0.00000069
        3.34000000         2.12516607        -0.15157474         0.00012705         0.00000068
        3.38000000         2.12679827        -0.15204636         0.00012704         0.00000068
        3.42000000         2.12841957        -0.15249831         0.00012704         0.00000067
        3.46000000         2.13002985        -0.15293105         0.00012703         0.00000066
        3.50000000         2.13162903        -0.15334503         0.00012702         0.00000066
        3.54000000         2.13321702        -0.15374070         0.00012701         0.00000065
        3.58000000         2.13479375        -0.15411849         0.00012701         0.00000064
        3.62000000         2.13635917        -0.15447883         0.00012700         0.00000064
        3.66000000         2.13791322        -0.15482213         0.00012699         0.00000063
        3.70000000         2.13945586        -0.15514882         0.00012698         0.00000062
        3.74000000         2.14098705        -0.15545929         0.00012698         0.00000061
        3.78000000         2.14250676        -0.15575393         0.00012697         0.00000061
        3.82000000         2.14401497        -0.15603314         0.00012696         0.00000060
        3.86000000         2.14551167        -0.15629728         0.00012695         0.00000059
        3.90000000         2.14699684        -0.15654673         0.00012695         0.00000059
        3.94000000         2.14847050        -0.15678186         0.00012694         0.00000058
        3.98000000         2.14993263        -0.15700300         0.00012693         0.00000058
        4.02000000         2.15138326        -0.15721052         0.00012693         0.00000057
        4.06000000         2.15282239        -0.15740475         0.00012692         0.00000056
        4.10000000         2.15425005        -0.15758601         0.00012691         0.00000056
        4.14000000         2.15566626        -0.15775464         0.00012691         0.00000055
        4.18000000         2.15707105        -0.15791095         0.00012690         0.00000054
        4.22000000         2.15846445        -0.15805525         0.00012690         0.00000054
        4.26000000         2.15984649        -0.15818783         0.00012689         0.00000053
        4.30000000         2.16121722        -0.15830901         0.00012688         0.00000052
        4.34000000         2.16257669        -0.15841906         0.00012688         0.00000052
        4.38000000         2.16392493        -0.15851827         0.00012687         0.00000051
        4.42000000         2.16526199        -0.15860691         0.00012687         0.00000051
        4.46000000         2.16658794        -0.15868525         0.00012686         0.00000050
        4.50000000         2.16790282        -0.15875355         0.00012686         0.00000050
        4.54000000         2.16920669        -0.15881208         0.00012685         0.00000049
        4.58000000         2.17049961        -0.15886108         0.00012685         0.00000048
        4.62000000         2.17178164        -0.15890079         0.00012685         0.00000048
        4.66000000         2.17305285        -0.15893146         0.00012684         0.00000047
        4.70000000         2.17431330        -0.15895332         0.00012684         0.00000047
        4.74000000         2.17556306        -0.15896659         0.00012683         0.00000046
        4.78000000         2.17680220        -0.15897150         0.00012683         0.00000046
        4.82000000         2.17803078        -0.15896827         0.00012683         0.00000045
        4.86000000         2.17924888        -0.15895711         0.00012682         0.00000045
        4.90000000         2.18045657        -0.15893822         0.00012682         0.00000045
        4.94000000         2.18165392        -0.15891180         0.00012682         0.00000044
        4.98000000         2.18284101        -0.15887806         0.00012681         0.00000044
        5.02000000         2.18401791        -0.15883719         0.00012681         0.00000043
        5.06000000         2.18518470        -0.15878937         0.00012681         0.00000043
        5.10000000         2.18634146        -0.15873478         0.00012680         0.00000043
        5.14000000         2.18748826        -0.15867361         0.00012680         0.00000042
        5.18000000         2.18862518        -0.15860603         0.00012680         0.00000042
        5.22000000         2.18975229        -0.15853221         0.00012680         0.00000042
        5.26000000         2.19086969        -0.15845231         0.00012680         0.00000042
        5.30000000         2.19197744        -0.15836651         0.00012679         0.00000041
        5.34000000         2.19307563        -0.15827495         0.00012679         0.00000041
        5.38000000         2.19416433        -0.15817779         0.00012679         0.00000041
        5.42000000         2.19524362        -0.15807518         0.00012679         0.00000041
        5.46000000         2.19631359        -0.15796727         0.00012679         0.00000041
        5.50000000         2.19737431        -0.15785420         0.00012679         0.00000040
        5.54000000         2.19842586        -0.15773612         0.00012679         0.00000040
        5.58000000         2.19946833        -0.15761315         0.00012679         0.00000040
        5.62000000         2.20050178        -0.15748544         0.00012678         0.00000040
        5.66000000         2.20152631        -0.15735310         0.00012678         0.00000040
        5.70000000         2.20254199        -0.15721628         0.00012678         0.00000040
        5.74000000         2.20354890        -0.15707509         0.00012678         0.00000040
        5.78000000         2.20454711        -0.15692965         0.00012678         0.00000040
        5.82000000         2.20553672        -0.15678009         0.00012678         0.00000040
        5.86000000         2.20651778        -0.15662651         0.00012678         0.00000040
        5.90000000         2.20749039        -0.15646903         0.00012678         0.00000040
        5.94000000         2.20845462        -0.15630776         0.00012678         0.00000040
        5.98000000         2.20941055        -0.15614281         0.00012678         0.00000040
        6.02000000         2.21035825        -0.15597428         0.00012678         0.00000040
        6.06000000         2.21129780        -0.15580227         0.00012678         0.00000041
        6.10000000         2.21222928        -0.15562688         0.00012679         0.00000041
        6.14000000         2.21315275        -0.15544821         0.00012679         0.00000041
        6.18000000         2.21406831        -0.15526635         0.00012679         0.00000041
        6.22000000         2.21497602        -0.15508140         0.00012679         0.00000041
        6.26000000         2.21587595        -0.15489345         0.00012679         0.00000041
        6.30000000         2.21676818        -0.15470258         0.00012679         0.00000042
        6.34000000         2.21765278        -0.15450888         0.00012679         0.00000042
        6.38000000         2.21852983        -0.15431243         0.00012679         0.00000042
        6.42000000         2.21939940        -0.15411333         0.00012679         0.00000042
        6.46000000         2.22026155        -0.15391163         0.00012680         0.00000043
        6.50000000         2.22111636        -0.15370743         0.00012680         0.00000043
        6.54000000         2.22196390        -0.15350081         0.00012680         0.00000043
        6.58000000         2.22280424        -0.15329182         0.00012680         0.00000043
        6.62000000         2.22363745        -0.15308056         0.00012680         0.00000044
        6.66000000         2.22446360        -0.15286708         0.00012680         0.00000044
        6.70000000         2.22528275        -0.15265146         0.00012681         0.00000044
        6.74000000         2.22609498        -0.15243376         0.00012681         0.00000045
        6.78000000         2.22690034        -0.15221405         0.00012681         0.00000045
        6.82000000         2.22769891        -0.15199240         0.00012681         0.00000045
        6.86000000         2.22849076        -0.15176887         0.00012682         0.00000046
        6.90000000         2.22927594        -0.15154352         0.00012682         0.00000046
        6.94000000         2.23005452        -0.15131640         0.00012682         0.00000046
        6.98000000         2.23082657        -0.15108758         0.00012682         0.00000047
        7.02000000         2.23159215        -0.15085712         0.00012683         0.00000047
        7.06000000         2.23235132        -0.15062506         0.00012683         0.00000047
        7.10000000         2.23310415        -0.15039147         0.00012683         0.00000048
        7.14000000         2.23385069        -0.15015640         0.00012683         0.00000048
        7.18000000         2.23459101        -0.14991990         0.00012684         0.00000048
        7.22000000         2.23532517        -0.14968202         0.00012684         0.00000049
        7.26000000         2.23605322        -0.14944281         0.00012684         0.00000049
        7.30000000         2.23677524        -0.14920231         0.00012685         0.00000049
        7.34000000         2.23749127        -0.14896058         0.00012685         0.00000050
        7.38000000         2.23820137        -0.14871766         0.00012685         0.00000050
        7.42000000         2.23890561        -0.14847360         0.00012685         0.00000050
        7.46000000         2.23960403        -0.14822843         0.00012686         0.00000051
        7.50000000         2.24029670        -0.14798221         0.00012686         0.00000051
        7.54000000         2.24098368        -0.14773497         0.00012686         0.00000052
        7.58000000         2.24166501        -0.14748676         0.00012687         0.00000052
        7.62000000         2.24234075        -0.14723761         0.00012687         0.00000052
        7.66000000         2.24301095        -0.14698757         0.00012687         0.00000053
        7.70000000         2.24367568        -0.14673667         0.00012688         0.00000053
        7.74000000         2.24433498        -0.14648495         0.00012688         0.00000053
        7.78000000         2.24498891        -0.14623244         0.00012689         0.00000054
        7.82000000         2.24563751        -0.14597918         0.00012689         0.00000054
        7.86000000         2.24628084        -0.14572521         0.00012689         0.00000054
        7.90000000         2.24691895        -0.14547056         0.00012690         0.00000055
        7.94000000         2.24755189        -0.14521526         0.00012690         0.00000055
        7.98000000         2.24817972        -0.14495934         0.00012690         0.00000055
